1.000000000000000000e+00 2.677833552316651088e-04
9.915803686659185878e-01 1.307422905043569743e-03
9.831565961715648116e-01 2.328497984396260805e-03
9.747287254206387086e-01 3.331366987901327684e-03
9.662967995577677049e-01 4.316388828188316533e-03
9.578608587745059966e-01 5.283923302549029498e-03
9.494209274803486753e-01 6.234332495066926237e-03
9.409770716958558712e-01 7.167974331654420640e-03
9.325293354547471436e-01 8.085209842516373827e-03
9.240777629924652459e-01 8.986400596695170995e-03
9.156223890114704167e-01 9.871909715202546384e-03
9.071632512427043604e-01 1.074210050365511510e-02
8.987004109297109800e-01 1.159733443271709907e-02
8.902339130445081627e-01 1.243797526268352639e-02
8.817638027244296683e-01 1.326438730868890158e-02
8.732901056060012879e-01 1.407693731235981106e-02
8.648128793682513527e-01 1.487598946840309501e-02
8.563321768756723129e-01 1.566190907166697607e-02
8.478480438620008552e-01 1.643506268499037026e-02
8.393605208563927889e-01 1.719581791271653642e-02
8.308696368619979955e-01 1.794454391699966747e-02
8.223754601653798790e-01 1.868160696708895396e-02
8.138780369945994853e-01 1.940737590907477828e-02
8.053774136861497901e-01 2.012222016385163334e-02
7.968736153023280311e-01 2.082651148600231719e-02
7.883667027521623627e-01 2.152061920969909267e-02
7.798567295224287932e-01 2.220491392115679988e-02
7.713437423305503637e-01 2.287976735997120092e-02
7.628277760678618957e-01 2.354555277305522484e-02
7.543088724789498434e-01 2.420264342332481555e-02
7.457870954085522586e-01 2.485141147590843452e-02
7.372624918761233603e-01 2.549223101250598644e-02
7.287352339791954847e-01 2.612546546024935648e-02
7.202070548531593897e-01 2.675121662091780803e-02
7.116785712459755553e-01 2.736942474914287604e-02
7.031497868614894342e-01 2.798005234453114151e-02
6.946207054013808779e-01 2.858306191269712956e-02
6.860913332697675671e-01 2.917841577769483483e-02
6.775616716457876221e-01 2.976607663684123148e-02
6.690317240372817276e-01 3.034600702692837396e-02
6.605014941368185788e-01 3.091816947759674916e-02
6.519709876728320141e-01 3.148252639056389746e-02
6.434402071438325432e-01 3.203904039011425814e-02
6.349091553855101822e-01 3.258767408045851882e-02
6.263778360806927514e-01 3.312839001517318277e-02
6.178462542592562112e-01 3.366115067015030410e-02
6.093144137825344808e-01 3.418591860347873490e-02
6.007823167915699036e-01 3.470265648313724388e-02
5.922499669588074944e-01 3.521132688652735959e-02
5.837173685929520905e-01 3.571189235979896348e-02
5.751845269610345035e-01 3.620431540246809438e-02
5.666514434872350625e-01 3.668855874220753460e-02
5.581181218329649418e-01 3.716458498011045858e-02
5.495845656567958093e-01 3.763235672315982938e-02
5.410507813936298316e-01 3.809183643593509055e-02
5.325167700089205036e-01 3.854298688608334689e-02
5.239825350590465725e-01 3.898577070330339761e-02
5.154480801907161958e-01 3.942015051807009479e-02
5.069134110675115323e-01 3.984608886688880552e-02
4.983785301552497438e-01 4.026354845480720895e-02
4.898434402444166169e-01 4.067249197249011433e-02
4.813081449691816727e-01 4.107288207371592725e-02
4.727726491998430203e-01 4.146468136178480673e-02
4.642369569439709909e-01 4.184785248894054566e-02
4.557019379853027852e-01 4.222228958518751962e-02
4.471702833162047863e-01 4.258743748210261360e-02
4.386422601223383122e-01 4.294260335133598394e-02
4.301178968386522583e-01 4.328710255858724681e-02
4.215971382109012788e-01 4.362025584629410091e-02
4.130799743685271697e-01 4.394138398426291475e-02
4.045663954134987583e-01 4.424980968094288647e-02
3.960564243838215481e-01 4.454485646032983054e-02
3.875500344328179914e-01 4.482585159746507036e-02
3.790471988099033407e-01 4.509212417894296887e-02
3.705479072891089687e-01 4.534300461384890152e-02
3.620521502306101591e-01 4.557782519727696102e-02
3.535599629012173839e-01 4.579591901568086376e-02
3.450712875491433462e-01 4.599662352387950265e-02
3.365861132251105059e-01 4.617927671297629433e-02
3.281044287320636355e-01 4.634321844561560544e-02
3.196262299599208490e-01 4.648779032914985426e-02
3.111536687029425319e-01 4.661221280022748159e-02
3.026911014384157661e-01 4.671499249987556140e-02
2.942387967391490999e-01 4.679439602340994958e-02
2.857968575268177158e-01 4.684870393563724672e-02
2.773653858190770483e-01 4.687620977529052824e-02
2.689445682724445064e-01 4.687522011099470864e-02
2.605344325778895520e-01 4.684405465972048266e-02
2.521350587545653221e-01 4.678104527971119891e-02
2.437465421033102875e-01 4.668453630718089747e-02
2.353689754099767273e-01 4.655288444480866483e-02
2.270024485878367193e-01 4.638445860914665320e-02
2.186470904073933297e-01 4.617764090534431237e-02
2.103029807102670956e-01 4.593082467796506807e-02
2.019701562663280825e-01 4.564241346321710330e-02
1.936486916668644642e-01 4.531082317339416021e-02
1.853386566995181006e-01 4.493448090441094084e-02
1.770490157886370208e-01 4.451190398514836416e-02
1.687960157590747412e-01 4.403952125786861349e-02
1.605811208326622663e-01 4.351210715748747571e-02
1.524050178439063097e-01 4.292453144396914805e-02
1.442683617441941346e-01 4.227179505508816409e-02
1.361717859773683148e-01 4.154902685536923657e-02
1.281158486031392929e-01 4.075147428801638438e-02
1.201010277926375519e-01 3.987449628004010455e-02
1.121347534156664494e-01 3.891414138597201755e-02
1.042339947929154659e-01 3.786577369525335329e-02
9.640113313116550897e-02 3.672237795230103713e-02
8.863778629378177287e-02 3.547715425944607953e-02
8.094539227914340773e-02 3.412357182565083080e-02
7.332518824651337863e-02 3.265534202327271401e-02
6.577819260621652064e-02 3.106638836529221348e-02
5.830519077421237456e-02 2.935081330498945373e-02
5.098105842415293076e-02 2.751953188326159566e-02
4.402758779346169909e-02 2.560093206934370771e-02
3.744645810415354881e-02 2.356407813456000769e-02
3.122156898181105422e-02 2.138277217731563914e-02
2.533417439643728675e-02 1.903647055352734180e-02
1.975964464808168536e-02 1.650591032736404423e-02
1.447494970739327154e-02 1.377344288570729949e-02
9.471301844750272883e-03 1.082946365034233652e-02
5.875370651306897722e-03 8.411255265336597606e-03
3.738477667301542615e-03 6.624832566862434366e-03
2.197378737847346421e-03 4.965161254116397249e-03
1.143133330965015980e-03 3.487334227189139817e-03
5.107566445943885133e-04 2.301436025820286901e-03
1.887118984642499554e-04 1.426400333759805577e-03
2.444064278100679268e-05 6.280629268071362230e-04
0.000000000000000000e+00 0.000000000000000000e+00
7.986538982442582693e-05 -6.125345686678387034e-04
2.695453262395313158e-04 -1.239397952572391780e-03
5.816066431962942139e-04 -1.888111434796543213e-03
9.889433519048467826e-04 -2.501820709267645569e-03
1.672921252326721757e-03 -3.277552093737767964e-03
2.521781091514091726e-03 -4.009460833531103795e-03
3.704869029887781877e-03 -4.776949841346568755e-03
5.262445709886071077e-03 -5.503234013277807750e-03
7.543285583386160828e-03 -6.227288356673465163e-03
1.250966620863350892e-02 -7.276853079018265683e-03
1.956052146740571221e-02 -8.507585468459337094e-03
2.673813765278234764e-02 -9.541138056393750136e-03
3.405884237850007046e-02 -1.039565368220050738e-02
4.154596736990486677e-02 -1.109147269914089427e-02
4.921628967815152439e-02 -1.165038024574578147e-02
5.709051903221590979e-02 -1.209771051093151521e-02
6.518905105138447786e-02 -1.246294565368924641e-02
7.341769203722370296e-02 -1.277015686469402424e-02
8.166852276013325529e-02 -1.302286079868354533e-02
8.993972591663913774e-02 -1.322356366522115835e-02
9.823112278123982688e-02 -1.337487212595822594e-02
1.065425510555159522e-01 -1.347942698761393082e-02
1.148738957910760139e-01 -1.353990333759669783e-02
1.232248531594631602e-01 -1.355900991858241707e-02
1.315952129690386163e-01 -1.353949272712117249e-02
1.399847604378065824e-01 -1.348413398118769244e-02
1.483932773890110079e-01 -1.339575257900130559e-02
1.568205433854611697e-01 -1.327720453239200626e-02
1.652664693335149371e-01 -1.313138090110147968e-02
1.737307672615183152e-01 -1.296121353441632811e-02
1.822131593323048637e-01 -1.276967332046467438e-02
1.907134262903646682e-01 -1.255976907115257356e-02
1.992312638317426110e-01 -1.233455122833226197e-02
2.077582899007171802e-01 -1.209683182570201083e-02
2.162870642532725707e-01 -1.184764924781688683e-02
2.248176099672939410e-01 -1.158744800784603131e-02
2.333499724677702281e-01 -1.131667282941353422e-02
2.418842109630374715e-01 -1.103576879604534558e-02
2.504203773760896867e-01 -1.074518200735583365e-02
2.589584967424279349e-01 -1.044536032628618459e-02
2.674986142731056171e-01 -1.013675179553972898e-02
2.760407792982770836e-01 -9.819805138207361381e-03
2.845850638314415537e-01 -9.494969028530206648e-03
2.931314822029756906e-01 -9.162695160117138513e-03
3.016800795106134858e-01 -8.823434943896008020e-03
3.102309008378268396e-01 -8.477640638408045007e-03
3.187840248551443989e-01 -8.125763959009277629e-03
3.273394657108133488e-01 -7.768260106035713985e-03
3.358972660242389163e-01 -7.405584001082728303e-03
3.444574708639872029e-01 -7.038191323338751672e-03
3.530201562945332050e-01 -6.666537259627970322e-03
3.615853425458152581e-01 -6.291080267507243896e-03
3.701530688025905791e-01 -5.912278872722257286e-03
3.787233801744509520e-01 -5.530592212135273730e-03
3.872963533392135282e-01 -5.146478873607521730e-03
3.958720083116371025e-01 -4.760400848556082740e-03
4.044503840561268215e-01 -4.372820168070052152e-03
4.130315257579571520e-01 -3.984199460698095024e-03
4.216154813869243956e-01 -3.595002106117075550e-03
4.301993980549352337e-01 -3.205823827468656101e-03
4.387808237976318360e-01 -2.817242125209029960e-03
4.473597940891904101e-01 -2.429720883399238106e-03
4.559363183626577443e-01 -2.043724274031623583e-03
4.645104791265041166e-01 -1.659712295375972632e-03
4.730825114974553380e-01 -1.278133067733563640e-03
4.816539522189143829e-01 -8.992233006877227604e-04
4.902251316792381464e-01 -5.230815269600272649e-04
4.987960147059978255e-01 -1.498103681374418942e-04
5.073665584603257450e-01 2.204872560910053404e-04
5.159367195249542348e-01 5.877084434077314758e-04
5.245064480202837887e-01 9.517500611587770580e-04
5.330757086687984980e-01 1.312509641669851916e-03
5.416444585930533240e-01 1.669884432516230248e-03
5.502126544467991209e-01 2.023771704339268496e-03
5.587802461094283357e-01 2.374068495428368047e-03
5.673471983582272227e-01 2.720672498641482206e-03
5.759134682791963167e-01 3.063481130204484624e-03
5.844790127537563551e-01 3.402391840982411583e-03
5.930437811084405819e-01 3.737301831354555674e-03
6.016077383369634601e-01 4.068108960912820635e-03
6.101705712334424270e-01 4.394691241795724984e-03
6.187313475500603177e-01 4.716770799514029104e-03
6.272900937036809399e-01 5.034007965853410337e-03
6.358470128219809725e-01 5.346067889220822329e-03
6.444022832630972308e-01 5.652615253553641347e-03
6.529560826204799939e-01 5.953315187281326554e-03
6.615085658432297011e-01 6.247832517802057346e-03
6.700599297554193923e-01 6.535834004297544006e-03
6.785734207857555544e-01 6.814188753525056257e-03
6.869786759813670818e-01 7.066976512766182800e-03
6.952756410047342683e-01 7.276317517240172596e-03
7.034680929844163710e-01 7.425802495658994327e-03
7.116305191264141738e-01 7.503878656513214736e-03
7.198954728329377550e-01 7.519598060314211692e-03
7.282714691839179411e-01 7.489523531972197730e-03
7.367627673660746002e-01 7.431590476482722273e-03
7.453304453456935930e-01 7.363665468797638003e-03
7.538973848005433576e-01 7.291335357183816729e-03
7.624597734530645932e-01 7.213899777921259707e-03
7.710176611809365088e-01 7.130607863529148105e-03
7.795710431444188293e-01 7.040711505784915530e-03
7.881199127523651482e-01 6.943464919345141567e-03
7.966642181375371834e-01 6.838125199218088660e-03
8.052039868019990054e-01 6.723950823095074109e-03
8.137392243750634080e-01 6.600202745448166194e-03
8.222699246209493884e-01 6.466144333669356960e-03
8.307960569767635084e-01 6.321041649826537531e-03
8.393176099255492684e-01 6.164162786954888347e-03
8.478346083181786952e-01 5.994777379290803371e-03
8.563470465834699397e-01 5.812157793197157349e-03
8.648549193729933027e-01 5.615578615682028339e-03
8.733581623987718423e-01 5.404318166835920048e-03
8.818553827784308963e-01 5.177614700349111691e-03
8.903450081219235202e-01 4.934388543280365629e-03
8.988269139943269037e-01 4.673442186548359099e-03
9.073009863347634152e-01 4.393584102473538193e-03
9.157670571314457941e-01 4.093630975806787815e-03
9.242250957736432015e-01 3.772400876041853614e-03
9.326749990285501113e-01 3.428720257521092676e-03
9.411166646039241801e-01 3.061421575464459005e-03
9.495499912663734055e-01 2.669343240183453224e-03
9.579748166614342475e-01 2.251332759713296598e-03
9.663910951731797816e-01 1.806238029353341963e-03
9.747987402850637473e-01 1.332914512458494840e-03
9.831976562971862510e-01 8.302239228939110828e-04
9.915877492277900274e-01 2.970336416423766416e-04
9.999689269554699056e-01 -2.677833552316650546e-04
