bo_1
9.986009597778320312e-01 2.323687076568603516e-03
9.908802509307861328e-01 4.552747588604688644e-03
9.791794419288635254e-01 7.204975467175245285e-03
9.698042869567871094e-01 9.083978831768035889e-03
9.590266942977905273e-01 1.102860830724239349e-02
9.498846530914306641e-01 1.250683143734931946e-02
9.438841342926025391e-01 1.339412666857242584e-02
9.346848130226135254e-01 1.463421247899532318e-02
9.272475242614746094e-01 1.554058212786912918e-02
9.188495278358459473e-01 1.647605188190937042e-02
9.135293364524841309e-01 1.702814176678657532e-02
9.030728936195373535e-01 1.803993433713912964e-02
8.959870338439941406e-01 1.868160068988800049e-02
8.869530558586120605e-01 1.946027763187885284e-02
8.779782056808471680e-01 2.019980549812316895e-02
8.677955865859985352e-01 2.100734412670135498e-02
8.575274944305419922e-01 2.179563231766223907e-02
8.512024283409118652e-01 2.227086387574672699e-02
8.416325449943542480e-01 2.297769300639629364e-02
8.327211141586303711e-01 2.362491562962532043e-02
8.235266804695129395e-01 2.428356558084487915e-02
8.167055249214172363e-01 2.476716414093971252e-02
8.036807775497436523e-01 2.568063884973526001e-02
7.968817949295043945e-01 2.615308761596679688e-02
7.858154177665710449e-01 2.691671065986156464e-02
7.783355116844177246e-01 2.742960304021835327e-02
7.678502202033996582e-01 2.814480103552341461e-02
7.621163725852966309e-01 2.853428944945335388e-02
7.541804909706115723e-01 2.907164394855499268e-02
7.470822334289550781e-01 2.955079637467861176e-02
7.392691373825073242e-01 3.007674030959606171e-02
7.323912382125854492e-01 3.053856268525123596e-02
7.235554456710815430e-01 3.113040700554847717e-02
7.160242795944213867e-01 3.163366392254829407e-02
7.072730064392089844e-01 3.221718221902847290e-02
6.973862648010253906e-01 3.287481144070625305e-02
6.891748309135437012e-01 3.341977670788764954e-02
6.820595264434814453e-01 3.389105945825576782e-02
6.753479838371276855e-01 3.433481231331825256e-02
6.642954349517822266e-01 3.506385907530784607e-02
6.559319496154785156e-01 3.561396524310112000e-02
6.471328139305114746e-01 3.619118034839630127e-02
6.413784623146057129e-01 3.656771406531333923e-02
6.331099867820739746e-01 3.710734471678733826e-02
6.248264908790588379e-01 3.764611855149269104e-02
6.160963177680969238e-01 3.821174055337905884e-02
6.078710556030273438e-01 3.874235227704048157e-02
5.968542695045471191e-01 3.944911062717437744e-02
5.897008180618286133e-01 3.990532830357551575e-02
5.803638696670532227e-01 4.049725830554962158e-02
5.711925625801086426e-01 4.107436537742614746e-02
5.609281659126281738e-01 4.171457886695861816e-02
5.523518323898315430e-01 4.224439337849617004e-02
5.426986217498779297e-01 4.283464699983596802e-02
5.338572263717651367e-01 4.336904361844062805e-02
5.225338339805603027e-01 4.404390603303909302e-02
5.156854391098022461e-01 4.444641247391700745e-02
5.057293176651000977e-01 4.502335563302040100e-02
4.968868196010589600e-01 4.552697762846946716e-02
4.876338839530944824e-01 4.604444652795791626e-02
4.793182015419006348e-01 4.650060832500457764e-02
4.687206149101257324e-01 4.706887155771255493e-02
4.583621621131896973e-01 4.760914668440818787e-02
4.486452043056488037e-01 4.810141026973724365e-02
4.416394233703613281e-01 4.844703525304794312e-02
4.341591000556945801e-01 4.880704358220100403e-02
4.253575503826141357e-01 4.921811819076538086e-02
4.168147146701812744e-01 4.960352554917335510e-02
4.062066972255706787e-01 5.006245523691177368e-02
3.995624780654907227e-01 5.033827945590019226e-02
3.904022574424743652e-01 5.070308968424797058e-02
3.832985162734985352e-01 5.097316578030586243e-02
3.737429678440093994e-01 5.131796002388000488e-02
3.671897351741790771e-01 5.154162645339965820e-02
3.596150279045104980e-01 5.178662016987800598e-02
3.499652743339538574e-01 5.207685381174087524e-02
3.419249355792999268e-01 5.229908227920532227e-02
3.338504731655120850e-01 5.250349640846252441e-02
3.261089920997619629e-01 5.268109217286109924e-02
3.189611136913299561e-01 5.282838270068168640e-02
3.112818300724029541e-01 5.296806246042251587e-02
3.045835793018341064e-01 5.307354405522346497e-02
2.954771220684051514e-01 5.319143086671829224e-02
2.882794737815856934e-01 5.326288193464279175e-02
2.794207334518432617e-01 5.332315713167190552e-02
2.722676992416381836e-01 5.334853753447532654e-02
2.659345269203186035e-01 5.335281044244766235e-02
2.590985894203186035e-01 5.333746597170829773e-02
2.523793280124664307e-01 5.330130830407142639e-02
2.451584190130233765e-01 5.323808267712593079e-02
2.361448109149932861e-01 5.312193557620048523e-02
2.304909229278564453e-01 5.302691459655761719e-02
2.225007414817810059e-01 5.286191403865814209e-02
2.133404314517974854e-01 5.262600630521774292e-02
2.035862654447555542e-01 5.231618508696556091e-02
1.947799921035766602e-01 5.198074132204055786e-02
1.877979636192321777e-01 5.167463421821594238e-02
1.812890619039535522e-01 5.135526880621910095e-02
1.744331717491149902e-01 5.098138749599456787e-02
1.672976762056350708e-01 5.054893344640731812e-02
1.607454866170883179e-01 5.011053010821342468e-02
1.507212072610855103e-01 4.935757443308830261e-02
1.407281607389450073e-01 4.849949106574058533e-02
1.317954659461975098e-01 4.763275757431983948e-02
1.248871088027954102e-01 4.689210280776023865e-02
1.151421591639518738e-01 4.573339968919754028e-02
1.071558147668838501e-01 4.467513412237167358e-02
9.457296133041381836e-02 4.278508201241493225e-02
8.912635594606399536e-02 4.187330603599548340e-02
8.185493946075439453e-02 4.055814817547798157e-02
7.288666814565658569e-02 3.876629844307899475e-02
6.440544128417968750e-02 3.687793016433715820e-02
5.578820407390594482e-02 3.473870828747749329e-02
4.653133824467658997e-02 3.215274959802627563e-02
4.082705453038215637e-02 3.038639947772026062e-02
3.465198725461959839e-02 2.830051444470882416e-02
2.865738980472087860e-02 2.607353217899799347e-02
2.415632084012031555e-02 2.424608170986175537e-02
1.923227496445178986e-02 2.206207066774368286e-02
1.147195696830749512e-02 1.809889264404773712e-02
7.776028942316770554e-03 1.589035429060459137e-02
2.351873088628053665e-03 1.199126709252595901e-02
-7.682940922677516937e-04 9.026014246046543121e-03
-2.774290274828672409e-03 6.263276562094688416e-03
-3.560496494174003601e-03 4.324903246015310287e-03
-3.716944018378853798e-03 2.429370302706956863e-03
-3.473266959190368652e-03 1.341390423476696014e-03
-3.219979815185070038e-03 7.496135658584535122e-04
-2.807013224810361862e-03 6.572649726876989007e-05
-2.480760915204882622e-03 -3.568021638784557581e-04
-2.148456405848264694e-03 -7.244202424772083759e-04
-1.404320937581360340e-03 -1.403131638653576374e-03
-7.331841625273227692e-04 -1.904444536194205284e-03
2.571887744124978781e-04 -2.522398019209504128e-03
1.276986906304955482e-03 -3.055260283872485161e-03
2.417353680357336998e-03 -3.564083948731422424e-03
3.836574265733361244e-03 -4.104409832507371902e-03
7.125959265977144241e-03 -5.091450177133083344e-03
8.811748586595058441e-03 -5.497413221746683121e-03
1.735608652234077454e-02 -6.951926741749048233e-03
2.251803129911422729e-02 -7.527883630245923996e-03
3.248314186930656433e-02 -8.276687003672122955e-03
3.780598938465118408e-02 -8.543684147298336029e-03
4.631506279110908508e-02 -8.838945999741554260e-03
5.461344122886657715e-02 -9.010720066726207733e-03
6.469898670911788940e-02 -9.106635116040706635e-03
7.350656390190124512e-02 -9.113647975027561188e-03
8.274009823799133301e-02 -9.061363525688648224e-03
9.169511497020721436e-02 -8.963597938418388367e-03
9.988240152597427368e-02 -8.840597234666347504e-03
1.106328666210174561e-01 -8.638164028525352478e-03
1.188245937228202820e-01 -8.457140065729618073e-03
1.279555261135101318e-01 -8.231647312641143799e-03
1.352686882019042969e-01 -8.034911938011646271e-03
1.439217627048492432e-01 -7.785368245095014572e-03
1.532892882823944092e-01 -7.496523670852184296e-03
1.599280834197998047e-01 -7.280961144715547562e-03
1.685351729393005371e-01 -6.989011541008949280e-03
1.764154881238937378e-01 -6.710102315992116928e-03
1.830969899892807007e-01 -6.465396843850612640e-03
1.894912868738174438e-01 -6.224465090781450272e-03
1.973531842231750488e-01 -5.919575225561857224e-03
2.094655185937881470e-01 -5.432059988379478455e-03
2.165420651435852051e-01 -5.137707572430372238e-03
2.279770225286483765e-01 -4.647916182875633240e-03
2.351209819316864014e-01 -4.333386663347482681e-03
2.433003336191177368e-01 -3.965497948229312897e-03
2.507233321666717529e-01 -3.624666249379515648e-03
2.626889646053314209e-01 -3.061802592128515244e-03
2.705375552177429199e-01 -2.683881437405943871e-03
2.777451276779174805e-01 -2.330939285457134247e-03
2.866759896278381348e-01 -1.886022975668311119e-03
2.926990389823913574e-01 -1.581354415975511074e-03
3.022920787334442139e-01 -1.088660908862948418e-03
3.117727935314178467e-01 -5.930425832048058510e-04
3.198747932910919189e-01 -1.628977042855694890e-04
3.282949924468994141e-01 2.903505810536444187e-04
3.360012173652648926e-01 7.105229888111352921e-04
3.440577387809753418e-01 1.155059551820158958e-03
3.509886264801025391e-01 1.541624893434345722e-03
3.579879999160766602e-01 1.935742795467376709e-03
3.670982420444488525e-01 2.454086672514677048e-03
3.748167455196380615e-01 2.897753147408366203e-03
3.844720721244812012e-01 3.458217717707157135e-03
3.917306661605834961e-01 3.883301280438899994e-03
3.986318409442901611e-01 4.290228243917226791e-03
4.060504138469696045e-01 4.730450920760631561e-03
4.146625697612762451e-01 5.244820844382047653e-03
4.218813180923461914e-01 5.678440909832715988e-03
4.284803569316864014e-01 6.076577585190534592e-03
4.362789988517761230e-01 6.548959296196699142e-03
4.456930160522460938e-01 7.121406961232423782e-03
4.550679028034210205e-01 7.693282794207334518e-03
4.625660181045532227e-01 8.151495829224586487e-03
4.705446660518646240e-01 8.639442734420299530e-03
4.807388782501220703e-01 9.262658655643463135e-03
4.897074699401855469e-01 9.809958748519420624e-03
4.965597689151763916e-01 1.022697892040014267e-02
5.043155550956726074e-01 1.069729030132293701e-02
5.126759409904479980e-01 1.120161823928356171e-02
5.204924345016479492e-01 1.166999153792858124e-02
5.279448032379150391e-01 1.211311575025320053e-02
5.353555083274841309e-01 1.254983339458703995e-02
5.425223112106323242e-01 1.296786591410636902e-02
5.506447553634643555e-01 1.343576516956090927e-02
5.586872696876525879e-01 1.389204617589712143e-02
5.656886696815490723e-01 1.428287476301193237e-02
5.736827850341796875e-01 1.472096797078847885e-02
5.820684432983398438e-01 1.517017092555761337e-02
5.906184315681457520e-01 1.561599690467119217e-02
6.003148555755615234e-01 1.610510423779487610e-02
6.098834872245788574e-01 1.656863465905189514e-02
6.177943944931030273e-01 1.693607121706008911e-02
6.264390349388122559e-01 1.731977239251136780e-02
6.343403458595275879e-01 1.765288971364498138e-02
6.431549191474914551e-01 1.800315268337726593e-02
6.525657176971435547e-01 1.835035905241966248e-02
6.624596118927001953e-01 1.868335716426372528e-02
6.699436306953430176e-01 1.891198009252548218e-02
6.797050833702087402e-01 1.917818374931812286e-02
6.875725388526916504e-01 1.936502754688262939e-02
6.961979866027832031e-01 1.954000629484653473e-02
7.050023078918457031e-01 1.968503929674625397e-02
7.120900154113769531e-01 1.977623626589775085e-02
7.211518883705139160e-01 1.985853910446166992e-02
7.338040471076965332e-01 1.990699954330921173e-02
7.418989539146423340e-01 1.989629864692687988e-02
7.494595646858215332e-01 1.985634490847587585e-02
7.592963576316833496e-01 1.976050622761249542e-02
7.676573395729064941e-01 1.963974535465240479e-02
7.770113348960876465e-01 1.946167834103107452e-02
7.839854955673217773e-01 1.929941400885581970e-02
7.928850650787353516e-01 1.905589364469051361e-02
8.010876774787902832e-01 1.879548653960227966e-02
8.113532066345214844e-01 1.842149533331394196e-02
8.194319605827331543e-01 1.809002459049224854e-02
8.279578089714050293e-01 1.770515367388725281e-02
8.378911614418029785e-01 1.721190474927425385e-02
8.475208282470703125e-01 1.668808422982692719e-02
8.560275435447692871e-01 1.618809811770915985e-02
8.649398088455200195e-01 1.562658697366714478e-02
8.726112246513366699e-01 1.511188223958015442e-02
8.824204802513122559e-01 1.441008783876895905e-02
8.942140936851501465e-01 1.349763851612806320e-02
9.028353095054626465e-01 1.277914177626371384e-02
9.100681543350219727e-01 1.213950570672750473e-02
9.202193617820739746e-01 1.117905788123607635e-02
9.273564219474792480e-01 1.045546680688858032e-02
9.381126165390014648e-01 9.281174279749393463e-03
9.461053013801574707e-01 8.337557315826416016e-03
9.531169533729553223e-01 7.456191815435886383e-03
9.607776999473571777e-01 6.432985421270132065e-03
9.730193614959716797e-01 4.658837802708148956e-03
9.801903963088989258e-01 3.533198265358805656e-03
9.869154095649719238e-01 2.410688670352101326e-03
9.991233944892883301e-01 9.304279228672385216e-05
