bo_refine0
9.990441203117370605e-01 -1.865036902017891407e-04
9.929310083389282227e-01 1.164328888989984989e-03
9.879379868507385254e-01 2.091095549985766411e-03
9.778721332550048828e-01 3.801602637395262718e-03
9.741449356079101562e-01 4.398274701088666916e-03
9.675759673118591309e-01 5.412708967924118042e-03
9.573006033897399902e-01 6.921420339494943619e-03
9.488357901573181152e-01 8.106457069516181946e-03
9.386323690414428711e-01 9.476725943386554718e-03
9.308442473411560059e-01 1.048436574637889862e-02
9.192685484886169434e-01 1.192687079310417175e-02
9.117546081542968750e-01 1.283103413879871368e-02
9.014003276824951172e-01 1.403928175568580627e-02
8.936821222305297852e-01 1.491376478224992752e-02
8.837600946426391602e-01 1.600777730345726013e-02
8.774685263633728027e-01 1.668507046997547150e-02
8.695769906044006348e-01 1.751770265400409698e-02
8.607861995697021484e-01 1.842424273490905762e-02
8.525902032852172852e-01 1.925065927207469940e-02
8.456165790557861328e-01 1.994023844599723816e-02
8.384073972702026367e-01 2.064058184623718262e-02
8.290482163429260254e-01 2.153151482343673706e-02
8.224468231201171875e-01 2.214800193905830383e-02
8.143450021743774414e-01 2.289160527288913727e-02
8.085648417472839355e-01 2.341361716389656067e-02
7.987610101699829102e-01 2.428331039845943451e-02
7.919332385063171387e-01 2.487765252590179443e-02
7.803180813789367676e-01 2.586796320974826813e-02
7.730994224548339844e-01 2.647057361900806427e-02
7.637114524841308594e-01 2.723991684615612030e-02
7.565315365791320801e-01 2.781756222248077393e-02
7.462359070777893066e-01 2.862990461289882660e-02
7.399457097053527832e-01 2.911709807813167572e-02
7.328608036041259766e-01 2.965768612921237946e-02
7.267357707023620605e-01 3.011812642216682434e-02
7.186619043350219727e-01 3.071537800133228302e-02
7.121233344078063965e-01 3.119103796780109406e-02
7.033358812332153320e-01 3.181912004947662354e-02
6.944993734359741211e-01 3.243783488869667053e-02
6.849730014801025391e-01 3.309048712253570557e-02
6.783752441406250000e-01 3.353381529450416565e-02
6.693779826164245605e-01 3.412694111466407776e-02
6.619711518287658691e-01 3.460536152124404907e-02
6.541091203689575195e-01 3.510342165827751160e-02
6.450246572494506836e-01 3.566644713282585144e-02
6.368267536163330078e-01 3.616300597786903381e-02
6.263162493705749512e-01 3.678364306688308716e-02
6.178441643714904785e-01 3.727079555392265320e-02
6.062185168266296387e-01 3.792012110352516174e-02
5.987353324890136719e-01 3.832632303237915039e-02
5.889230966567993164e-01 3.884488344192504883e-02
5.822016596794128418e-01 3.919085115194320679e-02
5.729180574417114258e-01 3.965625539422035217e-02
5.658141970634460449e-01 4.000257328152656555e-02
5.557613968849182129e-01 4.047800973057746887e-02
5.476011633872985840e-01 4.085121303796768188e-02
5.379458069801330566e-01 4.127795621752738953e-02
5.291423201560974121e-01 4.165289551019668579e-02
5.201022028923034668e-01 4.202370718121528625e-02
5.120206475257873535e-01 4.234292730689048767e-02
5.002772808074951172e-01 4.278586804866790771e-02
4.939395785331726074e-01 4.301451146602630615e-02
4.871806502342224121e-01 4.325023293495178223e-02
4.791643321514129639e-01 4.351884499192237854e-02
4.695553183555603027e-01 4.382495209574699402e-02
4.598488807678222656e-01 4.411638155579566956e-02
4.509507715702056885e-01 4.436762258410453796e-02
4.415487051010131836e-01 4.461628943681716919e-02
4.325672686100006104e-01 4.483748227357864380e-02
4.234368205070495605e-01 4.504567757248878479e-02
4.159673154354095459e-01 4.520332440733909607e-02
4.081228971481323242e-01 4.535640403628349304e-02
4.009475111961364746e-01 4.548505321145057678e-02
3.891270160675048828e-01 4.567283391952514648e-02
3.821494579315185547e-01 4.576930031180381775e-02
3.737231791019439697e-01 4.587125033140182495e-02
3.652510941028594971e-01 4.595737531781196594e-02
3.555826544761657715e-01 4.603513702750205994e-02
3.483121097087860107e-01 4.607881233096122742e-02
3.389514684677124023e-01 4.611588642001152039e-02
3.280800580978393555e-01 4.613102227449417114e-02
3.186727464199066162e-01 4.611908271908760071e-02
3.092002570629119873e-01 4.608273878693580627e-02
3.005971014499664307e-01 4.602779075503349304e-02
2.941114008426666260e-01 4.597209393978118896e-02
2.855186462402343750e-01 4.587874561548233032e-02
2.782362997531890869e-01 4.578159004449844360e-02
2.674898803234100342e-01 4.560667276382446289e-02
2.595994174480438232e-01 4.545320942997932434e-02
2.490553259849548340e-01 4.521330073475837708e-02
2.414869815111160278e-01 4.501529783010482788e-02
2.330478429794311523e-01 4.476775601506233215e-02
2.234255522489547729e-01 4.444914683699607849e-02
2.147946804761886597e-01 4.412843286991119385e-02
2.073585838079452515e-01 4.382405430078506470e-02
1.998547762632369995e-01 4.348902404308319092e-02
1.912798583507537842e-01 4.306983575224876404e-02
1.833019554615020752e-01 4.264274984598159790e-02
1.743971854448318481e-01 4.212084785103797913e-02
1.650028675794601440e-01 4.151453077793121338e-02
1.540432423353195190e-01 4.072825238108634949e-02
1.478269547224044800e-01 4.024121910333633423e-02
1.401445567607879639e-01 3.959478810429573059e-02
1.335553526878356934e-01 3.899823874235153198e-02
1.248034462332725525e-01 3.814060613512992859e-02
1.153948530554771423e-01 3.712739795446395874e-02
1.087841615080833435e-01 3.635310754179954529e-02
1.018577069044113159e-01 3.548102825880050659e-02
9.562762081623077393e-02 3.463863208889961243e-02
8.424680680036544800e-02 3.294036909937858582e-02
7.854004204273223877e-02 3.200149908661842346e-02
7.310914993286132812e-02 3.104686364531517029e-02
6.800653040409088135e-02 3.009012714028358459e-02
5.999107286334037781e-02 2.845537289977073669e-02
5.325885117053985596e-02 2.693916484713554382e-02
4.579836130142211914e-02 2.507679536938667297e-02
4.183685407042503357e-02 2.399628423154354095e-02
3.585120663046836853e-02 2.221923507750034332e-02
3.363372012972831726e-02 2.150996029376983643e-02
2.838194370269775391e-02 1.969812437891960144e-02
2.297197468578815460e-02 1.759154722094535828e-02
1.987448893487453461e-02 1.624230667948722839e-02
1.679461263120174408e-02 1.476440764963626862e-02
1.100568939000368118e-02 1.143764797598123550e-02
8.439155295491218567e-03 9.577742777764797211e-03
6.832324434071779251e-03 8.188462816178798676e-03
5.128879565745592117e-03 6.364658940583467484e-03
4.091988317668437958e-03 4.884995985776185989e-03
3.093470120802521706e-03 2.484034979715943336e-03
2.927857683971524239e-03 1.293337787501513958e-03
3.154217265546321869e-03 -6.278980290517210960e-04
3.449154784902930260e-03 -1.450895681045949459e-03
3.940373659133911133e-03 -2.390000736340880394e-03
4.472102969884872437e-03 -3.159559564664959908e-03
5.791939795017242432e-03 -4.590429831296205521e-03
7.399451918900012970e-03 -5.891745444387197495e-03
9.047488681972026825e-03 -6.964348256587982178e-03
1.094631850719451904e-02 -8.000302128493785858e-03
1.419465243816375732e-02 -9.457788430154323578e-03
1.719984412193298340e-02 -1.057206001132726669e-02
1.974924840033054352e-02 -1.139342878013849258e-02
2.230945788323879242e-02 -1.213012356311082840e-02
2.843913622200489044e-02 -1.362422853708267212e-02
3.296440094709396362e-02 -1.454314403235912323e-02
4.160382971167564392e-02 -1.598661020398139954e-02
4.801148176193237305e-02 -1.685729250311851501e-02
5.522295832633972168e-02 -1.768132485449314117e-02
6.328004598617553711e-02 -1.844507828354835510e-02
6.998260319232940674e-02 -1.897674426436424255e-02
7.829113304615020752e-02 -1.952702179551124573e-02
8.482480794191360474e-02 -1.988736353814601898e-02
9.212306141853332520e-02 -2.022488415241241455e-02
1.003208160400390625e-01 -2.053268998861312866e-02
1.082034185528755188e-01 -2.076660655438899994e-02
1.147746667265892029e-01 -2.092062681913375854e-02
1.224314048886299133e-01 -2.105832844972610474e-02
1.322721093893051147e-01 -2.117697522044181824e-02
1.397573947906494141e-01 -2.122845873236656189e-02
1.447242051362991333e-01 -2.124606817960739136e-02
1.533392071723937988e-01 -2.124832384288311005e-02
1.607664972543716431e-01 -2.122423797845840454e-02
1.695091873407363892e-01 -2.116847410798072815e-02
1.782064288854598999e-01 -2.108693122863769531e-02
1.871687471866607666e-01 -2.097901888191699982e-02
1.949488371610641479e-01 -2.086803689599037170e-02
2.028191685676574707e-01 -2.074136398732662201e-02
2.097353041172027588e-01 -2.061945013701915741e-02
2.227890193462371826e-01 -2.036620303988456726e-02
2.280159145593643188e-01 -2.025748416781425476e-02
2.396004348993301392e-01 -2.000420540571212769e-02
2.485228329896926880e-01 -1.979942433536052704e-02
2.554975748062133789e-01 -1.963456347584724426e-02
2.743851840496063232e-01 -1.917257718741893768e-02
2.820267081260681152e-01 -1.898114196956157684e-02
2.911546528339385986e-01 -1.875042915344238281e-02
3.009427189826965332e-01 -1.850164122879505157e-02
3.094184994697570801e-01 -1.828586496412754059e-02
3.163923323154449463e-01 -1.810855418443679810e-02
3.270894587039947510e-01 -1.783771812915802002e-02
3.359784483909606934e-01 -1.761431433260440826e-02
3.445723652839660645e-01 -1.740020886063575745e-02
3.505947589874267578e-01 -1.725146360695362091e-02
3.592547178268432617e-01 -1.703966595232486725e-02
3.667208552360534668e-01 -1.685922034084796906e-02
3.782342672348022461e-01 -1.658512465655803680e-02
3.863475024700164795e-01 -1.639516651630401611e-02
3.959868848323822021e-01 -1.617298088967800140e-02
4.044195115566253662e-01 -1.598175987601280212e-02
4.155503511428833008e-01 -1.573381945490837097e-02
4.259816110134124756e-01 -1.550595462322235107e-02
4.346381425857543945e-01 -1.532001793384552002e-02
4.427878260612487793e-01 -1.514746714383363724e-02
4.520366489887237549e-01 -1.495439093559980392e-02
4.591562449932098389e-01 -1.480762753635644913e-02
4.663738906383514404e-01 -1.466035842895507812e-02
4.731648266315460205e-01 -1.452308334410190582e-02
4.825177490711212158e-01 -1.433584839105606079e-02
4.911904036998748779e-01 -1.416388433426618576e-02
4.984492957592010498e-01 -1.402097661048173904e-02
5.052823424339294434e-01 -1.388716883957386017e-02
5.128905177116394043e-01 -1.373882126063108444e-02
5.231225490570068359e-01 -1.354005560278892517e-02
5.324172377586364746e-01 -1.335988473147153854e-02
5.413717031478881836e-01 -1.318631134927272797e-02
5.490372776985168457e-01 -1.303747110068798065e-02
5.578135848045349121e-01 -1.286651752889156342e-02
5.665399432182312012e-01 -1.269564218819141388e-02
5.740674734115600586e-01 -1.254730299115180969e-02
5.821944475173950195e-01 -1.238593272864818573e-02
5.900366306304931641e-01 -1.222878322005271912e-02
5.993223190307617188e-01 -1.204058062285184860e-02
6.069631576538085938e-01 -1.188373565673828125e-02
6.142950057983398438e-01 -1.173134520649909973e-02
6.223868131637573242e-01 -1.156078837811946869e-02
6.331446170806884766e-01 -1.132977474480867386e-02
6.408343315124511719e-01 -1.116137299686670303e-02
6.486132144927978516e-01 -1.098799984902143478e-02
6.582756638526916504e-01 -1.076810620725154877e-02
6.673267483711242676e-01 -1.055722218006849289e-02
6.753077507019042969e-01 -1.036708522588014603e-02
6.852415204048156738e-01 -1.012460514903068542e-02
6.948700547218322754e-01 -9.883088991045951843e-03
7.035245299339294434e-01 -9.660281240940093994e-03
7.118475437164306641e-01 -9.440704248845577240e-03
7.206885218620300293e-01 -9.201598353683948517e-03
7.277917861938476562e-01 -9.005014784634113312e-03
7.364708781242370605e-01 -8.759328164160251617e-03
7.448103427886962891e-01 -8.517529815435409546e-03
7.530279755592346191e-01 -8.273803628981113434e-03
7.603753805160522461e-01 -8.051365613937377930e-03
7.686188220977783203e-01 -7.796857971698045731e-03
7.778391838073730469e-01 -7.506288588047027588e-03
7.857219576835632324e-01 -7.253247313201427460e-03
7.950922250747680664e-01 -6.947463378310203552e-03
8.047927618026733398e-01 -6.625964306294918060e-03
8.152484893798828125e-01 -6.275008432567119598e-03
8.263894319534301758e-01 -5.897650029510259628e-03
8.359918594360351562e-01 -5.571095738559961319e-03
8.445740938186645508e-01 -5.279400385916233063e-03
8.524248003959655762e-01 -5.013531539589166641e-03
8.627554178237915039e-01 -4.666210617870092392e-03
8.754980564117431641e-01 -4.243396688252687454e-03
8.829244971275329590e-01 -4.000316374003887177e-03
8.916116356849670410e-01 -3.719181986525654793e-03
8.988924622535705566e-01 -3.486027242615818977e-03
9.116905927658081055e-01 -3.080558264628052711e-03
9.209270477294921875e-01 -2.790150698274374008e-03
9.288330674171447754e-01 -2.542088273912668228e-03
9.359622597694396973e-01 -2.318195067346096039e-03
9.468104839324951172e-01 -1.976065803319215775e-03
9.567350745201110840e-01 -1.660524983890354633e-03
9.660570025444030762e-01 -1.361153554171323776e-03
9.755657315254211426e-01 -1.052212784998118877e-03
9.852136969566345215e-01 -7.345549529418349266e-04
9.938389062881469727e-01 -4.469464474823325872e-04
9.992215037345886230e-01 -2.696340088732540607e-04
