airfoil001
9.995426535606384277e-01 2.353268209844827652e-04
9.912349581718444824e-01 1.983986934646964073e-03
9.828983545303344727e-01 3.546861233189702034e-03
9.745865464210510254e-01 4.941999912261962891e-03
9.663532972335815430e-01 6.187453866004943848e-03
9.544733762741088867e-01 7.794419303536415100e-03
9.467078447341918945e-01 8.750120177865028381e-03
9.390304088592529297e-01 9.638089686632156372e-03
9.314653277397155762e-01 1.046382542699575424e-02
9.241051077842712402e-01 1.122024934738874435e-02
9.161788225173950195e-01 1.200843695551156998e-02
9.081041216850280762e-01 1.278154458850622177e-02
8.998230099678039551e-01 1.355369202792644501e-02
8.915478587150573730e-01 1.430860720574855804e-02
8.834257721900939941e-01 1.503478549420833588e-02
8.754967451095581055e-01 1.573516987264156342e-02
8.678418993949890137e-01 1.640369929373264313e-02
8.603391051292419434e-01 1.705263368785381317e-02
8.528203964233398438e-01 1.769733615219593048e-02
8.451601862907409668e-01 1.835015043616294861e-02
8.372190594673156738e-01 1.902276650071144104e-02
8.288165330886840820e-01 1.973098143935203552e-02
8.201025724411010742e-01 2.046204172074794769e-02
8.111534714698791504e-01 2.120965719223022461e-02
8.021600246429443359e-01 2.195787057280540466e-02
7.931989431381225586e-01 2.270017378032207489e-02
7.843015789985656738e-01 2.343414351344108582e-02
7.753959894180297852e-01 2.416561543941497803e-02
7.664715051651000977e-01 2.489536255598068237e-02
7.573103904724121094e-01 2.564094960689544678e-02
7.478082180023193359e-01 2.641068398952484131e-02
7.380470633506774902e-01 2.719737775623798370e-02
7.281531095504760742e-01 2.799087017774581909e-02
7.182258963584899902e-01 2.878251112997531891e-02
7.083212733268737793e-01 2.956746332347393036e-02
6.985614299774169922e-01 3.033564612269401550e-02
6.889693737030029297e-01 3.108501993119716644e-02
6.795309782028198242e-01 3.181607276201248169e-02
6.701794862747192383e-01 3.253443911671638489e-02
6.609351038932800293e-01 3.323850780725479126e-02
6.518156528472900391e-01 3.392653539776802063e-02
6.429019570350646973e-01 3.459210321307182312e-02
6.341528892517089844e-01 3.523862361907958984e-02
6.255546212196350098e-01 3.586690127849578857e-02
6.170750260353088379e-01 3.647875785827636719e-02
6.086120605468750000e-01 3.708101063966751099e-02
6.001129150390625000e-01 3.767767548561096191e-02
5.916457772254943848e-01 3.826388344168663025e-02
5.831829309463500977e-01 3.884096443653106689e-02
5.746938586235046387e-01 3.941050544381141663e-02
5.662023425102233887e-01 3.996995091438293457e-02
5.577692389488220215e-01 4.051534086465835571e-02
5.493449568748474121e-01 4.104904457926750183e-02
5.408769249916076660e-01 4.157410562038421631e-02
5.323351025581359863e-01 4.209237918257713318e-02
5.238021016120910645e-01 4.259847104549407959e-02
5.152283310890197754e-01 4.309304431080818176e-02
5.065425038337707520e-01 4.357972368597984314e-02
4.977522492408752441e-01 4.405767470598220825e-02
4.889388084411621094e-01 4.452271014451980591e-02
4.801968932151794434e-01 4.496902599930763245e-02
4.714920222759246826e-01 4.539844393730163574e-02
4.628513157367706299e-01 4.580883309245109558e-02
4.543367624282836914e-01 4.619704559445381165e-02
4.459302425384521484e-01 4.656288027763366699e-02
4.374362528324127197e-01 4.691485688090324402e-02
4.288935959339141846e-01 4.725204780697822571e-02
4.203675091266632080e-01 4.757213592529296875e-02
4.119390845298767090e-01 4.787159711122512817e-02
4.035979807376861572e-01 4.815017431974411011e-02
3.953219056129455566e-01 4.840834066271781921e-02
3.870926499366760254e-01 4.864581674337387085e-02
3.788931071758270264e-01 4.886197298765182495e-02
3.706403970718383789e-01 4.905970394611358643e-02
3.622729480266571045e-01 4.924115538597106934e-02
3.539345562458038330e-01 4.940267279744148254e-02
3.456354737281799316e-01 4.954218491911888123e-02
3.373798429965972900e-01 4.965836554765701294e-02
3.291738629341125488e-01 4.975160956382751465e-02
3.210159838199615479e-01 4.982154443860054016e-02
3.128607869148254395e-01 4.986792057752609253e-02
3.046461343765258789e-01 4.988995194435119629e-02
2.963590621948242188e-01 4.988697916269302368e-02
2.879558801651000977e-01 4.985583573579788208e-02
2.794625759124755859e-01 4.979296773672103882e-02
2.708936631679534912e-01 4.970077797770500183e-02
2.623058259487152100e-01 4.957914352416992188e-02
2.537697851657867432e-01 4.942692443728446960e-02
2.452383786439895630e-01 4.923863336443901062e-02
2.366254627704620361e-01 4.900720342993736267e-02
2.278858423233032227e-01 4.872868582606315613e-02
2.189764380455017090e-01 4.839671775698661804e-02
2.098459154367446899e-01 4.800752922892570496e-02
2.006449252367019653e-01 4.756859317421913147e-02
1.916408091783523560e-01 4.709219932556152344e-02
1.829347312450408936e-01 4.657902196049690247e-02
1.746150553226470947e-01 4.603394865989685059e-02
1.665784865617752075e-01 4.544821009039878845e-02
1.587503999471664429e-01 4.481918364763259888e-02
1.510504484176635742e-01 4.414114728569984436e-02
1.432878822088241577e-01 4.339483752846717834e-02
1.353603303432464600e-01 4.256236180663108826e-02
1.274943947792053223e-01 4.167427867650985718e-02
1.197442561388015747e-01 4.072577878832817078e-02
1.120981499552726746e-01 3.971612825989723206e-02
1.045325696468353271e-01 3.862266242504119873e-02
9.702816605567932129e-02 3.744514286518096924e-02
8.961182832717895508e-02 3.617727756500244141e-02
8.223860710859298706e-02 3.480732440948486328e-02
7.478512823581695557e-02 3.330757841467857361e-02
6.722364574670791626e-02 3.165263682603836060e-02
5.978952720761299133e-02 2.986118011176586151e-02
5.244987830519676208e-02 2.791751548647880554e-02
4.533626139163970947e-02 2.585132978856563568e-02
3.848638385534286499e-02 2.367562055587768555e-02
3.214403986930847168e-02 2.146806381642818451e-02
2.643790282309055328e-02 1.929126493632793427e-02
2.146342396736145020e-02 1.720928214490413666e-02
1.720055192708969116e-02 1.524083223193883896e-02
1.358045823872089386e-02 1.338189095258712769e-02
1.054743025451898575e-02 1.160692516714334488e-02
7.989959791302680969e-03 9.911020286381244659e-03
5.866705439984798431e-03 8.317410945892333984e-03
4.100551363080739975e-03 6.846093107014894485e-03
2.711293054744601250e-03 5.527035333216190338e-03
1.671075122430920601e-03 4.399897530674934387e-03
9.599449113011360168e-04 3.456232836470007896e-03
5.075614317320287228e-04 2.645281376317143440e-03
1.948095014085993171e-04 1.922281924635171890e-03
-7.989569894562009722e-06 1.191752962768077850e-03
-1.010494524962268770e-04 4.062841471750289202e-04
-6.447386112995445728e-05 -4.606832226272672415e-04
2.337262703804299235e-04 -1.431556651368737221e-03
9.632807341404259205e-04 -2.510276855900883675e-03
2.424144651740789413e-03 -3.661752678453922272e-03
4.937846213579177856e-03 -4.863618407398462296e-03
8.621413260698318481e-03 -6.060129031538963318e-03
1.351246144622564316e-02 -7.169033866375684738e-03
1.947528123855590820e-02 -8.162343874573707581e-03
2.612389065325260162e-02 -8.986406959593296051e-03
3.307675942778587341e-02 -9.616644121706485748e-03
4.003956541419029236e-02 -1.006944198161363602e-02
4.684311151504516602e-02 -1.037356350570917130e-02
5.362863838672637939e-02 -1.057284511625766754e-02
6.070995703339576721e-02 -1.070839725434780121e-02
6.815937906503677368e-02 -1.080291531980037689e-02
7.615381479263305664e-02 -1.086938474327325821e-02
8.458504825830459595e-02 -1.092109456658363342e-02
9.332495182752609253e-02 -1.094769593328237534e-02
1.021339744329452515e-01 -1.095027942210435867e-02
1.108188703656196594e-01 -1.093095354735851288e-02
1.193304359912872314e-01 -1.089157629758119583e-02
1.277689337730407715e-01 -1.083708275109529495e-02
1.361960768699645996e-01 -1.077126897871494293e-02
1.445705592632293701e-01 -1.069504953920841217e-02
1.528465598821640015e-01 -1.061267778277397156e-02
1.610618978738784790e-01 -1.052280049771070480e-02
1.692712008953094482e-01 -1.042622420936822891e-02
1.774740517139434814e-01 -1.032260525971651077e-02
1.857399940490722656e-01 -1.021131966263055801e-02
1.942765265703201294e-01 -1.008961629122495651e-02
2.031773030757904053e-01 -9.956256486475467682e-03
2.123271971940994263e-01 -9.813164360821247101e-03
2.217411249876022339e-01 -9.659271687269210815e-03
2.311739325523376465e-01 -9.498498402535915375e-03
2.405986189842224121e-01 -9.331772103905677795e-03
2.498888969421386719e-01 -9.161138907074928284e-03
2.589580416679382324e-01 -8.988539688289165497e-03
2.676573097705841064e-01 -8.817719295620918274e-03
2.760874927043914795e-01 -8.647409267723560333e-03
2.843123972415924072e-01 -8.476428687572479248e-03
2.924152314662933350e-01 -8.302849717438220978e-03
3.006504476070404053e-01 -8.121574297547340393e-03
3.089562952518463135e-01 -7.933848537504673004e-03
3.173046708106994629e-01 -7.741177454590797424e-03
3.257475197315216064e-01 -7.542181760072708130e-03
3.342100977897644043e-01 -7.338494993746280670e-03
3.427276313304901123e-01 -7.128100376576185226e-03
3.513969182968139648e-01 -6.908559706062078476e-03
3.603307306766510010e-01 -6.676676683127880096e-03
3.695908188819885254e-01 -6.430929526686668396e-03
3.791770339012145996e-01 -6.171460729092359543e-03
3.888867497444152832e-01 -5.903387907892465591e-03
3.984691500663757324e-01 -5.633555818349123001e-03
4.078703820705413818e-01 -5.363702308386564255e-03
4.170032441616058350e-01 -5.096193403005599976e-03
4.259730279445648193e-01 -4.828506615012884140e-03
4.347760975360870361e-01 -4.561122506856918335e-03
4.435510039329528809e-01 -4.290275275707244873e-03
4.523418545722961426e-01 -4.014931153506040573e-03
4.612379372119903564e-01 -3.732328535988926888e-03
4.702326655387878418e-01 -3.442683024331927299e-03
4.793052673339843750e-01 -3.146564587950706482e-03
4.884807765483856201e-01 -2.843417460098862648e-03
4.978036582469940186e-01 -2.531808102503418922e-03
5.072492957115173340e-01 -2.212822902947664261e-03
5.167160034179687500e-01 -1.890041865408420563e-03
5.261941552162170410e-01 -1.564159872941672802e-03
5.355539917945861816e-01 -1.240032725036144257e-03
5.447521209716796875e-01 -9.196793544106185436e-04
5.536766648292541504e-01 -6.074900156818330288e-04
5.622665882110595703e-01 -3.060579183511435986e-04
5.705441832542419434e-01 -1.502123541285982355e-05
5.786687135696411133e-01 2.707191742956638336e-04
5.867334604263305664e-01 5.539916455745697021e-04
5.948289036750793457e-01 8.373852469958364964e-04
6.030671000480651855e-01 1.124356873333454132e-03
6.114055514335632324e-01 1.413024496287107468e-03
6.198022365570068359e-01 1.701536704786121845e-03
6.281798481941223145e-01 1.986610237509012222e-03
6.364219188690185547e-01 2.263720380142331123e-03
6.445299983024597168e-01 2.532226033508777618e-03
6.525673270225524902e-01 2.793757943436503410e-03
6.605904698371887207e-01 3.049481427296996117e-03
6.687089204788208008e-01 3.301823046058416367e-03
6.769328713417053223e-01 3.550645895302295685e-03
6.852080821990966797e-01 3.793563228100538254e-03
6.934809684753417969e-01 4.028343595564365387e-03
7.017154693603515625e-01 4.253237042576074600e-03
7.098050713539123535e-01 4.464579280465841293e-03
7.177090644836425781e-01 4.661239683628082275e-03
7.253676056861877441e-01 4.842098336666822433e-03
7.328431010246276855e-01 5.008465144783258438e-03
7.402538061141967773e-01 5.162933841347694397e-03
7.476220130920410156e-01 5.305211059749126434e-03
7.550404071807861328e-01 5.436373874545097351e-03
7.626207470893859863e-01 5.557192489504814148e-03
7.704656124114990234e-01 5.667935125529766083e-03
7.785606980323791504e-01 5.767210852354764938e-03
7.868233919143676758e-01 5.853023380041122437e-03
7.951619029045104980e-01 5.922510288655757904e-03
8.035479784011840820e-01 5.974715109914541245e-03
8.119716644287109375e-01 6.007653661072254181e-03
8.204075694084167480e-01 6.019217893481254578e-03
8.287805318832397461e-01 6.010748911648988724e-03
8.370806574821472168e-01 5.983335897326469421e-03
8.453307747840881348e-01 5.936914589256048203e-03
8.535093665122985840e-01 5.870758090168237686e-03
8.616627454757690430e-01 5.781835876405239105e-03
8.698536753654479980e-01 5.668499507009983063e-03
8.781396150588989258e-01 5.529033020138740540e-03
8.866547346115112305e-01 5.358820315450429916e-03
8.954049348831176758e-01 5.155285820364952087e-03
9.041381478309631348e-01 4.923701286315917969e-03
9.126873612403869629e-01 4.669345915317535400e-03
9.209962487220764160e-01 4.390843678265810013e-03
9.293299913406372070e-01 4.075577016919851303e-03
9.368874430656433105e-01 3.769749775528907776e-03
9.438408017158508301e-01 3.469140036031603813e-03
9.504823684692382812e-01 3.159238258376717567e-03
9.572383165359497070e-01 2.814342966303229332e-03
9.606647491455078125e-01 2.625573426485061646e-03
9.681553840637207031e-01 2.170411171391606331e-03
9.769020080566406250e-01 1.577768474817276001e-03
9.873914718627929688e-01 8.068653987720608711e-04
1.000110626220703125e+00 -1.830773398978635669e-04
