bo_4_-3.0_0.65B
1.000004661748026935e+00 1.016427876471798653e-03
9.927324688002173714e-01 1.499066818855882260e-03
9.854615448237128428e-01 1.979160734973214007e-03
9.781918933098986413e-01 2.456498199625220969e-03
9.709235134155288494e-01 2.930868345001533086e-03
9.636563665354328512e-01 3.402063015177067811e-03
9.563904724208356356e-01 3.869870514592916536e-03
9.491257980536952354e-01 4.334082818323222938e-03
9.418623269569248446e-01 4.794491066744214873e-03
9.346000775687173245e-01 5.250884455459147761e-03
9.273390015524983765e-01 5.703056638364308213e-03
9.200791104748118343e-01 6.150797757398050042e-03
9.128203882149373838e-01 6.593899942808987419e-03
9.055628036466307762e-01 7.032156464903313239e-03
8.983063864528324505e-01 7.465357180466055016e-03
8.910510845509663769e-01 7.893297105907201919e-03
8.837969019523413960e-01 8.315768142398384175e-03
8.765438354142502941e-01 8.732562899999766690e-03
8.692918472182544765e-01 9.143476203416361220e-03
8.620409572806926324e-01 9.548299882356066359e-03
8.547910589517655477e-01 9.946837846390584395e-03
8.475421272393928174e-01 1.033889902786327281e-02
8.402941798324503608e-01 1.072429134567280846e-02
8.330471899361515664e-01 1.110282529351012439e-02
8.258011898615037483e-01 1.147430846632708362e-02
8.185561597144390689e-01 1.183855138973716539e-02
8.113121011387912640e-01 1.219536366446423090e-02
8.040690366225429209e-01 1.254455410753748876e-02
7.968269372330238909e-01 1.288593423227679148e-02
7.895859390390205235e-01 1.321930376256167522e-02
7.823461755538700935e-01 1.354443724150625715e-02
7.751076375155349085e-01 1.386110662455361693e-02
7.678703393723890214e-01 1.416908317254011486e-02
7.606342302515117781e-01 1.446814123922432992e-02
7.533993340368769775e-01 1.475805233978112231e-02
7.461656145140177498e-01 1.503859076733131406e-02
7.389330588483544737e-01 1.530953013093818565e-02
7.317016781515317536e-01 1.557064348730461366e-02
7.244666489046137636e-01 1.582197274264776285e-02
7.172012101723874711e-01 1.606679249503737902e-02
7.099108749121425532e-01 1.630990561246892928e-02
7.026462355862272968e-01 1.655480850846198851e-02
6.954175392468422423e-01 1.680625014818271437e-02
6.882236020687175770e-01 1.706921699544872509e-02
6.810650225738611452e-01 1.734849068118328452e-02
6.739408927678818273e-01 1.764877284963117451e-02
6.668513538951654773e-01 1.797459253634238127e-02
6.597947740797572846e-01 1.833043709033688184e-02
6.527355069307329005e-01 1.872060745023515146e-02
6.456479292129171377e-01 1.914346342244578614e-02
6.385315751596857270e-01 1.959500465867288627e-02
6.313856217079608646e-01 2.007114828471626491e-02
6.242100024534611435e-01 2.056765164856319550e-02
6.170033084853895344e-01 2.108025183152203302e-02
6.097658118371104274e-01 2.160445143708491361e-02
6.024966647082369287e-01 2.213571168866199784e-02
5.952274206154358760e-01 2.266700964514757263e-02
5.879808615654812387e-01 2.319225557938673840e-02
5.807373966959799017e-01 2.371119893176568474e-02
5.734954007305090862e-01 2.422370102312193865e-02
5.662548620104038699e-01 2.472951873251482899e-02
5.590157477441560774e-01 2.522841081614572364e-02
5.517779948526742029e-01 2.572013842698237657e-02
5.445416160553134821e-01 2.620445791380392186e-02
5.373065299375714421e-01 2.668113231840373717e-02
5.300727195736503194e-01 2.714992068315754889e-02
5.228401568204823491e-01 2.761058317764313735e-02
5.156087759198627607e-01 2.806288267439979722e-02
5.083785888826553023e-01 2.850657751394373302e-02
5.011495157589711535e-01 2.894143207692310635e-02
4.939215390488853608e-01 2.936720722015023072e-02
4.866946297117307751e-01 2.978366488130774342e-02
4.794687220133123651e-01 3.019056940670830289e-02
4.722438298409130653e-01 3.058768098854854414e-02
4.650198692641773213e-01 3.097476559340094776e-02
4.577968311397138113e-01 3.135158539702714159e-02
4.505750415327530178e-01 3.171786935453994871e-02
4.433548471263241697e-01 3.207327797329360269e-02
4.361363565669738596e-01 3.241746746948383912e-02
4.289195319907983528e-01 3.275010184140761393e-02
4.217044541831326265e-01 3.307084012098410186e-02
4.144911413518582166e-01 3.337934494786858053e-02
4.072796126982945464e-01 3.367527948875309596e-02
4.000699501111617540e-01 3.395830507212978938e-02
3.928621258592388532e-01 3.422808804994759146e-02
3.856562354252713876e-01 3.448429072284469460e-02
3.784522680222702218e-01 3.472658000298479292e-02
3.712502733194891769e-01 3.495462127139964403e-02
3.640502998437059046e-01 3.516808073617640196e-02
3.568523383872043708e-01 3.536662692925600371e-02
3.496564950798398130e-01 3.554992587353483086e-02
3.424627282053150923e-01 3.571764816822717292e-02
3.352711255783335509e-01 3.586946182991453819e-02
3.280816910744973613e-01 3.600503751235022143e-02
3.208944609458719288e-01 3.612404576630986325e-02
3.137094922379523587e-01 3.622615755978458862e-02
3.065267682037087771e-01 3.631104553342736491e-02
2.993463972832676734e-01 3.637838148217076989e-02
2.921683340397375761e-01 3.642783947448827164e-02
2.849926686729220560e-01 3.645909302974818800e-02
2.778193979084663257e-01 3.647181695482257929e-02
2.706485653718432860e-01 3.646568643782676505e-02
2.634802146883907237e-01 3.644037743470479596e-02
2.563143424648778312e-01 3.639556631523715308e-02
2.491510373675805690e-01 3.633093066091763745e-02
2.419902605753430080e-01 3.624614764301423847e-02
2.348321144622778633e-01 3.614089654779394090e-02
2.276765669902011680e-01 3.601485555413364015e-02
2.205236896131242408e-01 3.586770501235816977e-02
2.133734908576294387e-01 3.569912480443104136e-02
2.062260011747264754e-01 3.550879578485902771e-02
1.990812677229634176e-01 3.529639994837177608e-02
1.919392817998379075e-01 3.506161819282088699e-02
1.848031209750746473e-01 3.480418532074801286e-02
1.776879740624650872e-01 3.452288896083296338e-02
1.705977951564052741e-01 3.421474253015773653e-02
1.635318318116238956e-01 3.387657993812736440e-02
1.564909670191432511e-01 3.350537174954748565e-02
1.494745434447526389e-01 3.309807195232419147e-02
1.424834010603840406e-01 3.265177702952026806e-02
1.355168118211021178e-01 3.216354478107753823e-02
1.285756930204176862e-01 3.163060011866529464e-02
1.216592790831667187e-01 3.105009905168411646e-02
1.147686334841296757e-01 3.041939158997432335e-02
1.079045231525118942e-01 2.973584249654856113e-02
1.010683317773962420e-01 2.899692513788614673e-02
9.426139222891144476e-02 2.820016939009856519e-02
8.748445301455105849e-02 2.734309030201705418e-02
8.073933353954376724e-02 2.642339380695092263e-02
7.402654329770592956e-02 2.543866998342380822e-02
6.734727026933402805e-02 2.438664867788094964e-02
6.070290108520462469e-02 2.326515253798672883e-02
5.416525129026193708e-02 2.208260369317880528e-02
4.786781532628924668e-02 2.084409960560398151e-02
4.180558385202055860e-02 1.952742883750338207e-02
3.596312250532585075e-02 1.811273037388456963e-02
3.032639939691223960e-02 1.658356934861902193e-02
2.488087531502839594e-02 1.492554093990982808e-02
1.961138287302147815e-02 1.312528741158790202e-02
1.450292958685686119e-02 1.116991874409603396e-02
9.542426439163672128e-03 9.047099507853824385e-03
5.669517548719906971e-03 7.203021891987891091e-03
4.010419859542948412e-03 6.234340256738023743e-03
2.994642396789180989e-03 5.479446435878231741e-03
2.178466832805191558e-03 4.704440025871819281e-03
1.580848045945015736e-03 3.969415540370674865e-03
1.082194179624668736e-03 3.157612265898155669e-03
7.084068422738925251e-04 2.324477096420619893e-03
4.404174162834385148e-04 1.447058874774653087e-03
3.016014778883975567e-04 6.478254556833314397e-04
2.661746578725567134e-04 -1.475330058893126227e-04
3.327622931467979161e-04 -8.821803072979388181e-04
4.779967791672151320e-04 -1.535396787998536934e-03
7.001240062790340356e-04 -2.156493663887214512e-03
9.967147262475229471e-04 -2.737399846875416317e-03
1.364771577184058443e-03 -3.267553499380334257e-03
1.798854657260859141e-03 -3.739533810334064786e-03
2.416744938700891941e-03 -4.251928037345039692e-03
3.184507274425198761e-03 -4.739870442780176434e-03
4.509436807205902294e-03 -5.378088242542259333e-03
7.412645212096085311e-03 -6.470198649603528876e-03
1.241765672501893812e-02 -8.128927874353526414e-03
1.756836429121445137e-02 -9.602073514878741237e-03
2.288610302210806330e-02 -1.090320595483807581e-02
2.839676324315813793e-02 -1.204637668036460940e-02
3.411768986271228321e-02 -1.304444553407863548e-02
4.007205746046674927e-02 -1.391358497652498902e-02
4.628418726000223249e-02 -1.467341204662276667e-02
5.278018330861164453e-02 -1.534879506048896294e-02
5.959618210195841148e-02 -1.597278598573555891e-02
6.657143311259566820e-02 -1.656195433235272199e-02
7.356184028328387192e-02 -1.711072252583234130e-02
8.056528150192417137e-02 -1.762023421660612738e-02
8.758182648187962105e-02 -1.809183222418822914e-02
9.461118901504415868e-02 -1.852684612387478849e-02
1.016534095291867223e-01 -1.892663873477935799e-02
1.087081927793307062e-01 -1.929256528192650755e-02
1.157755864716636524e-01 -1.962601203444047648e-02
1.228552526475914786e-01 -1.992835903875923506e-02
1.299472836095595107e-01 -2.020101831808480616e-02
1.370512643063088176e-01 -2.044539465439618176e-02
1.441673694424969732e-01 -2.066292715891437926e-02
1.512950968370643245e-01 -2.085504651003207768e-02
1.584346670950214919e-01 -2.102321758532802939e-02
1.655855907343137534e-01 -2.116890068094480493e-02
1.727479660717794463e-01 -2.129358333403472830e-02
1.799214809732838372e-01 -2.139875861249336195e-02
1.871060332144330596e-01 -2.148593753496492662e-02
1.943009280152065144e-01 -2.155663267888836832e-02
2.014998068250345997e-01 -2.161186472971103265e-02
2.087004824035110784e-01 -2.165196265285083965e-02
2.159029002742788583e-01 -2.167720895947254645e-02
2.231071141810570535e-01 -2.168788717230916291e-02
2.303131029218591086e-01 -2.168428101172058947e-02
2.375208754601672578e-01 -2.166667477941319406e-02
2.447304606414874018e-01 -2.163535311956039930e-02
2.519418203671017764e-01 -2.159060145702681316e-02
2.591550222674204318e-01 -2.153270507006669818e-02
2.663700149841376486e-01 -2.146195054436779090e-02
2.735868347143176615e-01 -2.137862426088835144e-02
2.808054835798155513e-01 -2.128301335196939453e-02
2.880259431783058766e-01 -2.117540578125201925e-02
2.952482705584477674e-01 -2.105608884570668929e-02
3.024724128454066019e-01 -2.092535207853680676e-02
3.096984188955288486e-01 -2.078348378943175798e-02
3.169262721086739121e-01 -2.063077394710068416e-02
3.241559703213447996e-01 -2.046751280643331963e-02
3.313875552592397411e-01 -2.029399007318618414e-02
3.386209815289853431e-01 -2.011049801701298573e-02
3.458563024835449862e-01 -1.991732697513388592e-02
3.530934909608265948e-01 -1.971476983642551570e-02
3.603325531490163547e-01 -1.950311915831768120e-02
3.675735236000136075e-01 -1.928266711152121574e-02
3.748163605468767812e-01 -1.905370868796899333e-02
3.820611178731367352e-01 -1.881653641156218193e-02
3.893077660995773459e-01 -1.857144596043427270e-02
3.965563117627561862e-01 -1.831873239173452059e-02
4.038067904741625136e-01 -1.805869020422909768e-02
4.110591601607715972e-01 -1.779161718478070031e-02
4.183134712361563090e-01 -1.751780827216926212e-02
4.255697001911840083e-01 -1.723756164032738333e-02
4.328278458277259322e-01 -1.695117518355979125e-02
4.400879530998641487e-01 -1.665894545079474667e-02
4.473499756371003278e-01 -1.636117316220380216e-02
4.546139563523350913e-01 -1.605815594635945712e-02
4.618798860192363520e-01 -1.575019406994997498e-02
4.691477427096173436e-01 -1.543758870135214512e-02
4.764175816308517941e-01 -1.512063673673271456e-02
4.836893522300226844e-01 -1.479963953517732071e-02
4.909630898451558534e-01 -1.447489523440551734e-02
4.982388119766326118e-01 -1.414670324199244870e-02
5.055164932975531045e-01 -1.381536542561695446e-02
5.127961920130595930e-01 -1.348118037138240285e-02
5.200778796474997412e-01 -1.314445113608087891e-02
5.273615646833287318e-01 -1.280547961714219828e-02
5.346472953048224674e-01 -1.246456636636328157e-02
5.419350314183594142e-01 -1.212201658010913542e-02
5.492248132692300056e-01 -1.177813221625641747e-02
5.565166479738880012e-01 -1.143321730451795151e-02
5.638105163319120372e-01 -1.108757764833239075e-02
5.711064653296553661e-01 -1.074151643975835430e-02
5.784025843695118629e-01 -1.039543022497239032e-02
5.856966616725833852e-01 -1.004972987916643440e-02
5.929886216269637522e-01 -9.704724462653491548e-03
6.002785236811052361e-01 -9.360716113371856870e-03
6.075663482618447464e-01 -9.018010184596197618e-03
6.148521029560832796e-01 -8.676910218279387105e-03
6.221358277751318777e-01 -8.337717726317236955e-03
6.294174818165670926e-01 -8.000737468475375633e-03
6.366971146105551149e-01 -7.666269481695659783e-03
6.439747329149245747e-01 -7.334615282449987068e-03
6.512503101887832102e-01 -7.006077365630444635e-03
6.585239036831392889e-01 -6.680953919614293461e-03
6.657954865377408993e-01 -6.359546407372230342e-03
6.730650790635037684e-01 -6.042153657090971672e-03
6.803327152163434199e-01 -5.729073424474355296e-03
6.875983429567705807e-01 -5.420606640291997930e-03
6.948620323472606275e-01 -5.117048502553734647e-03
7.021237666347949213e-01 -4.818697402703969387e-03
7.093835451645716939e-01 -4.525850507166829031e-03
7.166414126662461470e-01 -4.238802666598171474e-03
7.238973247088185126e-01 -3.957851757896940596e-03
7.311513352663541188e-01 -3.683291287617385633e-03
7.384034419787306458e-01 -3.415416472913010947e-03
7.456536314429563772e-01 -3.154522379324720387e-03
7.529019551556832557e-01 -2.900901242742841019e-03
7.601483723235256118e-01 -2.654848057794044740e-03
7.673929290210995680e-01 -2.416654298661963067e-03
7.746356292611884520e-01 -2.186612415204747424e-03
7.818764550809426117e-01 -1.965014998617173932e-03
7.891154607714452318e-01 -1.752151933512636518e-03
7.963526052613303374e-01 -1.548315458096751265e-03
8.035879348693847346e-01 -1.353794769752776454e-03
8.108214520364072087e-01 -1.168879859199365790e-03
8.180531423916368450e-01 -9.938605873476300066e-04
8.252830590820984247e-01 -8.290247018522177653e-04
8.325111569100036579e-01 -6.746617430814652941e-04
8.397374905150944979e-01 -5.310585350427125513e-04
8.469620529188692792e-01 -3.985027727666896284e-04
8.541848414310903026e-01 -2.772815000019499898e-04
8.614059041596326960e-01 -1.676804708397197727e-04
8.686251880225419608e-01 -6.998649895071555951e-05
8.758427639455971248e-01 1.551586353858971836e-05
8.830586078277704587e-01 8.854124234968776749e-05
8.902727366315008606e-01 1.488052785957574755e-04
8.974851799126448704e-01 1.960241054934791787e-04
9.046959021239011633e-01 2.299139339874670031e-04
9.119049692086835801e-01 2.501919732422399766e-04
9.191123421427347395e-01 2.565754779866674337e-04
9.263180653133624709e-01 2.487823758785367013e-04
9.335221404191824668e-01 2.265309577293381249e-04
9.407245627297013968e-01 1.895400794913505997e-04
9.479253828992805220e-01 1.375287198293203249e-04
9.551245485973064442e-01 7.021704107869775752e-05
9.623221358942876114e-01 -1.267542120708892509e-05
9.695181125863602256e-01 -1.114276522990445203e-04
9.767125121752849859e-01 -2.263189354985500282e-04
9.839053471133595297e-01 -3.576279105211642808e-04
9.910966066874058455e-01 -5.056322916145344947e-04
9.982863475606895687e-01 -6.706107798504046084e-04
