9.987142086029052734e-01 2.854431804735213518e-04
9.902998805046081543e-01 1.853345427662134171e-03
9.818599224090576172e-01 3.207262139767408371e-03
9.734363555908203125e-01 4.382240585982799530e-03
9.650712013244628906e-01 5.413328763097524643e-03
9.528444409370422363e-01 6.767440587282180786e-03
9.447707533836364746e-01 7.616692688316106796e-03
9.368529319763183594e-01 8.439184166491031647e-03
9.292076230049133301e-01 9.232357144355773926e-03
9.220132231712341309e-01 9.977739304304122925e-03
9.146007895469665527e-01 1.073793787509202957e-02
9.073135256767272949e-01 1.147903781384229660e-02
9.000617861747741699e-01 1.221336610615253448e-02
8.927855491638183594e-01 1.294808927923440933e-02
8.855672478675842285e-01 1.367449667304754257e-02
8.783681392669677734e-01 1.439685560762882233e-02
8.712348937988281250e-01 1.511006895452737808e-02
8.640309572219848633e-01 1.582777127623558044e-02
8.566944003105163574e-01 1.655589602887630463e-02
8.492015004158020020e-01 1.729654707014560699e-02
8.415423035621643066e-01 1.805040426552295685e-02
8.335988521575927734e-01 1.882850192487239838e-02
8.254653215408325195e-01 1.962139271199703217e-02
8.172339200973510742e-01 2.041974849998950958e-02
8.090176582336425781e-01 2.121251635253429413e-02
8.008405566215515137e-01 2.199677005410194397e-02
7.927148342132568359e-01 2.277141250669956207e-02
7.845758795738220215e-01 2.354186400771141052e-02
7.764279246330261230e-01 2.430758439004421234e-02
7.681713104248046875e-01 2.507749944925308228e-02
7.596482038497924805e-01 2.586603164672851562e-02
7.508715987205505371e-01 2.667062915861606598e-02
7.418985366821289062e-01 2.748581208288669586e-02
7.327767014503479004e-01 2.830610051751136780e-02
7.234831452369689941e-01 2.913271076977252960e-02
7.141517996788024902e-01 2.995309233665466309e-02
7.047740221023559570e-01 3.076754510402679443e-02
6.954864859580993652e-01 3.156355768442153931e-02
6.862881183624267578e-01 3.234124183654785156e-02
6.771492362022399902e-01 3.310280665755271912e-02
6.680151820182800293e-01 3.385191783308982849e-02
6.589949131011962891e-01 3.457976877689361572e-02
6.500273346900939941e-01 3.529154509305953979e-02
6.410591006278991699e-01 3.599122166633605957e-02
6.321523189544677734e-01 3.667360916733741760e-02
6.232441663742065430e-01 3.734300658106803894e-02
6.144143939018249512e-01 3.799328953027725220e-02
6.056470870971679688e-01 3.862560912966728210e-02
5.968552231788635254e-01 3.924563899636268616e-02
5.880059599876403809e-01 3.985586017370223999e-02
5.791771411895751953e-01 4.044967144727706909e-02
5.703638792037963867e-01 4.102828726172447205e-02
5.614799261093139648e-01 4.159605130553245544e-02
5.525214076042175293e-01 4.215206205844879150e-02
5.434521436691284180e-01 4.269854724407196045e-02
5.343583822250366211e-01 4.322959110140800476e-02
5.251581072807312012e-01 4.374851286411285400e-02
5.157755017280578613e-01 4.425862058997154236e-02
5.063024163246154785e-01 4.475438594818115234e-02
4.968542456626892090e-01 4.522989317774772644e-02
4.875378012657165527e-01 4.567974060773849487e-02
4.782816469669342041e-01 4.610751196742057800e-02
4.691131412982940674e-01 4.651119932532310486e-02
4.601011574268341064e-01 4.688835144042968750e-02
4.512412846088409424e-01 4.723872244358062744e-02
4.423825442790985107e-01 4.756917804479598999e-02
4.335400462150573730e-01 4.788073152303695679e-02
4.248217046260833740e-01 4.816991090774536133e-02
4.163132607936859131e-01 4.843442514538764954e-02
4.080126583576202393e-01 4.867459088563919067e-02
3.997872769832611084e-01 4.889437183737754822e-02
3.915503621101379395e-01 4.909494519233703613e-02
3.832043707370758057e-01 4.927641898393630981e-02
3.745933771133422852e-01 4.944153502583503723e-02
3.656536340713500977e-01 4.959147050976753235e-02
3.565463721752166748e-01 4.972282424569129944e-02
3.473857343196868896e-01 4.983187466859817505e-02
3.382886350154876709e-01 4.991515725851058960e-02
3.293551206588745117e-01 4.997160285711288452e-02
3.205498158931732178e-01 5.000002682209014893e-02
3.119053244590759277e-01 5.000207573175430298e-02
3.032872974872589111e-01 4.997696727514266968e-02
2.946273386478424072e-01 4.992497712373733521e-02
2.858772277832031250e-01 4.984321072697639465e-02
2.770684361457824707e-01 4.972886294126510620e-02
2.682498395442962646e-01 4.958508536219596863e-02
2.594530582427978516e-01 4.941138252615928650e-02
2.507124841213226318e-01 4.920582100749015808e-02
2.419532686471939087e-01 4.896377772092819214e-02
2.332101762294769287e-01 4.868132248520851135e-02
2.243312150239944458e-01 4.835099726915359497e-02
2.152455747127532959e-01 4.796358942985534668e-02
2.058799564838409424e-01 4.751234874129295349e-02
1.963431686162948608e-01 4.699951410293579102e-02
1.869411170482635498e-01 4.644159227609634399e-02
1.777918487787246704e-01 4.584266990423202515e-02
1.690681278705596924e-01 4.521708935499191284e-02
1.607808321714401245e-01 4.456365481019020081e-02
1.529403924942016602e-01 4.388384521007537842e-02
1.454087346792221069e-01 4.316952452063560486e-02
1.380012035369873047e-01 4.240641370415687561e-02
1.305338144302368164e-01 4.157143458724021912e-02
1.230915784835815430e-01 4.068155214190483093e-02
1.157136112451553345e-01 3.972917795181274414e-02
1.083761155605316162e-01 3.871293738484382629e-02
1.011403277516365051e-01 3.762752190232276917e-02
9.397863596677780151e-02 3.646884113550186157e-02
8.690834045410156250e-02 3.522890433669090271e-02
7.991380244493484497e-02 3.390460833907127380e-02
7.292944937944412231e-02 3.247681260108947754e-02
6.584348529577255249e-02 3.089875355362892151e-02
5.886232852935791016e-02 2.920250780880451202e-02
5.194327235221862793e-02 2.736980281770229340e-02
4.525009542703628540e-02 2.544994838535785675e-02
3.883500397205352783e-02 2.344661951065063477e-02
3.285834193229675293e-02 2.141789719462394714e-02
2.739141695201396942e-02 1.938359253108501434e-02
2.252915874123573303e-02 1.740647107362747192e-02
1.820604503154754639e-02 1.546001154929399490e-02
1.429474446922540665e-02 1.350017357617616653e-02
1.086026709526777267e-02 1.153166964650154114e-02
7.845189422369003296e-03 9.554583579301834106e-03
5.333538632839918137e-03 7.635280489921569824e-03
3.276279196143150330e-03 5.797533784061670303e-03
1.748938229866325855e-03 4.117142874747514725e-03
7.130608428269624710e-04 2.642203820869326591e-03
1.665010640863329172e-04 1.442583044990897179e-03
-4.451402128324843943e-05 4.694760718848556280e-04
-5.883808262296952307e-05 -3.243523824494332075e-04
1.071404185495339334e-04 -1.025895006023347378e-03
4.900484927929937840e-04 -1.706544542685151100e-03
1.151345903053879738e-03 -2.412455389276146889e-03
2.181187272071838379e-03 -3.187572350725531578e-03
3.676705295220017433e-03 -4.037602804601192474e-03
5.761560983955860138e-03 -4.932200536131858826e-03
8.568595163524150848e-03 -5.820640828460454941e-03
1.203953847289085388e-02 -6.660325452685356140e-03
1.617951504886150360e-02 -7.407271303236484528e-03
2.092939056456089020e-02 -8.060612715780735016e-03
2.617658488452434540e-02 -8.613256737589836121e-03
3.183362632989883423e-02 -9.066305123269557953e-03
3.786456212401390076e-02 -9.435457177460193634e-03
4.419174417853355408e-02 -9.738916531205177307e-03
5.094971135258674622e-02 -9.992994368076324463e-03
5.829492956399917603e-02 -1.021156925708055496e-02
6.619498878717422485e-02 -1.039489451795816422e-02
7.470550388097763062e-02 -1.055196113884449005e-02
8.360814303159713745e-02 -1.068846788257360458e-02
9.270429611206054688e-02 -1.080490089952945709e-02
1.018548235297203064e-01 -1.090202573686838150e-02
1.108848601579666138e-01 -1.098116859793663025e-02
1.196404770016670227e-01 -1.104308199137449265e-02
1.282189935445785522e-01 -1.109338551759719849e-02
1.366473138332366943e-01 -1.113534718751907349e-02
1.449409872293472290e-01 -1.117027457803487778e-02
1.531210690736770630e-01 -1.120064407587051392e-02
1.612149626016616821e-01 -1.122574508190155029e-02
1.693070232868194580e-01 -1.124650333076715469e-02
1.775492876768112183e-01 -1.126347109675407410e-02
1.860475093126296997e-01 -1.127642206847667694e-02
1.948121041059494019e-01 -1.128542982041835785e-02
2.038948684930801392e-01 -1.129063870757818222e-02
2.131386250257492065e-01 -1.129182614386081696e-02
2.224455326795578003e-01 -1.128873322159051895e-02
2.315891832113265991e-01 -1.128146145492792130e-02
2.405363321304321289e-01 -1.127013098448514938e-02
2.492006272077560425e-01 -1.125497557222843170e-02
2.577154338359832764e-01 -1.123582758009433746e-02
2.662332057952880859e-01 -1.121231261640787125e-02
2.747231125831604004e-01 -1.118476409465074539e-02
2.833032011985778809e-01 -1.115279551595449448e-02
2.920186817646026611e-01 -1.111580058932304382e-02
3.008443713188171387e-01 -1.107405219227075577e-02
3.096747696399688721e-01 -1.102760434150695801e-02
3.184360861778259277e-01 -1.097710896283388138e-02
3.270745575428009033e-01 -1.092263031750917435e-02
3.356569111347198486e-01 -1.086399238556623459e-02
3.443563878536224365e-01 -1.079919282346963882e-02
3.531187474727630615e-01 -1.072835642844438553e-02
3.621061146259307861e-01 -1.065007783472537994e-02
3.713875710964202881e-01 -1.056360453367233276e-02
3.808967769145965576e-01 -1.046902406960725784e-02
3.905634284019470215e-01 -1.036675646901130676e-02
4.001748859882354736e-01 -1.025888137519359589e-02
4.096182584762573242e-01 -1.014676038175821304e-02
4.188993871212005615e-01 -1.002996694296598434e-02
4.281546771526336670e-01 -9.906970895826816559e-03
4.372783005237579346e-01 -9.779195301234722137e-03
4.464348554611206055e-01 -9.644403122365474701e-03
4.556659162044525146e-01 -9.502178989350795746e-03
4.650568664073944092e-01 -9.350866079330444336e-03
4.745747447013854980e-01 -9.191009216010570526e-03
4.841332733631134033e-01 -9.023497812449932098e-03
4.936408996582031250e-01 -8.850216865539550781e-03
5.031881332397460938e-01 -8.669367991387844086e-03
5.127035975456237793e-01 -8.482698351144790649e-03
5.220998525619506836e-01 -8.291570469737052917e-03
5.314491987228393555e-01 -8.094999007880687714e-03
5.407087802886962891e-01 -7.894088514149188995e-03
5.498990416526794434e-01 -7.689043413847684860e-03
5.589262843132019043e-01 -7.482258137315511703e-03
5.676941275596618652e-01 -7.276712916791439056e-03
5.760979652404785156e-01 -7.075382862240076065e-03
5.842213630676269531e-01 -6.877058651298284531e-03
5.920328497886657715e-01 -6.682673003524541855e-03
5.996631383895874023e-01 -6.489524152129888535e-03
6.072710752487182617e-01 -6.294036749750375748e-03
6.149625778198242188e-01 -6.093769799917936325e-03
6.227831840515136719e-01 -5.887987557798624039e-03
6.307444572448730469e-01 -5.676564760506153107e-03
6.387934684753417969e-01 -5.461107008159160614e-03
6.469290256500244141e-01 -5.241866689175367355e-03
6.551795601844787598e-01 -5.018498748540878296e-03
6.635757684707641602e-01 -4.790537059307098389e-03
6.722078323364257812e-01 -4.556149709969758987e-03
6.810672283172607422e-01 -4.316115751862525940e-03
6.900523900985717773e-01 -4.073779098689556122e-03
6.990281939506530762e-01 -3.833418944850564003e-03
7.078570723533630371e-01 -3.599192947149276733e-03
7.164200544357299805e-01 -3.374670632183551788e-03
7.246766686439514160e-01 -3.161333501338958740e-03
7.326453924179077148e-01 -2.959069330245256424e-03
7.404641509056091309e-01 -2.764808246865868568e-03
7.483011484146118164e-01 -2.574736019596457481e-03
7.561888694763183594e-01 -2.388403052464127541e-03
7.641739845275878906e-01 -2.205231226980686188e-03
7.722681164741516113e-01 -2.025316469371318817e-03
7.804113626480102539e-01 -1.850632019340991974e-03
7.885271310806274414e-01 -1.683153794147074223e-03
7.965649962425231934e-01 -1.524394960142672062e-03
8.045451641082763672e-01 -1.374687533825635910e-03
8.125105500221252441e-01 -1.233400544151663780e-03
8.204943537712097168e-01 -1.100210938602685928e-03
8.284844160079956055e-01 -9.758268133737146854e-04
8.364555239677429199e-01 -8.601726731285452843e-04
8.443438410758972168e-01 -7.539839134551584721e-04
8.520761132240295410e-01 -6.580933113582432270e-04
8.595559597015380859e-01 -5.732865538448095322e-04
8.668578267097473145e-01 -4.988614236935973167e-04
8.741195797920227051e-01 -4.333262913860380650e-04
8.814302682876586914e-01 -3.755258512683212757e-04
8.889293670654296875e-01 -3.241012163925915956e-04
8.967010378837585449e-01 -2.780387876555323601e-04
9.046893119812011719e-01 -2.370863367104902864e-04
9.127950072288513184e-01 -2.010907483054324985e-04
9.208359718322753906e-01 -1.707906922092661262e-04
9.290064573287963867e-01 -1.427172101102769375e-04
9.364822506904602051e-01 -1.168499875348061323e-04
9.434166550636291504e-01 -9.112295811064541340e-05
9.500467181205749512e-01 -6.610216223634779453e-05
9.567593336105346680e-01 -4.486284524318762124e-05
9.601587653160095215e-01 -3.748219751287251711e-05
9.676383137702941895e-01 -3.696771091199479997e-05
9.764577150344848633e-01 -6.196104368427768350e-05
9.871360063552856445e-01 -1.202766870846971869e-04
1.000192046165466309e+00 -2.197291469201445580e-04
