airfoil018
1.000000000000000000e+00 9.349145693704485893e-04
9.918411374092102051e-01 2.127145649865269661e-03
9.836572408676147461e-01 3.263247432187199593e-03
9.754484891891479492e-01 4.346145316958427429e-03
9.672150611877441406e-01 5.378765054047107697e-03
9.548190236091613770e-01 6.839789450168609619e-03
9.465246796607971191e-01 7.759435568004846573e-03
9.382061362266540527e-01 8.639058098196983337e-03
9.298636913299560547e-01 9.481684304773807526e-03
9.214975833892822266e-01 1.029038149863481522e-02
9.131079316139221191e-01 1.106826309114694595e-02
9.046950936317443848e-01 1.181848812848329544e-02
8.962592482566833496e-01 1.254426036030054092e-02
8.878005743026733398e-01 1.324883103370666504e-02
8.793188333511352539e-01 1.393556501716375351e-02
8.708132505416870117e-01 1.460809260606765747e-02
8.622854948043823242e-01 1.526989322155714035e-02
8.537387847900390625e-01 1.592398807406425476e-02
8.451775312423706055e-01 1.657273620367050171e-02
8.366066217422485352e-01 1.721775159239768982e-02
8.280304670333862305e-01 1.785990968346595764e-02
8.194528818130493164e-01 1.849947124719619751e-02
8.108758926391601562e-01 1.913631893694400787e-02
8.022996187210083008e-01 1.977029629051685333e-02
7.937227487564086914e-01 2.040149644017219543e-02
7.851452231407165527e-01 2.103000693023204803e-02
7.765671610832214355e-01 2.165591716766357422e-02
7.679883837699890137e-01 2.227931283414363861e-02
7.594089508056640625e-01 2.290028519928455353e-02
7.508288621902465820e-01 2.351892180740833282e-02
7.422478795051574707e-01 2.413534373044967651e-02
7.336661219596862793e-01 2.474965341389179230e-02
7.250838875770568848e-01 2.536190859973430634e-02
7.165016531944274902e-01 2.597208507359027863e-02
7.079198956489562988e-01 2.658007293939590454e-02
6.993392109870910645e-01 2.718566358089447021e-02
6.907599568367004395e-01 2.778857573866844177e-02
6.821824908256530762e-01 2.838847227394580841e-02
6.736067533493041992e-01 2.898500300943851471e-02
6.650327444076538086e-01 2.957784198224544525e-02
6.564602851867675781e-01 3.016667254269123077e-02
6.478894948959350586e-01 3.075117617845535278e-02
6.393201947212219238e-01 3.133103623986244202e-02
6.307525634765625000e-01 3.190593048930168152e-02
6.221864223480224609e-01 3.247554600238800049e-02
6.136218309402465820e-01 3.303956240415573120e-02
6.050587296485900879e-01 3.359767049551010132e-02
5.964971780776977539e-01 3.414954617619514465e-02
5.879371166229248047e-01 3.469488024711608887e-02
5.793785452842712402e-01 3.523335605859756470e-02
5.708214044570922852e-01 3.576465696096420288e-02
5.622657537460327148e-01 3.628847002983093262e-02
5.537115335464477539e-01 3.680448234081268311e-02
5.451587438583374023e-01 3.731238096952438354e-02
5.366073846817016602e-01 3.781185299158096313e-02
5.280573964118957520e-01 3.830258175730705261e-02
5.195087790489196777e-01 3.878426179289817810e-02
5.109615921974182129e-01 3.925657644867897034e-02
5.024157166481018066e-01 3.971922025084495544e-02
4.938712418079376221e-01 4.017187282443046570e-02
4.853280484676361084e-01 4.061423242092132568e-02
4.767861962318420410e-01 4.104598611593246460e-02
4.682455658912658691e-01 4.146683216094970703e-02
4.597059190273284912e-01 4.187650233507156372e-02
4.511674940586090088e-01 4.227470979094505310e-02
4.426307976245880127e-01 4.266109690070152283e-02
4.340965747833251953e-01 4.303518682718276978e-02
4.255656599998474121e-01 4.339636117219924927e-02
4.170388877391815186e-01 4.374387860298156738e-02
4.085169434547424316e-01 4.407687857747077942e-02
4.000002741813659668e-01 4.439442232251167297e-02
3.914889097213745117e-01 4.469555988907814026e-02
3.829827010631561279e-01 4.497937113046646118e-02
3.744816482067108154e-01 4.524496197700500488e-02
3.659857511520385742e-01 4.549142718315124512e-02
3.574950695037841797e-01 4.571787640452384949e-02
3.490096032619476318e-01 4.592341184616088867e-02
3.405294120311737061e-01 4.610714688897132874e-02
3.320545256137847900e-01 4.626820236444473267e-02
3.235849440097808838e-01 4.640569165349006653e-02
3.151206672191619873e-01 4.651874303817749023e-02
3.066617846488952637e-01 4.660646989941596985e-02
2.982082664966583252e-01 4.666801542043685913e-02
2.897601425647735596e-01 4.670250415802001953e-02
2.813174724578857422e-01 4.670907557010650635e-02
2.728802561759948730e-01 4.668686538934707642e-02
2.644484937191009521e-01 4.663502052426338196e-02
2.560222148895263672e-01 4.655268788337707520e-02
2.476014494895935059e-01 4.643900692462921143e-02
2.391861975193023682e-01 4.629314318299293518e-02
2.307765036821365356e-01 4.611423984169960022e-02
2.223723530769348145e-01 4.590146243572235107e-02
2.139737606048583984e-01 4.565397650003433228e-02
2.055806219577789307e-01 4.537092894315719604e-02
1.971901208162307739e-01 4.505153000354766846e-02
1.888020634651184082e-01 4.469545930624008179e-02
1.804216355085372925e-01 4.430228099226951599e-02
1.720579117536544800e-01 4.387067630887031555e-02
1.637223213911056519e-01 4.339797794818878174e-02
1.554270535707473755e-01 4.287995025515556335e-02
1.471834629774093628e-01 4.231082648038864136e-02
1.390004158020019531e-01 4.168355464935302734e-02
1.308825314044952393e-01 4.099029675126075745e-02
1.228288486599922180e-01 4.022316262125968933e-02
1.148389428853988647e-01 3.937499970197677612e-02
1.069137901067733765e-01 3.843908756971359253e-02
9.905418008565902710e-02 3.740896657109260559e-02
9.126088768243789673e-02 3.627842664718627930e-02
8.353453129529953003e-02 3.504148498177528381e-02
7.587552070617675781e-02 3.369235247373580933e-02
6.828407198190689087e-02 3.222540020942687988e-02
6.070059910416603088e-02 3.061918914318084717e-02
5.311457812786102295e-02 2.887075766921043396e-02
4.565961286425590515e-02 2.701091766357421875e-02
3.852874413132667542e-02 2.507796511054039001e-02
3.191068768501281738e-02 2.310129441320896149e-02
2.594996429979801178e-02 2.109141647815704346e-02
2.073640190064907074e-02 1.904512569308280945e-02
1.629389077425003052e-02 1.695143617689609528e-02
1.256084349006414413e-02 1.478939130902290344e-02
9.333848953247070312e-03 1.244535390287637711e-02
6.544687785208225250e-03 9.978131391108036041e-03
4.242913331836462021e-03 7.534647826105356216e-03
2.471987856552004814e-03 5.310229491442441940e-03
1.218229415826499462e-03 3.432919504120945930e-03
4.229619516991078854e-04 1.958954147994518280e-03
1.023254662868566811e-05 8.794121677055954933e-04
-1.229563349625095725e-04 1.488022826379165053e-04
-7.682562863919883966e-05 -3.787044843193143606e-04
4.604232526617124677e-05 -9.232826414518058300e-04
3.025789919774979353e-04 -1.584777026437222958e-03
7.538183126598596573e-04 -2.404791535809636116e-03
1.445313799194991589e-03 -3.351897234097123146e-03
2.397411270067095757e-03 -4.407571628689765930e-03
3.892729291692376137e-03 -5.617329385131597519e-03
6.150871515274047852e-03 -6.976237054914236069e-03
9.272246621549129486e-03 -8.417042903602123260e-03
1.327729318290948868e-02 -9.882925078272819519e-03
1.810708828270435333e-02 -1.130595803260803223e-02
2.366909012198448181e-02 -1.264082454144954681e-02
2.979924157261848450e-02 -1.381108816713094711e-02
3.634937480092048645e-02 -1.475217565894126892e-02
4.320746287703514099e-02 -1.544343959540128708e-02
5.047114193439483643e-02 -1.595855690538883209e-02
5.810028687119483948e-02 -1.633414626121520996e-02
6.600862741470336914e-02 -1.659719273447990417e-02
7.409757375717163086e-02 -1.676881313323974609e-02
8.227268606424331665e-02 -1.686235330998897552e-02
9.046385437250137329e-02 -1.688347756862640381e-02
9.864583611488342285e-02 -1.683305017650127411e-02
1.068512499332427979e-01 -1.671411469578742981e-02
1.150875315070152283e-01 -1.653155870735645294e-02
1.233553662896156311e-01 -1.629027910530567169e-02
1.316554099321365356e-01 -1.599529571831226349e-02
1.399883031845092773e-01 -1.565175503492355347e-02
1.483547687530517578e-01 -1.526493392884731293e-02
1.567554771900177002e-01 -1.484024897217750549e-02
1.651917845010757446e-01 -1.438322104513645172e-02
1.736668050289154053e-01 -1.389962807297706604e-02
1.821792423725128174e-01 -1.339586917310953140e-02
1.907241344451904297e-01 -1.287830527871847153e-02
1.992940902709960938e-01 -1.235265843570232391e-02
2.078804373741149902e-01 -1.182360760867595673e-02
2.164745926856994629e-01 -1.129455119371414185e-02
2.250692844390869141e-01 -1.076756976544857025e-02
2.336598634719848633e-01 -1.024357415735721588e-02
2.422455251216888428e-01 -9.722657501697540283e-03
2.508288919925689697e-01 -9.204749949276447296e-03
2.594101727008819580e-01 -8.690210990607738495e-03
2.679893374443054199e-01 -8.179428987205028534e-03
2.765663862228393555e-01 -7.672793697565793991e-03
2.851413786411285400e-01 -7.170693948864936829e-03
2.937143146991729736e-01 -6.673517636954784393e-03
3.022851645946502686e-01 -6.181652192026376724e-03
3.108540177345275879e-01 -5.695484112948179245e-03
3.194208145141601562e-01 -5.215399432927370071e-03
3.279856145381927490e-01 -4.741783253848552704e-03
3.365484178066253662e-01 -4.275021143257617950e-03
3.451092243194580078e-01 -3.815496573224663734e-03
3.536680638790130615e-01 -3.363593248650431633e-03
3.622249364852905273e-01 -2.919694641605019569e-03
3.707798421382904053e-01 -2.484182361513376236e-03
3.793328404426574707e-01 -2.057438250631093979e-03
3.878839313983917236e-01 -1.639843452721834183e-03
3.964330554008483887e-01 -1.231778529472649097e-03
4.049803018569946289e-01 -8.336232276633381844e-04
4.135256707668304443e-01 -4.457565373741090298e-04
4.220691621303558350e-01 -6.855715037090703845e-05
4.306106865406036377e-01 2.975878014694899321e-04
4.391501247882843018e-01 6.522634066641330719e-04
4.476877152919769287e-01 9.950774256139993668e-04
4.562240242958068848e-01 1.325709396041929722e-03
4.647596478462219238e-01 1.643942552618682384e-03
4.732953310012817383e-01 1.949678873643279076e-03
4.818318188190460205e-01 2.242937451228499413e-03
4.903695881366729736e-01 2.523836446925997734e-03
4.989089667797088623e-01 2.792558167129755020e-03
5.074498653411865234e-01 3.049297258257865906e-03
5.159922242164611816e-01 3.294218098744750023e-03
5.245358347892761230e-01 3.527479711920022964e-03
5.330808758735656738e-01 3.749241121113300323e-03
5.416271686553955078e-01 3.959662280976772308e-03
5.501747727394104004e-01 4.158902447670698166e-03
5.587236881256103516e-01 4.347120877355337143e-03
5.672738552093505859e-01 4.524477757513523102e-03
5.758252739906311035e-01 4.691132809966802597e-03
5.843778848648071289e-01 4.847246222198009491e-03
5.929317474365234375e-01 4.992977250367403030e-03
6.014867424964904785e-01 5.128487013280391693e-03
6.100429296493530273e-01 5.253935698419809341e-03
6.186003684997558594e-01 5.369483493268489838e-03
6.271588802337646484e-01 5.475290585309267044e-03
6.357185244560241699e-01 5.571518559008836746e-03
6.442792415618896484e-01 5.658327136188745499e-03
6.528410911560058594e-01 5.735877901315689087e-03
6.614039540290832520e-01 5.804331041872501373e-03
6.699678897857666016e-01 5.863848607987165451e-03
6.785328984260559082e-01 5.914590787142515182e-03
6.870989203453063965e-01 5.956719629466533661e-03
6.956661939620971680e-01 5.990417208522558212e-03
7.042347192764282227e-01 6.015894003212451935e-03
7.128039598464965820e-01 6.033318117260932922e-03
7.213731408119201660e-01 6.042753811925649643e-03
7.299413084983825684e-01 6.044121459126472473e-03
7.385075092315673828e-01 6.037182174623012543e-03
7.470707893371582031e-01 6.021545734256505966e-03
7.556305527687072754e-01 5.996695719659328461e-03
7.641865611076354980e-01 5.962043534964323044e-03
7.727389335632324219e-01 5.916999187320470810e-03
7.812878489494323730e-01 5.861009471118450165e-03
7.898332476615905762e-01 5.793527700006961823e-03
7.983750700950622559e-01 5.714009050279855728e-03
8.069133162498474121e-01 5.621907301247119904e-03
8.154480457305908203e-01 5.516680888831615448e-03
8.239791989326477051e-01 5.397787317633628845e-03
8.325067162513732910e-01 5.264685954898595810e-03
8.410305976867675781e-01 5.116837099194526672e-03
8.495509028434753418e-01 4.953703377395868301e-03
8.580675721168518066e-01 4.774747416377067566e-03
8.665805459022521973e-01 4.579434171319007874e-03
8.750898241996765137e-01 4.367228597402572632e-03
8.835954666137695312e-01 4.137597978115081787e-03
8.920974135398864746e-01 3.890010062605142593e-03
9.005956053733825684e-01 3.623934462666511536e-03
9.090901017189025879e-01 3.338841954246163368e-03
9.175807833671569824e-01 3.034203546121716499e-03
9.260677695274353027e-01 2.709492808207869530e-03
9.345510005950927734e-01 2.364183543249964714e-03
9.430304169654846191e-01 1.997750950977206230e-03
9.515060782432556152e-01 1.609672093763947487e-03
9.599779248237609863e-01 1.199423917569220066e-03
9.642124772071838379e-01 9.858236880972981453e-04
9.726786017417907715e-01 5.413464969024062157e-04
9.811409115791320801e-01 7.339949661400169134e-05
9.895994067192077637e-01 -4.185381112620234489e-04
9.980540871620178223e-01 -9.349870961159467697e-04
