9.990730881690979004e-01 1.957073836820200086e-04
9.922655224800109863e-01 1.711838063783943653e-03
9.845620989799499512e-01 3.112994832918047905e-03
9.761892557144165039e-01 4.407374653965234756e-03
9.673734903335571289e-01 5.603173747658729553e-03
9.540272355079650879e-01 7.214461918920278549e-03
9.451634287834167480e-01 8.205828256905078888e-03
9.365128278732299805e-01 9.136864915490150452e-03
9.282022714614868164e-01 1.000583451241254807e-02
9.204884171485900879e-01 1.079108938574790955e-02
9.126046299934387207e-01 1.158150378614664078e-02
9.049305915832519531e-01 1.233773119747638702e-02
8.973025083541870117e-01 1.308255735784769058e-02
8.896711468696594238e-01 1.382251642644405365e-02
8.820393681526184082e-01 1.455678045749664307e-02
8.742443323135375977e-01 1.530224829912185669e-02
8.662557005882263184e-01 1.606127247214317322e-02
8.579177260398864746e-01 1.684882305562496185e-02
8.493254184722900391e-01 1.765532046556472778e-02
8.405489921569824219e-01 1.847411133348941803e-02
8.317053318023681641e-01 1.929389871656894684e-02
8.227915167808532715e-01 2.011467330157756805e-02
8.140169978141784668e-01 2.091715298593044281e-02
8.054226636886596680e-01 2.169753424823284149e-02
7.970951199531555176e-01 2.244852297008037567e-02
7.890145778656005859e-01 2.317190915346145630e-02
7.811972498893737793e-01 2.386707253754138947e-02
7.736171483993530273e-01 2.453625947237014771e-02
7.662110924720764160e-01 2.518523111939430237e-02
7.587416768074035645e-01 2.583404071629047394e-02
7.510743737220764160e-01 2.649462595582008362e-02
7.431881427764892578e-01 2.716802433133125305e-02
7.350248694419860840e-01 2.785916253924369812e-02
7.265554666519165039e-01 2.856890112161636353e-02
7.177771329879760742e-01 2.929684892296791077e-02
7.089014053344726562e-01 3.002470731735229492e-02
7.000126242637634277e-01 3.074528463184833527e-02
6.911423802375793457e-01 3.145511075854301453e-02
6.822224259376525879e-01 3.215976059436798096e-02
6.733914017677307129e-01 3.284794837236404419e-02
6.646243333816528320e-01 3.352114930748939514e-02
6.559210419654846191e-01 3.417931124567985535e-02
6.471231579780578613e-01 3.483443334698677063e-02
6.382529139518737793e-01 3.548453375697135925e-02
6.293806433677673340e-01 3.612370043992996216e-02
6.204668283462524414e-01 3.675420954823493958e-02
6.115067601203918457e-01 3.737687692046165466e-02
6.025272011756896973e-01 3.798943758010864258e-02
5.936006903648376465e-01 3.858597949147224426e-02
5.847145915031433105e-01 3.916765376925468445e-02
5.759196281433105469e-01 3.973127901554107666e-02
5.671575665473937988e-01 4.028096050024032593e-02
5.584294795989990234e-01 4.081584140658378601e-02
5.496751070022583008e-01 4.133902117609977722e-02
5.408326983451843262e-01 4.185426607728004456e-02
5.319554805755615234e-01 4.235842451453208923e-02
5.229595303535461426e-01 4.285517707467079163e-02
5.138565301895141602e-01 4.334361478686332703e-02
5.046947598457336426e-01 4.382056370377540588e-02
4.955867528915405273e-01 4.428023844957351685e-02
4.865020513534545898e-01 4.472340643405914307e-02
4.774266779422760010e-01 4.515044018626213074e-02
4.682905673980712891e-01 4.556363821029663086e-02
4.591774940490722656e-01 4.595980793237686157e-02
4.501083195209503174e-01 4.633729159832000732e-02
4.410103261470794678e-01 4.669979587197303772e-02
4.319770634174346924e-01 4.704356566071510315e-02
4.230664372444152832e-01 4.736613854765892029e-02
4.144265055656433105e-01 4.766304790973663330e-02
4.060032665729522705e-01 4.793716967105865479e-02
3.977346122264862061e-01 4.819022491574287415e-02
3.895081877708435059e-01 4.842582717537879944e-02
3.813364505767822266e-01 4.864251986145973206e-02
3.731224536895751953e-01 4.884374886751174927e-02
3.648261427879333496e-01 4.903069883584976196e-02
3.565174341201782227e-01 4.920197650790214539e-02
3.481514155864715576e-01 4.935634136199951172e-02
3.398209810256958008e-01 4.948996379971504211e-02
3.315172791481018066e-01 4.960303381085395813e-02
3.232340812683105469e-01 4.969589412212371826e-02
3.150043785572052002e-01 4.976915568113327026e-02
3.068242073059082031e-01 4.982195422053337097e-02
2.986712753772735596e-01 4.985318332910537720e-02
2.904649972915649414e-01 4.985952377319335938e-02
2.821644842624664307e-01 4.983753710985183716e-02
2.737554013729095459e-01 4.979207366704940796e-02
2.652424871921539307e-01 4.972139000892639160e-02
2.565883994102478027e-01 4.962127283215522766e-02
2.477281391620635986e-01 4.948303103446960449e-02
2.386437654495239258e-01 4.929835721850395203e-02
2.292688935995101929e-01 4.905992001295089722e-02
2.195241898298263550e-01 4.875700175762176514e-02
2.094525098800659180e-01 4.838997870683670044e-02
1.993399709463119507e-01 4.796962067484855652e-02
1.897206008434295654e-01 4.752247035503387451e-02
1.807160079479217529e-01 4.705105721950531006e-02
1.724105030298233032e-01 4.656286165118217468e-02
1.646409481763839722e-01 4.604549705982208252e-02
1.572321504354476929e-01 4.549004510045051575e-02
1.498536169528961182e-01 4.487053304910659790e-02
1.421762853860855103e-01 4.416144639253616333e-02
1.341792345046997070e-01 4.335613548755645752e-02
1.261730641126632690e-01 4.249591752886772156e-02
1.183896288275718689e-01 4.158784449100494385e-02
1.107970774173736572e-01 4.063041135668754578e-02
1.033921167254447937e-01 3.959715366363525391e-02
9.595777839422225952e-02 3.843514248728752136e-02
8.840262144804000854e-02 3.711422532796859741e-02
8.052220195531845093e-02 3.558978810906410217e-02
7.228718698024749756e-02 3.384011238813400269e-02
6.403316557407379150e-02 3.194931894540786743e-02
5.625753104686737061e-02 3.002039343118667603e-02
4.907426983118057251e-02 2.807603590190410614e-02
4.261837527155876160e-02 2.614890038967132568e-02
3.674755990505218506e-02 2.417584694921970367e-02
3.128527104854583740e-02 2.210706472396850586e-02
2.611900866031646729e-02 1.990436203777790070e-02
2.110959403216838837e-02 1.754466257989406586e-02
1.628842018544673920e-02 1.504613831639289856e-02
1.198801677674055099e-02 1.257979497313499451e-02
8.388681337237358093e-03 1.021826732903718948e-02
5.531076807528734207e-03 8.048632182180881500e-03
3.452029312029480934e-03 6.147800013422966003e-03
1.989547396078705788e-03 4.528348799794912338e-03
1.040329923853278160e-03 3.189469454810023308e-03
4.639037651941180229e-04 2.080713165923953056e-03
1.351077953586354852e-04 1.147992676123976707e-03
-4.670332782552577555e-05 3.288710431661456823e-04
-6.473829125752672553e-05 -3.976795414928346872e-04
6.656106961600016803e-06 -1.126631395891308784e-03
1.562631805427372456e-04 -1.869286294095218182e-03
4.400534089654684067e-04 -2.650036942213773727e-03
9.280114318244159222e-04 -3.471934935078024864e-03
1.793732633814215660e-03 -4.355898126959800720e-03
3.210305934771895409e-03 -5.305454600602388382e-03
5.347272381186485291e-03 -6.295348983258008957e-03
8.154617622494697571e-03 -7.281593047082424164e-03
1.165981218218803406e-02 -8.223848417401313782e-03
1.584916561841964722e-02 -9.078439325094223022e-03
2.068124897778034210e-02 -9.789001196622848511e-03
2.621924132108688354e-02 -1.033996604382991791e-02
3.248139098286628723e-02 -1.072640530765056610e-02
3.949084132909774780e-02 -1.097879279404878616e-02
4.722788557410240173e-02 -1.111936196684837341e-02
5.556270107626914978e-02 -1.116834767162799835e-02
6.405668705701828003e-02 -1.113972160965204239e-02
7.250472158193588257e-02 -1.105674356222152710e-02
8.081488311290740967e-02 -1.092637889087200165e-02
8.900461345911026001e-02 -1.075287722051143646e-02
9.714508056640625000e-02 -1.054926309734582901e-02
1.053312644362449646e-01 -1.032177545130252838e-02
1.136262863874435425e-01 -1.008011586964130402e-02
1.221377924084663391e-01 -9.825925342738628387e-03
1.307540833950042725e-01 -9.563776664435863495e-03
1.393056213855743408e-01 -9.297010488808155060e-03
1.476885080337524414e-01 -9.031788446009159088e-03
1.560305804014205933e-01 -8.765798062086105347e-03
1.643224060535430908e-01 -8.501019328832626343e-03
1.726171076297760010e-01 -8.236957713961601257e-03
1.810120046138763428e-01 -7.971175014972686768e-03
1.896522194147109985e-01 -7.699695881456136703e-03
1.985479742288589478e-01 -7.422821596264839172e-03
2.075621187686920166e-01 -7.145378272980451584e-03
2.167193442583084106e-01 -6.867227610200643539e-03
2.258304655551910400e-01 -6.594440434128046036e-03
2.349381893873214722e-01 -6.325814407318830490e-03
2.439146935939788818e-01 -6.065604276955127716e-03
2.527331709861755371e-01 -5.814324598759412766e-03
2.613811790943145752e-01 -5.572140216827392578e-03
2.699438929557800293e-01 -5.336355417966842651e-03
2.784229815006256104e-01 -5.107296630740165710e-03
2.869242727756500244e-01 -4.882386419922113419e-03
2.955798506736755371e-01 -4.657942801713943481e-03
3.043048679828643799e-01 -4.436327144503593445e-03
3.130809068679809570e-01 -4.217510577291250229e-03
3.218956589698791504e-01 -4.002036992460489273e-03
3.305451869964599609e-01 -3.794505493715405464e-03
3.390565812587738037e-01 -3.594714915379881859e-03
3.474943041801452637e-01 -3.401255002245306969e-03
3.559991419315338135e-01 -3.210972063243389130e-03
3.647099435329437256e-01 -3.020587144419550896e-03
3.737170994281768799e-01 -2.828344237059354782e-03
3.829825520515441895e-01 -2.635295968502759933e-03
3.923846781253814697e-01 -2.443990670144557953e-03
4.017812311649322510e-01 -2.256974577903747559e-03
4.109712243080139160e-01 -2.078801859170198441e-03
4.200502932071685791e-01 -1.907451776787638664e-03
4.290317595005035400e-01 -1.742723747156560421e-03
4.379310309886932373e-01 -1.583870034664869308e-03
4.468283653259277344e-01 -1.429342315532267094e-03
4.558922648429870605e-01 -1.276249065995216370e-03
4.651312232017517090e-01 -1.124449190683662891e-03
4.744511246681213379e-01 -9.755310602486133575e-04
4.837158918380737305e-01 -8.316370658576488495e-04
4.929775595664978027e-01 -6.920946179889142513e-04
5.022227764129638672e-01 -5.568232736550271511e-04
5.113760232925415039e-01 -4.268762713763862848e-04
5.203422307968139648e-01 -3.035629633814096451e-04
5.291389822959899902e-01 -1.862195931607857347e-04
5.378600955009460449e-01 -7.329002255573868752e-05
5.463894605636596680e-01 3.405525421840138733e-05
5.546355247497558594e-01 1.349434896837919950e-04
5.626592636108398438e-01 2.301060158060863614e-04
5.705894231796264648e-01 3.214946773368865252e-04
5.784670710563659668e-01 4.095776530448347330e-04
5.863934159278869629e-01 4.954559262841939926e-04
5.944675207138061523e-01 5.801138468086719513e-04
6.027429699897766113e-01 6.641515647061169147e-04
6.112264394760131836e-01 7.477191975340247154e-04
6.196981668472290039e-01 8.285666117444634438e-04
6.280491352081298828e-01 9.056402486748993397e-04
6.363003849983215332e-01 9.791963966563344002e-04
6.443844437599182129e-01 1.048617530614137650e-03
6.523221731185913086e-01 1.114104292355477810e-03
6.602251529693603516e-01 1.176613382995128632e-03
6.681805849075317383e-01 1.236930489540100098e-03
6.762076616287231445e-01 1.295263879001140594e-03
6.842936873435974121e-01 1.351469312794506550e-03
6.923559904098510742e-01 1.404776354320347309e-03
7.004050016403198242e-01 1.455137389712035656e-03
7.084476947784423828e-01 1.502567203715443611e-03
7.164955139160156250e-01 1.546789892017841339e-03
7.246118783950805664e-01 1.587905455380678177e-03
7.329007387161254883e-01 1.626100623980164528e-03
7.413839101791381836e-01 1.661128946579992771e-03
7.500421404838562012e-01 1.692461199127137661e-03
7.588192820549011230e-01 1.719639170914888382e-03
7.676813602447509766e-01 1.741842366755008698e-03
7.766014337539672852e-01 1.758410595357418060e-03
7.855156660079956055e-01 1.768612302839756012e-03
7.944412827491760254e-01 1.771844225004315376e-03
8.033809065818786621e-01 1.767570967786014080e-03
8.123360872268676758e-01 1.755500095896422863e-03
8.212306499481201172e-01 1.735487021505832672e-03
8.299478888511657715e-01 1.707980642095208168e-03
8.383610844612121582e-01 1.673623337410390377e-03
8.465031385421752930e-01 1.632175524719059467e-03
8.543592095375061035e-01 1.584038254804909229e-03
8.620101809501647949e-01 1.528565771877765656e-03
8.696399331092834473e-01 1.464460976421833038e-03
8.774327039718627930e-01 1.390199060551822186e-03
8.855134844779968262e-01 1.304801553487777710e-03
8.939000368118286133e-01 1.208508270792663097e-03
9.024578928947448730e-01 1.103798625990748405e-03
9.110085964202880859e-01 9.940448217093944550e-04
9.194957017898559570e-01 8.813591557554900646e-04
9.280827045440673828e-01 7.683320436626672745e-04
9.358974695205688477e-01 6.673892494291067123e-04
9.431517720222473145e-01 5.783485248684883118e-04
9.501491785049438477e-01 4.980735830031335354e-04
9.572397470474243164e-01 4.208019236102700233e-04
9.608024358749389648e-01 3.825817839242517948e-04
9.685002565383911133e-01 2.955301315523684025e-04
9.773375391960144043e-01 1.859855692600831389e-04
9.877660870552062988e-01 4.393491690279915929e-05
1.000237345695495605e+00 -1.406350202159956098e-04
