airfoil011
9.996231794357299805e-01 4.176449729129672050e-04
9.912435412406921387e-01 2.139991382136940956e-03
9.823555350303649902e-01 3.770116018131375313e-03
9.731516242027282715e-01 5.298675969243049622e-03
9.638242125511169434e-01 6.716329604387283325e-03
9.503113031387329102e-01 8.576960302889347076e-03
9.416002631187438965e-01 9.665366262197494507e-03
9.332035183906555176e-01 1.064525265246629715e-02
9.252093434333801270e-01 1.151858642697334290e-02
9.178774952888488770e-01 1.226954720914363861e-02
9.101002812385559082e-01 1.305921375751495361e-02
9.024165868759155273e-01 1.380716916173696518e-02
8.945130705833435059e-01 1.455802097916603088e-02
8.864848613739013672e-01 1.530475914478302002e-02
8.783215284347534180e-01 1.604770310223102570e-02
8.699274063110351562e-01 1.680215261876583099e-02
8.613910675048828125e-01 1.755998283624649048e-02
8.527411818504333496e-01 1.831860840320587158e-02
8.441379070281982422e-01 1.906294748187065125e-02
8.354899287223815918e-01 1.980272680521011353e-02
8.267756104469299316e-01 2.053883112967014313e-02
8.177932500839233398e-01 2.128823846578598022e-02
8.086376190185546875e-01 2.204206585884094238e-02
7.992647886276245117e-01 2.280430495738983154e-02
7.898283600807189941e-01 2.356244809925556183e-02
7.804113030433654785e-01 2.430940233170986176e-02
7.713308334350585938e-01 2.502127923071384430e-02
7.626736760139465332e-01 2.569115906953811646e-02
7.543693780899047852e-01 2.632428146898746490e-02
7.461344003677368164e-01 2.694126032292842865e-02
7.377004623413085938e-01 2.756213396787643433e-02
7.289347648620605469e-01 2.819576114416122437e-02
7.197920083999633789e-01 2.884585969150066376e-02
7.102534770965576172e-01 2.951196581125259399e-02
7.004581093788146973e-01 3.018400818109512329e-02
6.908240914344787598e-01 3.083178214728832245e-02
6.815283298492431641e-01 3.144433349370956421e-02
6.725540161132812500e-01 3.202215209603309631e-02
6.637950539588928223e-01 3.257312253117561340e-02
6.552267074584960938e-01 3.309962525963783264e-02
6.467454433441162109e-01 3.360845148563385010e-02
6.382502317428588867e-01 3.410533815622329712e-02
6.295738220214843750e-01 3.460108488798141479e-02
6.208108663558959961e-01 3.509006276726722717e-02
6.121476888656616211e-01 3.556181117892265320e-02
6.036347150802612305e-01 3.601308166980743408e-02
5.952666997909545898e-01 3.644553944468498230e-02
5.870897173881530762e-01 3.685671836137771606e-02
5.792301893234252930e-01 3.724146634340286255e-02
5.716088414192199707e-01 3.760450333356857300e-02
5.640698671340942383e-01 3.795375302433967590e-02
5.564852356910705566e-01 3.829531744122505188e-02
5.487686991691589355e-01 3.863207995891571045e-02
5.408492684364318848e-01 3.896626830101013184e-02
5.326134562492370605e-01 3.930280357599258423e-02
5.241162180900573730e-01 3.963907808065414429e-02
5.153047442436218262e-01 3.997506573796272278e-02
5.063517093658447266e-01 4.030246660113334656e-02
4.973133802413940430e-01 4.061909765005111694e-02
4.883402287960052490e-01 4.092091694474220276e-02
4.793993234634399414e-01 4.120749235153198242e-02
4.705056250095367432e-01 4.147852584719657898e-02
4.616149067878723145e-01 4.173454269766807556e-02
4.528399407863616943e-01 4.197388142347335815e-02
4.441608488559722900e-01 4.219656437635421753e-02
4.354322552680969238e-01 4.240714013576507568e-02
4.267126619815826416e-01 4.260337352752685547e-02
4.181827008724212646e-01 4.278288781642913818e-02
4.100190997123718262e-01 4.294263944029808044e-02
4.020742475986480713e-01 4.308673366904258728e-02
3.942973911762237549e-01 4.321530461311340332e-02
3.866153359413146973e-01 4.333043843507766724e-02
3.790431320667266846e-01 4.343061894178390503e-02
3.713965117931365967e-01 4.351953417062759399e-02
3.635199368000030518e-01 4.359867423772811890e-02
3.555433452129364014e-01 4.366808384656906128e-02
3.476137518882751465e-01 4.372420534491539001e-02
3.397501707077026367e-01 4.376555234193801880e-02
3.318654298782348633e-01 4.379212483763694763e-02
3.240265548229217529e-01 4.380480945110321045e-02
3.162771761417388916e-01 4.380281642079353333e-02
3.086362481117248535e-01 4.378744214773178101e-02
3.010093271732330322e-01 4.375751316547393799e-02
2.933174073696136475e-01 4.371201992034912109e-02
2.856843769550323486e-01 4.364908486604690552e-02
2.781650722026824951e-01 4.357413947582244873e-02
2.706012427806854248e-01 4.348399117588996887e-02
2.627919018268585205e-01 4.337223246693611145e-02
2.547097206115722656e-01 4.323307052254676819e-02
2.461646497249603271e-01 4.305709153413772583e-02
2.372361570596694946e-01 4.284396767616271973e-02
2.277937084436416626e-01 4.258592054247856140e-02
2.181127518415451050e-01 4.229137301445007324e-02
2.085944265127182007e-01 4.197107255458831787e-02
1.999012827873229980e-01 4.165286198258399963e-02
1.918950676918029785e-01 4.132590815424919128e-02
1.847664862871170044e-01 4.101284593343734741e-02
1.782979071140289307e-01 4.070234671235084534e-02
1.720733344554901123e-01 4.037768766283988953e-02
1.656182706356048584e-01 4.000042751431465149e-02
1.584636867046356201e-01 3.954782709479331970e-02
1.504794061183929443e-01 3.899178653955459595e-02
1.418672800064086914e-01 3.835057839751243591e-02
1.329150795936584473e-01 3.762517496943473816e-02
1.235745325684547424e-01 3.680860251188278198e-02
1.145177632570266724e-01 3.593183681368827820e-02
1.058449670672416687e-01 3.501288965344429016e-02
9.760720282793045044e-02 3.404971584677696228e-02
8.950792998075485229e-02 3.299758955836296082e-02
8.148783445358276367e-02 3.182568401098251343e-02
7.350616902112960815e-02 3.054952621459960938e-02
6.587019562721252441e-02 2.921677753329277039e-02
5.843483284115791321e-02 2.779546193778514862e-02
5.131091549992561340e-02 2.632041648030281067e-02
4.464403167366981506e-02 2.478474751114845276e-02
3.858707100152969360e-02 2.323643676936626434e-02
3.302783519029617310e-02 2.164607681334018707e-02
2.774567902088165283e-02 1.996954530477523804e-02
2.267538011074066162e-02 1.816825382411479950e-02
1.804731227457523346e-02 1.634208858013153076e-02
1.396377570927143097e-02 1.449542492628097534e-02
1.036605425179004669e-02 1.266724988818168640e-02
7.422258611768484116e-03 1.097207516431808472e-02
5.070840939879417419e-03 9.451457299292087555e-03
3.408270189538598061e-03 8.151706308126449585e-03
2.261600922793149948e-03 7.043605670332908630e-03
1.477701123803853989e-03 6.086057052016258240e-03
9.288190049119293690e-04 5.199113395065069199e-03
6.333204219117760658e-04 4.375032614916563034e-03
5.496562225744128227e-04 3.503376152366399765e-03
3.372914216015487909e-04 2.673498354852199554e-03
4.346965579316020012e-05 1.891219755634665489e-03
-1.171659678220748901e-04 1.117228413932025433e-03
2.075722295558080077e-04 2.689789398573338985e-04
1.473555341362953186e-03 -7.206437294371426105e-04
4.091221373528242111e-03 -1.891559455543756485e-03
8.056183345615863800e-03 -3.252883441746234894e-03
1.335456129163503647e-02 -4.739593248814344406e-03
1.966859959065914154e-02 -6.256288383156061172e-03
2.592594362795352936e-02 -7.528046146035194397e-03
3.214023262262344360e-02 -8.522300980985164642e-03
3.832794725894927979e-02 -9.241824038326740265e-03
4.471878707408905029e-02 -9.753944352269172668e-03
5.176278203725814819e-02 -1.014481019228696823e-02
5.990600585937500000e-02 -1.049183402210474014e-02
6.893794238567352295e-02 -1.083534024655818939e-02
7.901445031166076660e-02 -1.119666919112205505e-02
8.969068527221679688e-02 -1.155064534395933151e-02
1.006410792469978333e-01 -1.182284764945507050e-02
1.115684881806373596e-01 -1.204744912683963776e-02
1.220125854015350342e-01 -1.222542580217123032e-02
1.319591701030731201e-01 -1.236652396619319916e-02
1.416038423776626587e-01 -1.248464267700910568e-02
1.510287374258041382e-01 -1.258555706590414047e-02
1.603235602378845215e-01 -1.266465336084365845e-02
1.697036176919937134e-01 -1.273260079324245453e-02
1.793006211519241333e-01 -1.278916746377944946e-02
1.893985569477081299e-01 -1.283954270184040070e-02
1.994111835956573486e-01 -1.288020517677068710e-02
2.092903107404708862e-01 -1.290893927216529846e-02
2.192265987396240234e-01 -1.292619202286005020e-02
2.290677726268768311e-01 -1.293369662016630173e-02
2.385918945074081421e-01 -1.293211709707975388e-02
2.481109052896499634e-01 -1.292076613754034042e-02
2.573528587818145752e-01 -1.290109008550643921e-02
2.665188908576965332e-01 -1.287357136607170105e-02
2.757540643215179443e-01 -1.283719204366207123e-02
2.848297357559204102e-01 -1.279173139482736588e-02
2.937356233596801758e-01 -1.274012401700019836e-02
3.025034666061401367e-01 -1.268327888101339340e-02
3.108013868331909180e-01 -1.262312196195125580e-02
3.187824785709381104e-01 -1.255750283598899841e-02
3.268276453018188477e-01 -1.248381379991769791e-02
3.346945345401763916e-01 -1.240375358611345291e-02
3.424854576587677002e-01 -1.231854408979415894e-02
3.503915667533874512e-01 -1.222655735909938812e-02
3.581905364990234375e-01 -1.213099993765354156e-02
3.659377992153167725e-01 -1.202899776399135590e-02
3.737779259681701660e-01 -1.191765069961547852e-02
3.818004429340362549e-01 -1.179432962089776993e-02
3.902781009674072266e-01 -1.165573392063379288e-02
3.993682563304901123e-01 -1.149845123291015625e-02
4.087241291999816895e-01 -1.132763642817735672e-02
4.181730449199676514e-01 -1.114551909267902374e-02
4.275478422641754150e-01 -1.095564290881156921e-02
4.366147220134735107e-01 -1.076061837375164032e-02
4.455197453498840332e-01 -1.055811718106269836e-02
4.542880952358245850e-01 -1.034769974648952484e-02
4.628587067127227783e-01 -1.013285201042890549e-02
4.713038802146911621e-01 -9.912154637277126312e-03
4.797978401184082031e-01 -9.681020863354206085e-03
4.882343113422393799e-01 -9.441122412681579590e-03
4.966292381286621094e-01 -9.192748926579952240e-03
5.049424171447753906e-01 -8.936880156397819519e-03
5.132711529731750488e-01 -8.670865558087825775e-03
5.216131806373596191e-01 -8.395415730774402618e-03
5.298568606376647949e-01 -8.114371448755264282e-03
5.377835631370544434e-01 -7.835083641111850739e-03
5.454435944557189941e-01 -7.556902710348367691e-03
5.529518127441406250e-01 -7.276162970811128616e-03
5.602280497550964355e-01 -6.996531039476394653e-03
5.672632455825805664e-01 -6.718974560499191284e-03
5.741288661956787109e-01 -6.441413424909114838e-03
5.809615254402160645e-01 -6.159007549285888672e-03
5.878404974937438965e-01 -5.868206731975078583e-03
5.948253273963928223e-01 -5.566158331930637360e-03
6.019203066825866699e-01 -5.252365488559007645e-03
6.091719269752502441e-01 -4.925273358821868896e-03
6.166241765022277832e-01 -4.583043046295642853e-03
6.241438388824462891e-01 -4.231380764394998550e-03
6.316912770271301270e-01 -3.872049273923039436e-03
6.391721963882446289e-01 -3.510086797177791595e-03
6.465943455696105957e-01 -3.145418828353285789e-03
6.539904475212097168e-01 -2.776978770270943642e-03
6.614031791687011719e-01 -2.403079299256205559e-03
6.686973571777343750e-01 -2.031572395935654640e-03
6.758617162704467773e-01 -1.663854229263961315e-03
6.829914450645446777e-01 -1.295854686759412289e-03
6.901182532310485840e-01 -9.264342370443046093e-04
6.972143650054931641e-01 -5.575534887611865997e-04
7.042627930641174316e-01 -1.907160913106054068e-04
7.114306092262268066e-01 1.812530099414288998e-04
7.189224362373352051e-01 5.667050718329846859e-04
7.267739772796630859e-01 9.661359945312142372e-04
7.348846197128295898e-01 1.372172497212886810e-03
7.433815002441406250e-01 1.787689747288823128e-03
7.522143125534057617e-01 2.209714148193597794e-03
7.612569928169250488e-01 2.628663089126348495e-03
7.702567577362060547e-01 3.029964165762066841e-03
7.792295217514038086e-01 3.408847143873572350e-03
7.883625030517578125e-01 3.766380250453948975e-03
7.978466153144836426e-01 4.103308077901601791e-03
8.075776100158691406e-01 4.412558395415544510e-03
8.175754547119140625e-01 4.690465983003377914e-03
8.277823328971862793e-01 4.935262259095907211e-03
8.378227949142456055e-01 5.136887077242136002e-03
8.474423885345458984e-01 5.290782079100608826e-03
8.564096689224243164e-01 5.392909049987792969e-03
8.648905158042907715e-01 5.444994196295738220e-03
8.731253147125244141e-01 5.451004952192306519e-03
8.813845515251159668e-01 5.410260520875453949e-03
8.897087574005126953e-01 5.322730168700218201e-03
8.983077406883239746e-01 5.186773836612701416e-03
9.070125818252563477e-01 5.007461179047822952e-03
9.155582189559936523e-01 4.787471611052751541e-03
9.236384630203247070e-01 4.543255083262920380e-03
9.316779375076293945e-01 4.243631381541490555e-03
9.389694929122924805e-01 3.939379006624221802e-03
9.458580017089843750e-01 3.616594709455966949e-03
9.527432322502136230e-01 3.253780305385589600e-03
9.599169492721557617e-01 2.829381031915545464e-03
9.636184573173522949e-01 2.592639299109578133e-03
9.714490771293640137e-01 2.045885892584919930e-03
9.800323843955993652e-01 1.381795271299779415e-03
9.895877242088317871e-01 5.767950788140296936e-04
1.000334382057189941e+00 -3.926870995201170444e-04
