9.997839331626892090e-01 2.191688399761915207e-04
9.898419380187988281e-01 2.261642832309007645e-03
9.799200892448425293e-01 4.091960377991199493e-03
9.701296687126159668e-01 5.721293389797210693e-03
9.605819582939147949e-01 7.160812616348266602e-03
9.472283720970153809e-01 8.959457278251647949e-03
9.388942718505859375e-01 9.966520592570304871e-03
9.309818148612976074e-01 1.084897946566343307e-02
9.234201312065124512e-01 1.162786409258842468e-02
9.161592721939086914e-01 1.231704279780387878e-02
9.080026745796203613e-01 1.307427044957876205e-02
8.994728326797485352e-01 1.382808573544025421e-02
8.905395865440368652e-01 1.458743680268526077e-02
8.814569115638732910e-01 1.533764507621526718e-02
8.723781704902648926e-01 1.606853306293487549e-02
8.635357022285461426e-01 1.676634885370731354e-02
8.551180362701416016e-01 1.741660758852958679e-02
8.470688462257385254e-01 1.802702806890010834e-02
8.392211198806762695e-01 1.861245930194854736e-02
8.313388228416442871e-01 1.919380202889442444e-02
8.233136534690856934e-01 1.977905817329883575e-02
8.150424361228942871e-01 2.037733793258666992e-02
8.066948652267456055e-01 2.097638696432113647e-02
7.982720136642456055e-01 2.157671563327312469e-02
7.899757623672485352e-01 2.216390892863273621e-02
7.818235158920288086e-01 2.273687161505222321e-02
7.738511562347412109e-01 2.329370193183422089e-02
7.659068703651428223e-01 2.384522929787635803e-02
7.578763365745544434e-01 2.439965121448040009e-02
7.496320009231567383e-01 2.496593073010444641e-02
7.411679625511169434e-01 2.554457820951938629e-02
7.325917482376098633e-01 2.612824179232120514e-02
7.239873409271240234e-01 2.671151049435138702e-02
7.154101729393005371e-01 2.729032002389431000e-02
7.069125175476074219e-01 2.786127850413322449e-02
6.985780596733093262e-01 2.841868624091148376e-02
6.903207898139953613e-01 2.896845899522304535e-02
6.820747256278991699e-01 2.951497584581375122e-02
6.737771630287170410e-01 3.006251342594623566e-02
6.654488444328308105e-01 3.060960955917835236e-02
6.571570038795471191e-01 3.115175105631351471e-02
6.489039063453674316e-01 3.168855234980583191e-02
6.406179070472717285e-01 3.222464025020599365e-02
6.323438882827758789e-01 3.275683149695396423e-02
6.240709424018859863e-01 3.328556567430496216e-02
6.157690286636352539e-01 3.381266817450523376e-02
6.074560880661010742e-01 3.433699160814285278e-02
5.991490483283996582e-01 3.485716506838798523e-02
5.908143520355224609e-01 3.537473455071449280e-02
5.824486613273620605e-01 3.588946908712387085e-02
5.739485621452331543e-01 3.640708699822425842e-02
5.652838349342346191e-01 3.692890703678131104e-02
5.564500093460083008e-01 3.745462745428085327e-02
5.474871397018432617e-01 3.798163309693336487e-02
5.384719967842102051e-01 3.850488364696502686e-02
5.294681787490844727e-01 3.901959583163261414e-02
5.204279422760009766e-01 3.952708840370178223e-02
5.113604664802551270e-01 4.002658277750015259e-02
5.022822022438049316e-01 4.051646217703819275e-02
4.932144582271575928e-01 4.099607840180397034e-02
4.842073619365692139e-01 4.146230593323707581e-02
4.753413498401641846e-01 4.191111028194427490e-02
4.666657149791717529e-01 4.233897849917411804e-02
4.582133889198303223e-01 4.274434223771095276e-02
4.498653709888458252e-01 4.313244298100471497e-02
4.414624571800231934e-01 4.351046681404113770e-02
4.330496191978454590e-01 4.387660697102546692e-02
4.245743453502655029e-01 4.423283413052558899e-02
4.160742163658142090e-01 4.457671567797660828e-02
4.075230062007904053e-01 4.490830749273300171e-02
3.989734053611755371e-01 4.522446542978286743e-02
3.903498649597167969e-01 4.552628099918365479e-02
3.816827833652496338e-01 4.581144079566001892e-02
3.728971779346466064e-01 4.608194157481193542e-02
3.640536665916442871e-01 4.633605852723121643e-02
3.553929030895233154e-01 4.656768962740898132e-02
3.469681739807128906e-01 4.677608609199523926e-02
3.387786746025085449e-01 4.695965349674224854e-02
3.307527303695678711e-01 4.711925610899925232e-02
3.227723836898803711e-01 4.725512489676475525e-02
3.146343231201171875e-01 4.737001657485961914e-02
3.063442111015319824e-01 4.746492952108383179e-02
2.978979349136352539e-01 4.754099249839782715e-02
2.894342243671417236e-01 4.759523272514343262e-02
2.811590135097503662e-01 4.762354865670204163e-02
2.731554508209228516e-01 4.762657359242439270e-02
2.653755545616149902e-01 4.760400578379631042e-02
2.576917111873626709e-01 4.755331948399543762e-02
2.498318403959274292e-01 4.746863245964050293e-02
2.416622638702392578e-01 4.734719544649124146e-02
2.332893162965774536e-01 4.718986153602600098e-02
2.246874719858169556e-01 4.699102416634559631e-02
2.159422338008880615e-01 4.674848914146423340e-02
2.072541117668151855e-01 4.646593332290649414e-02
1.988420784473419189e-01 4.614888131618499756e-02
1.907492429018020630e-01 4.579719156026840210e-02
1.829551756381988525e-01 4.541281983256340027e-02
1.752890348434448242e-01 4.498698562383651733e-02
1.678026914596557617e-01 4.452500492334365845e-02
1.604736000299453735e-01 4.402107745409011841e-02
1.530993133783340454e-01 4.346272349357604980e-02
1.455765962600708008e-01 4.283173009753227234e-02
1.380469202995300293e-01 4.214425384998321533e-02
1.304931938648223877e-01 4.138619080185890198e-02
1.229116097092628479e-01 4.055660218000411987e-02
1.152778789401054382e-01 3.963508829474449158e-02
1.076324731111526489e-01 3.863617032766342163e-02
1.000775918364524841e-01 3.755956515669822693e-02
9.248525649309158325e-02 3.637288883328437805e-02
8.467764407396316528e-02 3.501569107174873352e-02
7.655299454927444458e-02 3.344867378473281860e-02
6.826136261224746704e-02 3.165785223245620728e-02
5.972694233059883118e-02 2.959939464926719666e-02
5.116561800241470337e-02 2.730719000101089478e-02
4.275849461555480957e-02 2.482041902840137482e-02
3.496174886822700500e-02 2.226238511502742767e-02
2.798458002507686615e-02 1.970062218606472015e-02
2.190454863011837006e-02 1.718615740537643433e-02
1.668168045580387115e-02 1.471361517906188965e-02
1.231875177472829819e-02 1.233176421374082565e-02
8.745073340833187103e-03 1.002335082739591599e-02
5.822596605867147446e-03 7.797236088663339615e-03
3.548996290192008018e-03 5.733673460781574249e-03
1.860864111222326756e-03 3.910649102181196213e-03
7.811967516317963600e-04 2.394175622612237930e-03
1.754669356159865856e-04 1.206447836011648178e-03
-7.856264710426330566e-05 3.310200117994099855e-04
-1.006484089884907007e-04 -3.270150045864284039e-04
1.412097026332048699e-05 -8.155156392604112625e-04
2.164984034607186913e-04 -1.266276696696877480e-03
3.988023672718554735e-04 -1.724634901620447636e-03
5.306377424858510494e-04 -2.210323233157396317e-03
7.049685809761285782e-04 -2.753891749307513237e-03
1.160468789748847485e-03 -3.397155553102493286e-03
2.204244257882237434e-03 -4.147304221987724304e-03
4.134466871619224548e-03 -5.003182683140039444e-03
7.189475931227207184e-03 -5.966249387711286545e-03
1.148650422692298889e-02 -6.964605767279863358e-03
1.700871810317039490e-02 -7.958003319799900055e-03
2.325519919395446777e-02 -8.826912380754947662e-03
3.001344762742519379e-02 -9.512946009635925293e-03
3.708161041140556335e-02 -1.000769995152950287e-02
4.459970816969871521e-02 -1.033304072916507721e-02
5.268512666225433350e-02 -1.052311621606349945e-02
6.156045943498611450e-02 -1.061643660068511963e-02
7.123842835426330566e-02 -1.065594609826803207e-02
8.167454600334167480e-02 -1.065673679113388062e-02
9.245949238538742065e-02 -1.063651684671640396e-02
1.031125783920288086e-01 -1.057373080402612686e-02
1.133664697408676147e-01 -1.048209518194198608e-02
1.228496506810188293e-01 -1.037360168993473053e-02
1.316924691200256348e-01 -1.025516632944345474e-02
1.400017291307449341e-01 -1.013033278286457062e-02
1.479925066232681274e-01 -1.000089664012193680e-02
1.557922363281250000e-01 -9.866790845990180969e-03
1.634434163570404053e-01 -9.730368852615356445e-03
1.709880828857421875e-01 -9.589876048266887665e-03
1.786016523838043213e-01 -9.442494250833988190e-03
1.863451004028320312e-01 -9.286758489906787872e-03
1.942156553268432617e-01 -9.121894836425781250e-03
2.024996727705001831e-01 -8.942007087171077728e-03
2.113080620765686035e-01 -8.743988350033760071e-03
2.204879820346832275e-01 -8.531538769602775574e-03
2.299835085868835449e-01 -8.305133320391178131e-03
2.393906265497207642e-01 -8.074491284787654877e-03
2.485654503107070923e-01 -7.843694649636745453e-03
2.573916912078857422e-01 -7.616030052304267883e-03
2.658284008502960205e-01 -7.392622530460357666e-03
2.738288938999176025e-01 -7.175571750849485397e-03
2.817361950874328613e-01 -6.956009659916162491e-03
2.897310853004455566e-01 -6.729294545948505402e-03
2.978946566581726074e-01 -6.492794491350650787e-03
3.063783645629882812e-01 -6.242658942937850952e-03
3.150128126144409180e-01 -5.983194336295127869e-03
3.235796689987182617e-01 -5.721855442970991135e-03
3.320018351078033447e-01 -5.460876971483230591e-03
3.402163684368133545e-01 -5.202209576964378357e-03
3.482807278633117676e-01 -4.943293519318103790e-03
3.564244210720062256e-01 -4.677258897572755814e-03
3.647158741950988770e-01 -4.401945974677801132e-03
3.732631802558898926e-01 -4.114046227186918259e-03
3.820489645004272461e-01 -3.814447438344359398e-03
3.909586966037750244e-01 -3.506917506456375122e-03
3.996457457542419434e-01 -3.203365020453929901e-03
4.080658853054046631e-01 -2.905681496486067772e-03
4.162376821041107178e-01 -2.613160060718655586e-03
4.242543876171112061e-01 -2.323025139048695564e-03
4.321254789829254150e-01 -2.035369630903005600e-03
4.399453401565551758e-01 -1.747009460814297199e-03
4.478239715099334717e-01 -1.454191282391548157e-03
4.558427631855010986e-01 -1.153947669081389904e-03
4.640003740787506104e-01 -8.465188439004123211e-04
4.721785783767700195e-01 -5.362988449633121490e-04
4.804163873195648193e-01 -2.221003669546917081e-04
4.887943863868713379e-01 9.888986096484586596e-05
4.971706271171569824e-01 4.209652834106236696e-04
5.054630637168884277e-01 7.407927187159657478e-04
5.137511491775512695e-01 1.061109942384064198e-03
5.220140814781188965e-01 1.380747766233980656e-03
5.302997231483459473e-01 1.701191300526261330e-03
5.385562181472778320e-01 2.020095242187380791e-03
5.467467904090881348e-01 2.335694851353764534e-03
5.548985600471496582e-01 2.648658584803342819e-03
5.630764365196228027e-01 2.961044432595372200e-03
5.711784362792968750e-01 3.268494969233870506e-03
5.792338252067565918e-01 3.571656532585620880e-03
5.873305201530456543e-01 3.873392706736922264e-03
5.954132676124572754e-01 4.171220120042562485e-03
6.034596562385559082e-01 4.464229568839073181e-03
6.114411354064941406e-01 4.750820808112621307e-03
6.193675994873046875e-01 5.030667874962091446e-03
6.273267269134521484e-01 5.305875092744827271e-03
6.353971362113952637e-01 5.578548181802034378e-03
6.436161994934082031e-01 5.848929286003112793e-03
6.520743370056152344e-01 6.118712015450000763e-03
6.608021855354309082e-01 6.387631874531507492e-03
6.695855259895324707e-01 6.649378687143325806e-03
6.782594323158264160e-01 6.898422725498676300e-03
6.868461966514587402e-01 7.133427076041698456e-03
6.953502297401428223e-01 7.353371009230613708e-03
7.038542628288269043e-01 7.559262216091156006e-03
7.123923897743225098e-01 7.751113735139369965e-03
7.211071848869323730e-01 7.930630818009376526e-03
7.300723791122436523e-01 8.099098689854145050e-03
7.392086386680603027e-01 8.254263550043106079e-03
7.481904625892639160e-01 8.389778435230255127e-03
7.568975090980529785e-01 8.503804914653301239e-03
7.653813362121582031e-01 8.596933446824550629e-03
7.734751105308532715e-01 8.669828996062278748e-03
7.812193632125854492e-01 8.724008686840534210e-03
7.887856960296630859e-01 8.759634569287300110e-03
7.965040802955627441e-01 8.777511306107044220e-03
8.045310974121093750e-01 8.777466602623462677e-03
8.129915595054626465e-01 8.756965398788452148e-03
8.218528032302856445e-01 8.713024668395519257e-03
8.310942649841308594e-01 8.645068854093551636e-03
8.406346440315246582e-01 8.551599457859992981e-03
8.500840663909912109e-01 8.433495648205280304e-03
8.593857288360595703e-01 8.288226090371608734e-03
8.685257434844970703e-01 8.115845732390880585e-03
8.775199055671691895e-01 7.915975525975227356e-03
8.863442540168762207e-01 7.686220575124025345e-03
8.950711488723754883e-01 7.422616239637136459e-03
9.035749435424804688e-01 7.132800761610269547e-03
9.117757081985473633e-01 6.820864975452423096e-03
9.197341203689575195e-01 6.476656533777713776e-03
9.277453422546386719e-01 6.075207609683275223e-03
9.351022243499755859e-01 5.677664186805486679e-03
9.420397281646728516e-01 5.271403118968009949e-03
9.488541483879089355e-01 4.831240978091955185e-03
9.558841586112976074e-01 4.319753963500261307e-03
9.594642519950866699e-01 4.033522680401802063e-03
9.672197103500366211e-01 3.340655472129583359e-03
9.761047959327697754e-01 2.441663527861237526e-03
9.865228533744812012e-01 1.281843055039644241e-03
9.988771677017211914e-01 -1.935084583237767220e-04
