9.997752904891967773e-01 9.706722630653530359e-05
9.915253520011901855e-01 2.287824871018528938e-03
9.824509620666503906e-01 4.379037301987409592e-03
9.728171825408935547e-01 6.349493749439716339e-03
9.628891944885253906e-01 8.177982643246650696e-03
9.483758211135864258e-01 1.055472623556852341e-02
9.390850663185119629e-01 1.190422754734754562e-02
9.301053285598754883e-01 1.308952830731868744e-02
9.214343428611755371e-01 1.412861421704292297e-02
9.130663275718688965e-01 1.503726560622453690e-02
9.038215279579162598e-01 1.601268164813518524e-02
8.941987156867980957e-01 1.698091812431812286e-02
8.842737674713134766e-01 1.794403977692127228e-02
8.744567632675170898e-01 1.886782422661781311e-02
8.649429678916931152e-01 1.973928883671760559e-02
8.558965325355529785e-01 2.054956555366516113e-02
8.474235534667968750e-01 2.129171788692474365e-02
8.393613696098327637e-01 2.198367007076740265e-02
8.314009904861450195e-01 2.265373617410659790e-02
8.231682181358337402e-01 2.333676256239414215e-02
8.145048022270202637e-01 2.404591813683509827e-02
8.053776621818542480e-01 2.478505298495292664e-02
7.960947155952453613e-01 2.552893199026584625e-02
7.867364287376403809e-01 2.627143636345863342e-02
7.775370478630065918e-01 2.699381858110427856e-02
7.686198949813842773e-01 2.768641151487827301e-02
7.599281072616577148e-01 2.835423499345779419e-02
7.512786388397216797e-01 2.901205606758594513e-02
7.425145506858825684e-01 2.967247739434242249e-02
7.336602807044982910e-01 3.033447638154029846e-02
7.247828841209411621e-01 3.099328279495239258e-02
7.161098718643188477e-01 3.163218870759010315e-02
7.076405882835388184e-01 3.225165233016014099e-02
6.994497179985046387e-01 3.284601867198944092e-02
6.915624737739562988e-01 3.341386839747428894e-02
6.838917136192321777e-01 3.396187350153923035e-02
6.762337684631347656e-01 3.450473397970199585e-02
6.685250401496887207e-01 3.504730388522148132e-02
6.607810854911804199e-01 3.558832779526710510e-02
6.530781984329223633e-01 3.612283989787101746e-02
6.454516649246215820e-01 3.664787113666534424e-02
6.378436088562011719e-01 3.716740012168884277e-02
6.302764415740966797e-01 3.767976909875869751e-02
6.227915287017822266e-01 3.818196058273315430e-02
6.153017878532409668e-01 3.867966309189796448e-02
6.077075004577636719e-01 3.917963802814483643e-02
6.000618338584899902e-01 3.967813029885292053e-02
5.923711657524108887e-01 4.017443954944610596e-02
5.846676826477050781e-01 4.066570103168487549e-02
5.768460035324096680e-01 4.115838930010795593e-02
5.688472986221313477e-01 4.165528342127799988e-02
5.606994628906250000e-01 4.215414077043533325e-02
5.523787736892700195e-01 4.265547171235084534e-02
5.438988804817199707e-01 4.315840825438499451e-02
5.353062748908996582e-01 4.365937784314155579e-02
5.266536474227905273e-01 4.415403679013252258e-02
5.179102420806884766e-01 4.464250430464744568e-02
5.090888738632202148e-01 4.512349888682365417e-02
5.001795887947082520e-01 4.559697955846786499e-02
4.911949038505554199e-01 4.606197774410247803e-02
4.822309613227844238e-01 4.651305451989173889e-02
4.733074307441711426e-01 4.694898799061775208e-02
4.645057618618011475e-01 4.736460000276565552e-02
4.558087885379791260e-01 4.775988683104515076e-02
4.471945166587829590e-01 4.813615977764129639e-02
4.385289847850799561e-01 4.849834367632865906e-02
4.298812747001647949e-01 4.884431883692741394e-02
4.211465716361999512e-01 4.917622357606887817e-02
4.123945832252502441e-01 4.949205368757247925e-02
4.036139249801635742e-01 4.978993162512779236e-02
3.948151469230651855e-01 5.006909742951393127e-02
3.859145343303680420e-01 5.032905563712120056e-02
3.769309520721435547e-01 5.056894570589065552e-02
3.679597377777099609e-01 5.078618228435516357e-02
3.590502142906188965e-01 5.098117142915725708e-02
3.503914177417755127e-01 5.114929378032684326e-02
3.418994843959808350e-01 5.129281431436538696e-02
3.336633443832397461e-01 5.140805616974830627e-02
3.255147039890289307e-01 5.149689316749572754e-02
3.173374831676483154e-01 5.155874416232109070e-02
3.088895976543426514e-01 5.159493163228034973e-02
3.002787232398986816e-01 5.160550773143768311e-02
2.916627228260040283e-01 5.159118399024009705e-02
2.832073271274566650e-01 5.155199766159057617e-02
2.750149071216583252e-01 5.148596689105033875e-02
2.670751810073852539e-01 5.139303207397460938e-02
2.593508064746856689e-01 5.127090588212013245e-02
2.516407966613769531e-01 5.111604183912277222e-02
2.436712235212326050e-01 5.091844499111175537e-02
2.353019565343856812e-01 5.067485198378562927e-02
2.266686558723449707e-01 5.038471519947052002e-02
2.178929895162582397e-01 5.004783347249031067e-02
2.090786397457122803e-01 4.966263473033905029e-02
2.003740519285202026e-01 4.923561587929725647e-02
1.918746083974838257e-01 4.876608774065971375e-02
1.836315095424652100e-01 4.825568571686744690e-02
1.756148338317871094e-01 4.770542308688163757e-02
1.676644086837768555e-01 4.710530862212181091e-02
1.598314493894577026e-01 4.646039009094238281e-02
1.520653814077377319e-01 4.575944319367408752e-02
1.443219482898712158e-01 4.499828070402145386e-02
1.364898383617401123e-01 4.415614902973175049e-02
1.286532878875732422e-01 4.324017837643623352e-02
1.207060068845748901e-01 4.222549870610237122e-02
1.127222850918769836e-01 4.111633077263832092e-02
1.047928556799888611e-01 3.992103785276412964e-02
9.702230244874954224e-02 3.866636380553245544e-02
8.949489891529083252e-02 3.734639286994934082e-02
8.220958709716796875e-02 3.597827255725860596e-02
7.508891820907592773e-02 3.452461585402488708e-02
6.785805523395538330e-02 3.288706019520759583e-02
6.045538187026977539e-02 3.101210854947566986e-02
5.270742624998092651e-02 2.883947268128395081e-02
4.477960988879203796e-02 2.639183029532432556e-02
3.694437444210052490e-02 2.374808490276336670e-02
2.959842607378959656e-02 2.102382108569145203e-02
2.299285866320133209e-02 1.831635087728500366e-02
1.748529635369777679e-02 1.579186134040355682e-02
1.303685270249843597e-02 1.344098895788192749e-02
9.463243186473846436e-03 1.122585963457822800e-02
6.651942618191242218e-03 9.137380868196487427e-03
4.432426299899816513e-03 7.171249017119407654e-03
2.728657564148306847e-03 5.369385704398155212e-03
1.481178216636180878e-03 3.799829632043838501e-03
6.408151821233332157e-04 2.488996367901563644e-03
1.312544627580791712e-04 1.475861994549632072e-03
-5.209636947256512940e-05 7.596954819746315479e-04
-3.640635259216651320e-05 2.006772265303879976e-04
-1.321722038483130746e-06 -2.454710192978382111e-04
4.309569703764282167e-05 -6.689091678708791733e-04
9.507811773801222444e-05 -1.141903921961784363e-03
2.158490533474832773e-04 -1.707874936982989311e-03
5.536672542802989483e-04 -2.396803814917802811e-03
1.219056313857436180e-03 -3.233212279155850410e-03
2.479902235791087151e-03 -4.212199710309505463e-03
4.645072389394044876e-03 -5.339808762073516846e-03
7.825312204658985138e-03 -6.596037652343511581e-03
1.198023743927478790e-02 -7.827132008969783783e-03
1.708061434328556061e-02 -8.993415161967277527e-03
2.296430245041847229e-02 -1.002643257379531860e-02
2.943094447255134583e-02 -1.088746730238199234e-02
3.628583997488021851e-02 -1.157128624618053436e-02
4.344666376709938049e-02 -1.208991650491952896e-02
5.100158974528312683e-02 -1.249321177601814270e-02
5.907894670963287354e-02 -1.282627042382955551e-02
6.750073283910751343e-02 -1.310841925442218781e-02
7.632149755954742432e-02 -1.332210376858711243e-02
8.532431721687316895e-02 -1.349428948014974594e-02
9.443107992410659790e-02 -1.361845433712005615e-02
1.033508926630020142e-01 -1.369976252317428589e-02
1.119686812162399292e-01 -1.374121941626071930e-02
1.204516291618347168e-01 -1.374552026391029358e-02
1.288364976644515991e-01 -1.372238993644714355e-02
1.371642500162124634e-01 -1.367702241986989975e-02
1.454116553068161011e-01 -1.360896416008472443e-02
1.536054313182830811e-01 -1.352640427649021149e-02
1.616675406694412231e-01 -1.342790480703115463e-02
1.697230488061904907e-01 -1.331399101763963699e-02
1.776661425828933716e-01 -1.318450272083282471e-02
1.856147050857543945e-01 -1.303950138390064240e-02
1.938815265893936157e-01 -1.287389919161796570e-02
2.025838345289230347e-01 -1.268249005079269409e-02
2.116384804248809814e-01 -1.246815174818038940e-02
2.210658639669418335e-01 -1.222914084792137146e-02
2.305713593959808350e-01 -1.197300385683774948e-02
2.399605810642242432e-01 -1.170645654201507568e-02
2.490696012973785400e-01 -1.143510732799768448e-02
2.576747238636016846e-01 -1.116634160280227661e-02
2.657582759857177734e-01 -1.090250350534915924e-02
2.736925780773162842e-01 -1.063220296055078506e-02
2.817504703998565674e-01 -1.034673117101192474e-02
2.900516092777252197e-01 -1.004143711179494858e-02
2.989179790019989014e-01 -9.704815223813056946e-03
3.081573545932769775e-01 -9.343764744699001312e-03
3.173952400684356689e-01 -8.974777534604072571e-03
3.263576626777648926e-01 -8.609156124293804169e-03
3.348046243190765381e-01 -8.256257511675357819e-03
3.427305221557617188e-01 -7.916161790490150452e-03
3.503081500530242920e-01 -7.583261001855134964e-03
3.576151132583618164e-01 -7.255518343299627304e-03
3.649259209632873535e-01 -6.921467371284961700e-03
3.725551068782806396e-01 -6.568138487637042999e-03
3.804243505001068115e-01 -6.198715884238481522e-03
3.883028030395507812e-01 -5.823630373924970627e-03
3.962140977382659912e-01 -5.441852845251560211e-03
4.041828513145446777e-01 -5.052109248936176300e-03
4.121638238430023193e-01 -4.657225683331489563e-03
4.200076758861541748e-01 -4.264988005161285400e-03
4.276592731475830078e-01 -3.878416959196329117e-03
4.352564513683319092e-01 -3.491229610517621040e-03
4.429624080657958984e-01 -3.095325548201799393e-03
4.507820904254913330e-01 -2.690488239750266075e-03
4.587502181529998779e-01 -2.275017090141773224e-03
4.670574069023132324e-01 -1.839473727159202099e-03
4.757694900035858154e-01 -1.380905043333768845e-03
4.847027361392974854e-01 -9.092441760003566742e-04
4.936648607254028320e-01 -4.349422233644872904e-04
5.026274919509887695e-01 4.001295383204706013e-05
5.114961862564086914e-01 5.098914261907339096e-04
5.203394293785095215e-01 9.776003425940871239e-04
5.290717482566833496e-01 1.437950762920081615e-03
5.377066731452941895e-01 1.891083549708127975e-03
5.463218688964843750e-01 2.340496517717838287e-03
5.549434423446655273e-01 2.786909462884068489e-03
5.634412169456481934e-01 3.222966101020574570e-03
5.718073248863220215e-01 3.647561650723218918e-03
5.800987482070922852e-01 4.063168074935674667e-03
5.882987380027770996e-01 4.468189086765050888e-03
5.964816212654113770e-01 4.866329953074455261e-03
6.046399474143981934e-01 5.256285890936851501e-03
6.128315925598144531e-01 5.639886017888784409e-03
6.211930513381958008e-01 6.021677982062101364e-03
6.297695040702819824e-01 6.402828264981508255e-03
6.385295391082763672e-01 6.780386902391910553e-03
6.475291848182678223e-01 7.154834922403097153e-03
6.567339301109313965e-01 7.522871252149343491e-03
6.659424901008605957e-01 7.877169176936149597e-03
6.749857068061828613e-01 8.210663683712482452e-03
6.839032173156738281e-01 8.521964773535728455e-03
6.927428841590881348e-01 8.810969069600105286e-03
7.016221880912780762e-01 9.080623276531696320e-03
7.104834914207458496e-01 9.329342283308506012e-03
7.193680405616760254e-01 9.558254852890968323e-03
7.283129692077636719e-01 9.769100695848464966e-03
7.372083663940429688e-01 9.958944283425807953e-03
7.456889748573303223e-01 1.012143585830926895e-02
7.537533044815063477e-01 1.025577355176210403e-02
7.616028785705566406e-01 1.036589220166206360e-02
7.692702412605285645e-01 1.045459974557161331e-02
7.768598794937133789e-01 1.052482798695564270e-02
7.845067381858825684e-01 1.057546120136976242e-02
7.924761772155761719e-01 1.060649752616882324e-02
8.009065985679626465e-01 1.061633694916963577e-02
8.098288774490356445e-01 1.060050167143344879e-02
8.190591931343078613e-01 1.055449992418289185e-02
8.286574482917785645e-01 1.047725416719913483e-02
8.385311961174011230e-01 1.036695018410682678e-02
8.483480215072631836e-01 1.022436562925577164e-02
8.579585552215576172e-01 1.004874892532825470e-02
8.672988414764404297e-01 9.842229075729846954e-03
8.763436675071716309e-01 9.606864303350448608e-03
8.850586414337158203e-01 9.343761019408702850e-03
8.934963941574096680e-01 9.050284512341022491e-03
9.015915393829345703e-01 8.732477203011512756e-03
9.094841480255126953e-01 8.383530192077159882e-03
9.173997640609741211e-01 7.976607419550418854e-03
9.256597161293029785e-01 7.483106106519699097e-03
9.334582686424255371e-01 6.980041041970252991e-03
9.409549832344055176e-01 6.457061041146516800e-03
9.483239054679870605e-01 5.892541259527206421e-03
9.557668566703796387e-01 5.252986215054988861e-03
9.594461917877197266e-01 4.905472975224256516e-03
9.672874808311462402e-01 4.076334182173013687e-03
9.761102795600891113e-01 3.014364978298544884e-03
9.863201379776000977e-01 1.654746825806796551e-03
9.983225464820861816e-01 -6.733786722179502249e-05
