9.998046755790710449e-01 5.150763900019228458e-04
9.914913177490234375e-01 2.371940063312649727e-03
9.829323291778564453e-01 4.026103299111127853e-03
9.742714166641235352e-01 5.491950083523988724e-03
9.656524062156677246e-01 6.783865392208099365e-03
9.534037113189697266e-01 8.401994593441486359e-03
9.456677436828613281e-01 9.319304488599300385e-03
9.382667541503906250e-01 1.013238076120615005e-02
9.310324192047119141e-01 1.086643896996974945e-02
9.239221811294555664e-01 1.152965333312749863e-02
9.159851074218750000e-01 1.223682425916194916e-02
9.075382351875305176e-01 1.295315381139516830e-02
8.986254930496215820e-01 1.368014048784971237e-02
8.896121978759765625e-01 1.439186278730630875e-02
8.806226253509521484e-01 1.508517190814018250e-02
8.718113303184509277e-01 1.575262658298015594e-02
8.633405566215515137e-01 1.638288982212543488e-02
8.549608588218688965e-01 1.699948683381080627e-02
8.465334773063659668e-01 1.761515438556671143e-02
8.377444148063659668e-01 1.825522631406784058e-02
8.284391164779663086e-01 1.893162727355957031e-02
8.184419870376586914e-01 1.965742558240890503e-02
8.081604242324829102e-01 2.040338888764381409e-02
7.977082729339599609e-01 2.116155624389648438e-02
7.875186204910278320e-01 2.190076559782028198e-02
7.778781056404113770e-01 2.260031178593635559e-02
7.689954638481140137e-01 2.324524149298667908e-02
7.607448101043701172e-01 2.384456433355808258e-02
7.528389096260070801e-01 2.441908419132232666e-02
7.450460195541381836e-01 2.498551644384860992e-02
7.370498180389404297e-01 2.556668408215045929e-02
7.288721203804016113e-01 2.616078965365886688e-02
7.203990221023559570e-01 2.677590958774089813e-02
7.118203639984130859e-01 2.739807032048702240e-02
7.032728791236877441e-01 2.801710925996303558e-02
6.950091123580932617e-01 2.861445210874080658e-02
6.869165897369384766e-01 2.919802814722061157e-02
6.790591478347778320e-01 2.976314909756183624e-02
6.714766025543212891e-01 3.030677884817123413e-02
6.640630960464477539e-01 3.083631396293640137e-02
6.567535400390625000e-01 3.135620430111885071e-02
6.495265364646911621e-01 3.186801820993423462e-02
6.423298120498657227e-01 3.237527608871459961e-02
6.350163817405700684e-01 3.288764134049415588e-02
6.274958252906799316e-01 3.341078758239746094e-02
6.195966601371765137e-01 3.395579382777214050e-02
6.114197969436645508e-01 3.451538830995559692e-02
6.028864979743957520e-01 3.509349748492240906e-02
5.939316153526306152e-01 3.569305315613746643e-02
5.846784114837646484e-01 3.630491718649864197e-02
5.752846598625183105e-01 3.691687062382698059e-02
5.658810138702392578e-01 3.751993551850318909e-02
5.564354062080383301e-01 3.811490163207054138e-02
5.470936894416809082e-01 3.869265690445899963e-02
5.379817485809326172e-01 3.924601525068283081e-02
5.292336344718933105e-01 3.976630792021751404e-02
5.205858349800109863e-01 4.026845470070838928e-02
5.118322372436523438e-01 4.076266288757324219e-02
5.029591321945190430e-01 4.124870896339416504e-02
4.939233362674713135e-01 4.172929003834724426e-02
4.848208129405975342e-01 4.219999536871910095e-02
4.756170511245727539e-01 4.266287013888359070e-02
4.664942324161529541e-01 4.310651496052742004e-02
4.575394690036773682e-01 4.352452233433723450e-02
4.486870765686035156e-01 4.391787201166152954e-02
4.396557807922363281e-01 4.429839178919792175e-02
4.303443431854248047e-01 4.467071592807769775e-02
4.208283126354217529e-01 4.503092169761657715e-02
4.113352894783020020e-01 4.537236317992210388e-02
4.020432829856872559e-01 4.568730294704437256e-02
3.929965198040008545e-01 4.597399383783340454e-02
3.841296136379241943e-01 4.623030126094818115e-02
3.753372430801391602e-01 4.645803570747375488e-02
3.664913475513458252e-01 4.666222631931304932e-02
3.574583828449249268e-01 4.684800282120704651e-02
3.482867479324340820e-01 4.701450094580650330e-02
3.390963971614837646e-01 4.715888947248458862e-02
3.300573229789733887e-01 4.727394878864288330e-02
3.211984336376190186e-01 4.735887795686721802e-02
3.124579489231109619e-01 4.741235449910163879e-02
3.036621809005737305e-01 4.743593931198120117e-02
2.948615550994873047e-01 4.743095859885215759e-02
2.861487567424774170e-01 4.739849269390106201e-02
2.775851786136627197e-01 4.733923450112342834e-02
2.693111300468444824e-01 4.725470393896102905e-02
2.614564895629882812e-01 4.714856669306755066e-02
2.540367841720581055e-01 4.702474921941757202e-02
2.469349652528762817e-01 4.688075184822082520e-02
2.398148477077484131e-01 4.670688882470130920e-02
2.323909699916839600e-01 4.649271443486213684e-02
2.245816141366958618e-01 4.623162373900413513e-02
2.162522077560424805e-01 4.591217637062072754e-02
2.074697166681289673e-01 4.553482681512832642e-02
1.986065357923507690e-01 4.511710628867149353e-02
1.900453716516494751e-01 4.467502981424331665e-02
1.821503043174743652e-01 4.423127695918083191e-02
1.748658120632171631e-01 4.377768188714981079e-02
1.680031269788742065e-01 4.330289736390113831e-02
1.615026444196701050e-01 4.281466454267501831e-02
1.551782935857772827e-01 4.230552539229393005e-02
1.485639363527297974e-01 4.173253849148750305e-02
1.415055394172668457e-01 4.107163846492767334e-02
1.340468823909759521e-01 4.031082987785339355e-02
1.262487322092056274e-01 3.944841027259826660e-02
1.182935684919357300e-01 3.849830105900764465e-02
1.100810989737510681e-01 3.744473308324813843e-02
1.017429158091545105e-01 3.628730028867721558e-02
9.364823997020721436e-02 3.506400063633918762e-02
8.585208654403686523e-02 3.378532454371452332e-02
7.809235900640487671e-02 3.240008652210235596e-02
7.018799334764480591e-02 3.082434460520744324e-02
6.206740438938140869e-02 2.900713495910167694e-02
5.391870439052581787e-02 2.700610645115375519e-02
4.595374688506126404e-02 2.489056624472141266e-02
3.824288025498390198e-02 2.266532741487026215e-02
3.097568824887275696e-02 2.034181728959083557e-02
2.445464767515659332e-02 1.797526329755783081e-02
1.880585215985774994e-02 1.560470182448625565e-02
1.391378510743379593e-02 1.318085938692092896e-02
9.605616331100463867e-03 1.061067357659339905e-02
5.952249281108379364e-03 7.943683303892612457e-03
3.229150315746665001e-03 5.376293789595365524e-03
1.450657378882169724e-03 3.079695161432027817e-03
4.728966159746050835e-04 1.121359178796410561e-03
1.104747425415553153e-04 -4.318622231949120760e-04
2.326763060409575701e-04 -1.553966547362506390e-03
7.487445836886763573e-04 -2.322135958820581436e-03
1.519165001809597015e-03 -2.908640075474977493e-03
2.396209398284554482e-03 -3.481484949588775635e-03
3.440547501668334007e-03 -4.113543312996625900e-03
4.830779042094945908e-03 -4.822828806936740875e-03
6.467043422162532806e-03 -5.560919642448425293e-03
8.134090341627597809e-03 -6.285299081355333328e-03
9.719534777104854584e-03 -6.931287236511707306e-03
1.135814748704433441e-02 -7.498359307646751404e-03
1.337022427469491959e-02 -8.036021143198013306e-03
1.592439599335193634e-02 -8.585892617702484131e-03
1.921929605305194855e-02 -9.172474034130573273e-03
2.358498424291610718e-02 -9.834487922489643097e-03
2.925008907914161682e-02 -1.058828365057706833e-02
3.586329147219657898e-02 -1.135559380054473877e-02
4.284432530403137207e-02 -1.206275820732116699e-02
4.992318153381347656e-02 -1.267251186072826385e-02
5.714531242847442627e-02 -1.318823546171188354e-02
6.449645012617111206e-02 -1.361995935440063477e-02
7.179135829210281372e-02 -1.396528631448745728e-02
7.910083979368209839e-02 -1.424347329884767532e-02
8.673958480358123779e-02 -1.448916457593441010e-02
9.482557326555252075e-02 -1.471810881048440933e-02
1.032138317823410034e-01 -1.491113845258951187e-02
1.117437332868576050e-01 -1.505731977522373199e-02
1.205419749021530151e-01 -1.516319252550601959e-02
1.297119706869125366e-01 -1.523447409272193909e-02
1.388993263244628906e-01 -1.527249626815319061e-02
1.477614492177963257e-01 -1.527627184987068176e-02
1.559429615736007690e-01 -1.525638997554779053e-02
1.634271740913391113e-01 -1.521900855004787445e-02
1.701981574296951294e-01 -1.516658533364534378e-02
1.764598190784454346e-01 -1.509858388453722000e-02
1.824665516614913940e-01 -1.501548103988170624e-02
1.885758936405181885e-01 -1.491825003176927567e-02
1.951147019863128662e-01 -1.480268407613039017e-02
2.019395381212234497e-01 -1.467095781117677689e-02
2.091465741395950317e-01 -1.451809518039226532e-02
2.165982127189636230e-01 -1.434298045933246613e-02
2.243370413780212402e-01 -1.414360944181680679e-02
2.322944551706314087e-01 -1.392078865319490433e-02
2.404345422983169556e-01 -1.367590390145778656e-02
2.487315982580184937e-01 -1.340839359909296036e-02
2.571703791618347168e-01 -1.311805006116628647e-02
2.657964527606964111e-01 -1.280314754694700241e-02
2.744197845458984375e-01 -1.246886327862739563e-02
2.832541465759277344e-01 -1.210713759064674377e-02
2.922916710376739502e-01 -1.171728316694498062e-02
3.015386462211608887e-01 -1.129919569939374924e-02
3.108653128147125244e-01 -1.085896324366331100e-02
3.201610147953033447e-01 -1.040185708552598953e-02
3.293427824974060059e-01 -9.933055378496646881e-03
3.381461501121520996e-01 -9.468850679695606232e-03
3.463459908962249756e-01 -9.024621918797492981e-03
3.539399504661560059e-01 -8.600479923188686371e-03
3.610626757144927979e-01 -8.192894048988819122e-03
3.678616881370544434e-01 -7.794178090989589691e-03
3.744766712188720703e-01 -7.398256100714206696e-03
3.812073171138763428e-01 -6.986823398619890213e-03
3.883591890335083008e-01 -6.541446316987276077e-03
3.960329294204711914e-01 -6.055916659533977509e-03
4.039963483810424805e-01 -5.544512998312711716e-03
4.123295545578002930e-01 -5.000112112611532211e-03
4.210962057113647461e-01 -4.418661352246999741e-03
4.301172494888305664e-01 -3.811557311564683914e-03
4.392155408859252930e-01 -3.191570285707712173e-03
4.482895731925964355e-01 -2.566092181950807571e-03
4.574795067310333252e-01 -1.926897908560931683e-03
4.668307900428771973e-01 -1.272109453566372395e-03
4.761386811733245850e-01 -6.172539433464407921e-04
4.852393865585327148e-01 2.523997682146728039e-05
4.943856894969940186e-01 6.709503359161317348e-04
5.033815503120422363e-01 1.304446952417492867e-03
5.120201110839843750e-01 1.910202554427087307e-03
5.201734304428100586e-01 2.478323411196470261e-03
5.279072523117065430e-01 3.012913512066006660e-03
5.353218317031860352e-01 3.520290367305278778e-03
5.425379872322082520e-01 4.007946699857711792e-03
5.494821667671203613e-01 4.471043124794960022e-03
5.563910603523254395e-01 4.923908971250057220e-03
5.635532736778259277e-01 5.384757183492183685e-03
5.709383487701416016e-01 5.849073175340890884e-03
5.785039663314819336e-01 6.314281839877367020e-03
5.863305926322937012e-01 6.782483309507369995e-03
5.944380164146423340e-01 7.252288516610860825e-03
6.028507351875305176e-01 7.721042260527610779e-03
6.115294098854064941e-01 8.184530772268772125e-03
6.203815937042236328e-01 8.632951416075229645e-03
6.296302676200866699e-01 9.072425775229930878e-03
6.392864584922790527e-01 9.499382227659225464e-03
6.491351127624511719e-01 9.904325008392333984e-03
6.589121818542480469e-01 1.027506496757268906e-02
6.686800718307495117e-01 1.061037089675664902e-02
6.783099770545959473e-01 1.090488955378532410e-02
6.877466440200805664e-01 1.115762721747159958e-02
6.968014240264892578e-01 1.136697642505168915e-02
7.056323885917663574e-01 1.153642125427722931e-02
7.144663929939270020e-01 1.167512033134698868e-02
7.233605980873107910e-01 1.178287714719772339e-02
7.321242690086364746e-01 1.186022534966468811e-02
7.409696578979492188e-01 1.190395746380090714e-02
7.502735853195190430e-01 1.191393937915563583e-02
7.601270079612731934e-01 1.188336592167615891e-02
7.705108523368835449e-01 1.180881448090076447e-02
7.811989784240722656e-01 1.168932672590017319e-02
7.921506762504577637e-01 1.152813248336315155e-02
8.031064867973327637e-01 1.132886949926614761e-02
8.137443661689758301e-01 1.109743397682905197e-02
8.235703110694885254e-01 1.084716152399778366e-02
8.326758146286010742e-01 1.058462075889110565e-02
8.412850499153137207e-01 1.030702982097864151e-02
8.495917320251464844e-01 1.001164875924587250e-02
8.578303456306457520e-01 9.690750390291213989e-03
8.661398291587829590e-01 9.340655058622360229e-03
8.747669458389282227e-01 8.950984105467796326e-03
8.838865160942077637e-01 8.508009836077690125e-03
8.933520913124084473e-01 8.016915991902351379e-03
9.028391242027282715e-01 7.490481715649366379e-03
9.122453927993774414e-01 6.934030447155237198e-03
9.216156601905822754e-01 6.339660380035638809e-03
9.310799241065979004e-01 5.695770494639873505e-03
9.397245645523071289e-01 5.080613773316144943e-03
9.476551413536071777e-01 4.489793907850980759e-03
9.551481604576110840e-01 3.903591539710760117e-03
9.625122547149658203e-01 3.296355484053492546e-03
9.660372138023376465e-01 2.991974586620926857e-03
9.732999801635742188e-01 2.325793961063027382e-03
9.811445474624633789e-01 1.549607724882662296e-03
9.899282455444335938e-01 6.232790183275938034e-04
1.000008463859558105e+00 -4.933286691084504128e-04
