9.998819231986999512e-01 5.062950076535344124e-04
9.922220706939697266e-01 2.698138123378157616e-03
9.843668937683105469e-01 4.636115394532680511e-03
9.763501286506652832e-01 6.350755691528320312e-03
9.682055115699768066e-01 7.872587069869041443e-03
9.559809565544128418e-01 9.846259839832782745e-03
9.477146267890930176e-01 1.102854032069444656e-02
9.392724633216857910e-01 1.214170735329389572e-02
9.305365681648254395e-01 1.320867892354726791e-02
9.216125011444091797e-01 1.421919744461774826e-02
9.119365811347961426e-01 1.526761520653963089e-02
9.021307229995727539e-01 1.628182455897331238e-02
8.924776911735534668e-01 1.724016666412353516e-02
8.831295967102050781e-01 1.813526637852191925e-02
8.741657137870788574e-01 1.896734721958637238e-02
8.655862212181091309e-01 1.974153518676757812e-02
8.572891354560852051e-01 2.047286927700042725e-02
8.488733172416687012e-01 2.120218798518180847e-02
8.402521610260009766e-01 2.193796448409557343e-02
8.314034938812255859e-01 2.268244512379169464e-02
8.224172592163085938e-01 2.342790365219116211e-02
8.133800029754638672e-01 2.416771650314331055e-02
8.044192194938659668e-01 2.489228919148445129e-02
7.956807017326354980e-01 2.559016831219196320e-02
7.872611880302429199e-01 2.625419199466705322e-02
7.791762351989746094e-01 2.688390202820301056e-02
7.713345885276794434e-01 2.748842723667621613e-02
7.637490034103393555e-01 2.806719020009040833e-02
7.563704848289489746e-01 2.862470969557762146e-02
7.491576075553894043e-01 2.916457131505012512e-02
7.420889139175415039e-01 2.968913130462169647e-02
7.350828051567077637e-01 3.020433522760868073e-02
7.279880642890930176e-01 3.072088025510311127e-02
7.206540703773498535e-01 3.124918416142463684e-02
7.130008935928344727e-01 3.179477527737617493e-02
7.051086425781250000e-01 3.235187008976936340e-02
6.969920396804809570e-01 3.291893377900123596e-02
6.887993812561035156e-01 3.348565846681594849e-02
6.806381344795227051e-01 3.404413536190986633e-02
6.727029681205749512e-01 3.458106517791748047e-02
6.648471951484680176e-01 3.510547056794166565e-02
6.569539904594421387e-01 3.562524169683456421e-02
6.488597989082336426e-01 3.615071251988410950e-02
6.405778527259826660e-01 3.668126091361045837e-02
6.320531964302062988e-01 3.721907734870910645e-02
6.232607960700988770e-01 3.776544705033302307e-02
6.143581867218017578e-01 3.830977901816368103e-02
6.054307222366333008e-01 3.884639590978622437e-02
5.965593457221984863e-01 3.936886042356491089e-02
5.875902771949768066e-01 3.988603502511978149e-02
5.785546898841857910e-01 4.039511829614639282e-02
5.695098638534545898e-01 4.089380800724029541e-02
5.605567097663879395e-01 4.137599095702171326e-02
5.515452623367309570e-01 4.184928163886070251e-02
5.424817204475402832e-01 4.231197386980056763e-02
5.333811044692993164e-01 4.276162013411521912e-02
5.243081450462341309e-01 4.319550842046737671e-02
5.152357816696166992e-01 4.361546412110328674e-02
5.061495900154113770e-01 4.402273893356323242e-02
4.970342516899108887e-01 4.441590979695320129e-02
4.880400002002716064e-01 4.478779435157775879e-02
4.791556298732757568e-01 4.513871297240257263e-02
4.702250063419342041e-01 4.547495022416114807e-02
4.610651731491088867e-01 4.580035060644149780e-02
4.516375064849853516e-01 4.611569270491600037e-02
4.420466721057891846e-01 4.641575366258621216e-02
4.323966801166534424e-01 4.669775813817977905e-02
4.227337241172790527e-01 4.695853590965270996e-02
4.132159650325775146e-01 4.719617962837219238e-02
4.040690064430236816e-01 4.740389809012413025e-02
3.953642249107360840e-01 4.758152738213539124e-02
3.869541287422180176e-01 4.773216322064399719e-02
3.786018490791320801e-01 4.786159843206405640e-02
3.702630400657653809e-01 4.797070100903511047e-02
3.618198335170745850e-01 4.806021600961685181e-02
3.531613051891326904e-01 4.812918975949287415e-02
3.442240953445434570e-01 4.817859828472137451e-02
3.352746665477752686e-01 4.820625111460685730e-02
3.264168500900268555e-01 4.821075126528739929e-02
3.177417218685150146e-01 4.819051548838615417e-02
3.092509508132934570e-01 4.814722761511802673e-02
3.010143339633941650e-01 4.808317869901657104e-02
2.929567694664001465e-01 4.799500107765197754e-02
2.849196195602416992e-01 4.788171872496604919e-02
2.767353355884552002e-01 4.774127900600433350e-02
2.684123814105987549e-01 4.757349938154220581e-02
2.600050270557403564e-01 4.737585410475730896e-02
2.515235841274261475e-01 4.714968800544738770e-02
2.429528236389160156e-01 4.689117148518562317e-02
2.344430834054946899e-01 4.660378396511077881e-02
2.261009812355041504e-01 4.628857225179672241e-02
2.179170548915863037e-01 4.594828933477401733e-02
2.099732309579849243e-01 4.558799043297767639e-02
2.024000883102416992e-01 4.522012174129486084e-02
1.951723545789718628e-01 4.484105855226516724e-02
1.882313042879104614e-01 4.445132240653038025e-02
1.813892722129821777e-01 4.403578117489814758e-02
1.743198931217193604e-01 4.357112944126129150e-02
1.668857187032699585e-01 4.304205253720283508e-02
1.589752882719039917e-01 4.243956506252288818e-02
1.506179720163345337e-01 4.175731167197227478e-02
1.421589255332946777e-01 4.103596508502960205e-02
1.337702125310897827e-01 4.027287289500236511e-02
1.254015564918518066e-01 3.945714235305786133e-02
1.170110628008842468e-01 3.855891898274421692e-02
1.083144173026084900e-01 3.753271698951721191e-02
9.900768101215362549e-02 3.630970418453216553e-02
8.901590853929519653e-02 3.485592082142829895e-02
7.854487746953964233e-02 3.319442272186279297e-02
6.791740655899047852e-02 3.134543076157569885e-02
5.793987587094306946e-02 2.945528179407119751e-02
4.877527430653572083e-02 2.753328531980514526e-02
4.067267850041389465e-02 2.562994882464408875e-02
3.357736393809318542e-02 2.369367145001888275e-02
2.734004333615303040e-02 2.173662744462490082e-02
2.164360880851745605e-02 1.966708339750766754e-02
1.639639772474765778e-02 1.743488200008869171e-02
1.168236229568719864e-02 1.501794997602701187e-02
7.563274819403886795e-03 1.242573652416467667e-02
4.402597434818744659e-03 9.794144891202449799e-03
2.090791240334510803e-03 7.192168384790420532e-03
6.700398516841232777e-04 4.774432163685560226e-03
-4.717364572570659220e-05 2.617774531245231628e-03
-1.738322898745536804e-04 8.716952288523316383e-04
1.125179278460564092e-05 -4.968635039404034615e-04
4.363084153737872839e-04 -1.589944353327155113e-03
1.122784335166215897e-03 -2.587981056421995163e-03
2.039116341620683670e-03 -3.609054256230592728e-03
3.312291111797094345e-03 -4.757417365908622742e-03
4.824129398912191391e-03 -6.023488938808441162e-03
6.576775107532739639e-03 -7.361823227256536484e-03
8.525437675416469574e-03 -8.712490089237689972e-03
1.063894387334585190e-02 -9.985006414353847504e-03
1.287079602479934692e-02 -1.114617288112640381e-02
1.530739013105630875e-02 -1.224338263273239136e-02
1.814980059862136841e-02 -1.336291152983903885e-02
2.157065458595752716e-02 -1.453524641692638397e-02
2.583079040050506592e-02 -1.581858284771442413e-02
3.097348473966121674e-02 -1.714888215065002441e-02
3.723680600523948669e-02 -1.852070726454257965e-02
4.444758966565132141e-02 -1.986842602491378784e-02
5.232450738549232483e-02 -2.112112566828727722e-02
6.055258214473724365e-02 -2.221180312335491180e-02
6.881563365459442139e-02 -2.311055362224578857e-02
7.678542286157608032e-02 -2.381508611142635345e-02
8.431858569383621216e-02 -2.433192171156406403e-02
9.138627350330352783e-02 -2.469871379435062408e-02
9.823995083570480347e-02 -2.493401430547237396e-02
1.051990389823913574e-01 -2.509033679962158203e-02
1.123348772525787354e-01 -2.516881562769412994e-02
1.197331026196479797e-01 -2.517976984381675720e-02
1.274893879890441895e-01 -2.512601949274539948e-02
1.355342566967010498e-01 -2.500408515334129333e-02
1.436378806829452515e-01 -2.481618337333202362e-02
1.517230570316314697e-01 -2.456531859934329987e-02
1.595817506313323975e-01 -2.426439523696899414e-02
1.673512011766433716e-01 -2.391757629811763763e-02
1.749890893697738647e-01 -2.353180758655071259e-02
1.824429482221603394e-01 -2.311411127448081970e-02
1.896145939826965332e-01 -2.268045768141746521e-02
1.966633647680282593e-01 -2.222665399312973022e-02
2.035458832979202271e-01 -2.176181226968765259e-02
2.104217559099197388e-01 -2.127247862517833710e-02
2.175267189741134644e-01 -2.074310183525085449e-02
2.251195162534713745e-01 -2.015025541186332703e-02
2.336064428091049194e-01 -1.946310885250568390e-02
2.430471777915954590e-01 -1.867502741515636444e-02
2.530855536460876465e-01 -1.781890541315078735e-02
2.632880508899688721e-01 -1.693236641585826874e-02
2.734046578407287598e-01 -1.603984087705612183e-02
2.829772830009460449e-01 -1.518340595066547394e-02
2.918656766414642334e-01 -1.438009366393089294e-02
3.001699447631835938e-01 -1.362470537424087524e-02
3.083269596099853516e-01 -1.288158353418111801e-02
3.167949616909027100e-01 -1.211386825889348984e-02
3.257319331169128418e-01 -1.131031569093465805e-02
3.350195288658142090e-01 -1.048345770686864853e-02
3.444294035434722900e-01 -9.654377587139606476e-03
3.538063466548919678e-01 -8.838752284646034241e-03
3.628646433353424072e-01 -8.063061162829399109e-03
3.714193701744079590e-01 -7.344963960349559784e-03
3.795045912265777588e-01 -6.680605467408895493e-03
3.874204456806182861e-01 -6.046712398529052734e-03
3.954223990440368652e-01 -5.422739777714014053e-03
4.037438035011291504e-01 -4.793363623321056366e-03
4.124605655670166016e-01 -4.153992515057325363e-03
4.214693903923034668e-01 -3.515132702887058258e-03
4.307687580585479736e-01 -2.877991646528244019e-03
4.402235448360443115e-01 -2.254249993711709976e-03
4.496477544307708740e-01 -1.658202148973941803e-03
4.588278234004974365e-01 -1.102920272387564182e-03
4.677800238132476807e-01 -5.860570818185806274e-04
4.764373302459716797e-01 -1.093639730243012309e-04
4.849217534065246582e-01 3.355076769366860390e-04
4.931586384773254395e-01 7.469767006114125252e-04
5.012387037277221680e-01 1.129720243625342846e-03
5.092273354530334473e-01 1.489784568548202515e-03
5.172162055969238281e-01 1.831666799262166023e-03
5.251995921134948730e-01 2.156056696549057961e-03
5.331721901893615723e-01 2.461733529344201088e-03
5.410761833190917969e-01 2.749640261754393578e-03
5.488042831420898438e-01 3.016658592969179153e-03
5.564190149307250977e-01 3.266191575676202774e-03
5.639038681983947754e-01 3.496439196169376373e-03
5.714135169982910156e-01 3.713102312758564949e-03
5.790124535560607910e-01 3.917423542588949203e-03
5.868276357650756836e-01 4.113621544092893600e-03
5.948309302330017090e-01 4.301396198570728302e-03
6.029403805732727051e-01 4.480372183024883270e-03
6.109393835067749023e-01 4.645281005650758743e-03
6.187006831169128418e-01 4.794134292751550674e-03
6.263207197189331055e-01 4.928261507302522659e-03
6.339079141616821289e-01 5.049255676567554474e-03
6.415391564369201660e-01 5.159469787031412125e-03
6.493455171585083008e-01 5.261122249066829681e-03
6.574286222457885742e-01 5.355725064873695374e-03
6.657074093818664551e-01 5.442345514893531799e-03
6.739163994789123535e-01 5.519172642379999161e-03
6.819890141487121582e-01 5.584423895925283432e-03
6.898596286773681641e-01 5.637361668050289154e-03
6.975946426391601562e-01 5.679452326148748398e-03
7.051391601562500000e-01 5.711663980036973953e-03
7.124423384666442871e-01 5.734732840210199356e-03
7.196723222732543945e-01 5.749821662902832031e-03
7.270380854606628418e-01 5.756594240665435791e-03
7.344812750816345215e-01 5.755971651524305344e-03
7.420868873596191406e-01 5.745589267462491989e-03
7.502133846282958984e-01 5.723444279283285141e-03
7.591572403907775879e-01 5.684007890522480011e-03
7.689588665962219238e-01 5.624602548778057098e-03
7.794126272201538086e-01 5.543665960431098938e-03
7.902604341506958008e-01 5.441472399979829788e-03
8.013547062873840332e-01 5.317131523042917252e-03
8.124141693115234375e-01 5.172397941350936890e-03
8.228778243064880371e-01 5.014469381421804428e-03
8.327667117118835449e-01 4.842802416533231735e-03
8.422612547874450684e-01 4.655107855796813965e-03
8.516634106636047363e-01 4.446688573807477951e-03
8.610447645187377930e-01 4.216292873024940491e-03
8.705129623413085938e-01 3.961535170674324036e-03
8.801098465919494629e-01 3.683260409161448479e-03
8.899345993995666504e-01 3.380628302693367004e-03
8.997657895088195801e-01 3.061854047700762749e-03
9.093075990676879883e-01 2.737530739977955818e-03
9.185828566551208496e-01 2.412690781056880951e-03
9.276403784751892090e-01 2.089271787554025650e-03
9.367808699607849121e-01 1.763148349709808826e-03
9.451447129249572754e-01 1.465910812839865685e-03
9.529507160186767578e-01 1.192306750454008579e-03
9.603698849678039551e-01 9.367390302941203117e-04
9.676011204719543457e-01 6.911125965416431427e-04
9.710156917572021484e-01 5.756572936661541462e-04
9.778341054916381836e-01 3.422350564505904913e-04
9.848200082778930664e-01 9.624467202229425311e-05
9.921917915344238281e-01 -1.733770914142951369e-04
1.000167727470397949e+00 -4.776934219989925623e-04
