9.995990395545959473e-01 5.129219498485326767e-04
9.907318353652954102e-01 2.559640444815158844e-03
9.823074936866760254e-01 4.268254153430461884e-03
9.742205142974853516e-01 5.702781025320291519e-03
9.663653969764709473e-01 6.927239242941141129e-03
9.548531174659729004e-01 8.519643917679786682e-03
9.470157623291015625e-01 9.540298953652381897e-03
9.390252232551574707e-01 1.056158822029829025e-02
9.309204816818237305e-01 1.158676855266094208e-02
9.228168725967407227e-01 1.259752456098794937e-02
9.141699075698852539e-01 1.364912558346986771e-02
9.052250385284423828e-01 1.471766456961631775e-02
8.962091207504272461e-01 1.577482372522354126e-02
8.870546221733093262e-01 1.683174818754196167e-02
8.780379295349121094e-01 1.785768754780292511e-02
8.692696094512939453e-01 1.884084753692150116e-02
8.609653115272521973e-01 1.975827850401401520e-02
8.529903292655944824e-01 2.062627859413623810e-02
8.452451229095458984e-01 2.145774103701114655e-02
8.375537991523742676e-01 2.227162756025791168e-02
8.297965526580810547e-01 2.308156527578830719e-02
8.217444419860839844e-01 2.391003072261810303e-02
8.132916688919067383e-01 2.476887963712215424e-02
8.045487999916076660e-01 2.564529329538345337e-02
7.957361340522766113e-01 2.651843987405300140e-02
7.871135473251342773e-01 2.736221253871917725e-02
7.787529826164245605e-01 2.817071229219436646e-02
7.707014083862304688e-01 2.893863432109355927e-02
7.629536390304565430e-01 2.966784872114658356e-02
7.554170489311218262e-01 3.036735393106937408e-02
7.478326559066772461e-01 3.106291033327579498e-02
7.400797009468078613e-01 3.176533058285713196e-02
7.321391105651855469e-01 3.247708827257156372e-02
7.241058349609375000e-01 3.318867087364196777e-02
7.159650325775146484e-01 3.390090540051460266e-02
7.077192068099975586e-01 3.461320325732231140e-02
6.992772817611694336e-01 3.533263131976127625e-02
6.908119916915893555e-01 3.604448959231376648e-02
6.823397278785705566e-01 3.674788028001785278e-02
6.738873124122619629e-01 3.744092583656311035e-02
6.654114127159118652e-01 3.812671080231666565e-02
6.570932865142822266e-01 3.879094868898391724e-02
6.489228010177612305e-01 3.943448141217231750e-02
6.408391594886779785e-01 4.006239771842956543e-02
6.327927112579345703e-01 4.067899659276008606e-02
6.246529221534729004e-01 4.129449650645256042e-02
6.165603399276733398e-01 4.189817234873771667e-02
6.084219813346862793e-01 4.249667748808860779e-02
6.001076102256774902e-01 4.309851676225662231e-02
5.915956497192382812e-01 4.370572790503501892e-02
5.830037593841552734e-01 4.430877417325973511e-02
5.743221640586853027e-01 4.490866139531135559e-02
5.655053257942199707e-01 4.550749436020851135e-02
5.566166043281555176e-01 4.610064625740051270e-02
5.476807951927185059e-01 4.668632149696350098e-02
5.388597249984741211e-01 4.725354537367820740e-02
5.299757122993469238e-01 4.781306907534599304e-02
5.209376215934753418e-01 4.837049171328544617e-02
5.118101239204406738e-01 4.892063140869140625e-02
5.026367902755737305e-01 4.946092143654823303e-02
4.934252798557281494e-01 4.999047517776489258e-02
4.840838015079498291e-01 5.051391571760177612e-02
4.746999442577362061e-01 5.102507025003433228e-02
4.654276371002197266e-01 5.151602998375892639e-02
4.564329385757446289e-01 5.197843909263610840e-02
4.476346075534820557e-01 5.241786316037178040e-02
4.390879273414611816e-01 5.283202230930328369e-02
4.307395517826080322e-01 5.322260782122612000e-02
4.225887656211853027e-01 5.359026044607162476e-02
4.144154191017150879e-01 5.394418165087699890e-02
4.059255123138427734e-01 5.429568141698837280e-02
3.970344364643096924e-01 5.464700609445571899e-02
3.877378702163696289e-01 5.499456077814102173e-02
3.781505525112152100e-01 5.533283576369285583e-02
3.683257997035980225e-01 5.565785989165306091e-02
3.584494590759277344e-01 5.596110224723815918e-02
3.486609458923339844e-01 5.623778328299522400e-02
3.391211926937103271e-01 5.648035928606987000e-02
3.298330008983612061e-01 5.669111385941505432e-02
3.206401765346527100e-01 5.687126144766807556e-02
3.116448521614074707e-01 5.702261254191398621e-02
3.026365637779235840e-01 5.714511871337890625e-02
2.936087846755981445e-01 5.723707750439643860e-02
2.843352854251861572e-01 5.729444697499275208e-02
2.748456895351409912e-01 5.731491744518280029e-02
2.652162611484527588e-01 5.729587003588676453e-02
2.555716335773468018e-01 5.723877251148223877e-02
2.460567206144332886e-01 5.714154243469238281e-02
2.366061955690383911e-01 5.699818581342697144e-02
2.274598479270935059e-01 5.680589005351066589e-02
2.184216976165771484e-01 5.656055361032485962e-02
2.094656229019165039e-01 5.625595897436141968e-02
2.003964632749557495e-01 5.588794127106666565e-02
1.913603991270065308e-01 5.546092242002487183e-02
1.824748218059539795e-01 5.498007684946060181e-02
1.739159822463989258e-01 5.445385351777076721e-02
1.657108068466186523e-01 5.388164520263671875e-02
1.577453017234802246e-01 5.325179547071456909e-02
1.501147598028182983e-01 5.257183685898780823e-02
1.427043378353118896e-01 5.184037983417510986e-02
1.354102045297622681e-01 5.104846507310867310e-02
1.281036734580993652e-01 5.017623305320739746e-02
1.208375617861747742e-01 4.922354966402053833e-02
1.135805770754814148e-01 4.817355796694755554e-02
1.063918471336364746e-01 4.703335836529731750e-02
9.924620389938354492e-02 4.580252245068550110e-02
9.205169975757598877e-02 4.444999620318412781e-02
8.491357415914535522e-02 4.297579452395439148e-02
7.783650606870651245e-02 4.136560484766960144e-02
7.080902159214019775e-02 3.961037844419479370e-02
6.372525542974472046e-02 3.764567151665687561e-02
5.678167566657066345e-02 3.554875776171684265e-02
5.002928897738456726e-02 3.333174437284469604e-02
4.368268325924873352e-02 3.107224218547344208e-02
3.781925141811370850e-02 2.880132570862770081e-02
3.236712887883186340e-02 2.648827806115150452e-02
2.731879986822605133e-02 2.409710921347141266e-02
2.259778417646884918e-02 2.160716801881790161e-02
1.813038252294063568e-02 1.895551197230815887e-02
1.379430294036865234e-02 1.608308218419551849e-02
9.885642677545547485e-03 1.314540207386016846e-02
6.479687057435512543e-03 1.019358355551958084e-02
3.782838117331266403e-03 7.387813180685043335e-03
1.848427928052842617e-03 4.849629476666450500e-03
6.391904316842556000e-04 2.645567990839481354e-03
5.933434658800251782e-05 8.123379084281623363e-04
-1.539200093247927725e-05 -6.289862212724983692e-04
2.235181309515610337e-04 -1.777859055437147617e-03
5.985539173707365990e-04 -2.703954931348562241e-03
1.180476276203989983e-03 -3.467468079179525375e-03
1.994741614907979965e-03 -4.182016011327505112e-03
3.164550289511680603e-03 -4.877243656665086746e-03
4.765834659337997437e-03 -5.574963986873626709e-03
6.828043144196271896e-03 -6.277952808886766434e-03
9.281027130782604218e-03 -6.952001247555017471e-03
1.213497389107942581e-02 -7.548175286501646042e-03
1.528451126068830490e-02 -8.042650297284126282e-03
1.877095364034175873e-02 -8.396266028285026550e-03
2.263503707945346832e-02 -8.629831485450267792e-03
2.696378529071807861e-02 -8.755896240472793579e-03
3.181100264191627502e-02 -8.787619881331920624e-03
3.712579980492591858e-02 -8.742863312363624573e-03
4.282085224986076355e-02 -8.634971454739570618e-03
4.876973852515220642e-02 -8.469518274068832397e-03
5.518173798918724060e-02 -8.238534443080425262e-03
6.221251562237739563e-02 -7.929183542728424072e-03
7.008078694343566895e-02 -7.537191268056631088e-03
7.868777215480804443e-02 -7.080985698848962784e-03
8.798631280660629272e-02 -6.572613492608070374e-03
9.785912185907363892e-02 -6.025483831763267517e-03
1.079409644007682800e-01 -5.461852997541427612e-03
1.178459450602531433e-01 -4.906231537461280823e-03
1.272473484277725220e-01 -4.380005411803722382e-03
1.361159533262252808e-01 -3.888086415827274323e-03
1.444872915744781494e-01 -3.429642878472805023e-03
1.523868143558502197e-01 -3.004566766321659088e-03
1.599133759737014771e-01 -2.606944413855671883e-03
1.673488169908523560e-01 -2.221922622993588448e-03
1.750630885362625122e-01 -1.830508117564022541e-03
1.832073330879211426e-01 -1.426540664397180080e-03
1.918059736490249634e-01 -1.009023399092257023e-03
2.008670121431350708e-01 -5.791298463009297848e-04
2.101894766092300415e-01 -1.466049725422635674e-04
2.196282744407653809e-01 2.809188445098698139e-04
2.288935929536819458e-01 6.900568841956555843e-04
2.378838509321212769e-01 1.076561515219509602e-03
2.465376406908035278e-01 1.438584644347429276e-03
2.550388574600219727e-01 1.784357707947492599e-03
2.635751664638519287e-01 2.121123718097805977e-03
2.721502184867858887e-01 2.449821215122938156e-03
2.809136509895324707e-01 2.776722889393568039e-03
2.898191809654235840e-01 3.099336056038737297e-03
2.987785637378692627e-01 3.415650688111782074e-03
3.076473772525787354e-01 3.719909815117716789e-03
3.163254559040069580e-01 4.008969292044639587e-03
3.247509002685546875e-01 4.280764143913984299e-03
3.331014513969421387e-01 4.541286733001470566e-03
3.415984213352203369e-01 4.796905908733606339e-03
3.501178324222564697e-01 5.044367630034685135e-03
3.586968481540679932e-01 5.285974126309156418e-03
3.673376739025115967e-01 5.521607119590044022e-03
3.758830428123474121e-01 5.746743176132440567e-03
3.842888474464416504e-01 5.960284732282161713e-03
3.923571109771728516e-01 6.158026400953531265e-03
4.001156091690063477e-01 6.340927910059690475e-03
4.078198969364166260e-01 6.515146698802709579e-03
4.156855642795562744e-01 6.685741711407899857e-03
4.234957993030548096e-01 6.848504301160573959e-03
4.314420521259307861e-01 7.006704341620206833e-03
4.396200180053710938e-01 7.162364665418863297e-03
4.480295777320861816e-01 7.314635906368494034e-03
4.565724432468414307e-01 7.461728993803262711e-03
4.650664925575256348e-01 7.599527016282081604e-03
4.735141992568969727e-01 7.728476542979478836e-03
4.820007085800170898e-01 7.850141264498233795e-03
4.903358221054077148e-01 7.962722331285476685e-03
4.983153641223907471e-01 8.062717504799365997e-03
5.061711668968200684e-01 8.154018782079219818e-03
5.139597058296203613e-01 8.237149566411972046e-03
5.217846035957336426e-01 8.313350379467010498e-03
5.296893119812011719e-01 8.382394909858703613e-03
5.376570820808410645e-01 8.444767445325851440e-03
5.456736683845520020e-01 8.500765077769756317e-03
5.536437034606933594e-01 8.550445549190044403e-03
5.613001585006713867e-01 8.591795340180397034e-03
5.686799883842468262e-01 8.624908514320850372e-03
5.759149789810180664e-01 8.650674484670162201e-03
5.831375718116760254e-01 8.669269271194934845e-03
5.904673933982849121e-01 8.681478910148143768e-03
5.980567336082458496e-01 8.687655441462993622e-03
6.059324741363525391e-01 8.687159046530723572e-03
6.141666769981384277e-01 8.679030463099479675e-03
6.226754784584045410e-01 8.662194013595581055e-03
6.313987970352172852e-01 8.635479025542736053e-03
6.404284834861755371e-01 8.597559295594692230e-03
6.497346758842468262e-01 8.547808043658733368e-03
6.591777205467224121e-01 8.487317711114883423e-03
6.685957312583923340e-01 8.416804485023021698e-03
6.779294610023498535e-01 8.336566388607025146e-03
6.871474981307983398e-01 8.246411569416522980e-03
6.963095068931579590e-01 8.145436644554138184e-03
7.054158449172973633e-01 8.033223450183868408e-03
7.145163416862487793e-01 7.909787818789482117e-03
7.236959338188171387e-01 7.774805650115013123e-03
7.328670620918273926e-01 7.629871834069490433e-03
7.417729496955871582e-01 7.479842286556959152e-03
7.503479719161987305e-01 7.326096296310424805e-03
7.586407065391540527e-01 7.167805451899766922e-03
7.668108940124511719e-01 7.001521997153759003e-03
7.750718593597412109e-01 6.822646129876375198e-03
7.836207151412963867e-01 6.626126356422901154e-03
7.925118803977966309e-01 6.411013659089803696e-03
8.017802834510803223e-01 6.176214199513196945e-03
8.113073706626892090e-01 5.923477467149496078e-03
8.206652402877807617e-01 5.664517637342214584e-03
8.296883702278137207e-01 5.404458381235599518e-03
8.383726477622985840e-01 5.143257323652505875e-03
8.467840552330017090e-01 4.879513289779424667e-03
8.551179170608520508e-01 4.607748705893754959e-03
8.636474013328552246e-01 4.319751635193824768e-03
8.724259734153747559e-01 4.014870617538690567e-03
8.816179037094116211e-01 3.688788972795009613e-03
8.911918401718139648e-01 3.343970282003283501e-03
9.007063508033752441e-01 2.997231669723987579e-03
9.101045727729797363e-01 2.653378061950206757e-03
9.194617867469787598e-01 2.311987802386283875e-03
9.289060831069946289e-01 1.973998034372925758e-03
9.375660419464111328e-01 1.669746241532266140e-03
9.456563591957092285e-01 1.393654034473001957e-03
9.533354640007019043e-01 1.140052801929414272e-03
9.609047174453735352e-01 8.963433792814612389e-04
9.645490050315856934e-01 7.802658947184681892e-04
9.720955491065979004e-01 5.367691628634929657e-04
9.802936911582946777e-01 2.636926365084946156e-04
9.895126819610595703e-01 -5.631259409710764885e-05
1.000121831893920898e+00 -4.405955551192164421e-04
