9.996811747550964355e-01 3.590215055737644434e-04
9.898681044578552246e-01 2.635832177475094795e-03
9.805016517639160156e-01 4.621589556336402893e-03
9.715502262115478516e-01 6.352429743856191635e-03
9.629820585250854492e-01 7.864488288760185242e-03
9.509518146514892578e-01 9.783755987882614136e-03
9.431926012039184570e-01 1.092323381453752518e-02
9.355511665344238281e-01 1.198914740234613419e-02
9.280257225036621094e-01 1.298908889293670654e-02
9.207144379615783691e-01 1.391146238893270493e-02
9.128690361976623535e-01 1.487139146775007248e-02
9.048780798912048340e-01 1.581072248518466949e-02
8.967157602310180664e-01 1.673438027501106262e-02
8.884580135345458984e-01 1.763888075947761536e-02
8.802571892738342285e-01 1.851066015660762787e-02
8.721728920936584473e-01 1.935122162103652954e-02
8.643059730529785156e-01 2.015149220824241638e-02
8.565258979797363281e-01 2.092555351555347443e-02
8.487731814384460449e-01 2.168074995279312134e-02
8.409765362739562988e-01 2.242570184171199799e-02
8.329869508743286133e-01 2.317522652447223663e-02
8.245996832847595215e-01 2.394914999604225159e-02
8.159711956977844238e-01 2.473373152315616608e-02
8.072800040245056152e-01 2.551295608282089233e-02
7.987775206565856934e-01 2.626503817737102509e-02
7.905574440956115723e-01 2.698214165866374969e-02
7.826566100120544434e-01 2.766294963657855988e-02
7.750464677810668945e-01 2.830985002219676971e-02
7.676194906234741211e-01 2.893259376287460327e-02
7.600306868553161621e-01 2.956036105751991272e-02
7.521595954895019531e-01 3.020474314689636230e-02
7.440058588981628418e-01 3.086471557617187500e-02
7.356750965118408203e-01 3.153235092759132385e-02
7.271820902824401855e-01 3.220517560839653015e-02
7.185322642326354980e-01 3.288229927420616150e-02
7.098374366760253906e-01 3.355429321527481079e-02
7.010806202888488770e-01 3.422234952449798584e-02
6.922435760498046875e-01 3.488767892122268677e-02
6.833083033561706543e-01 3.555280715227127075e-02
6.745007634162902832e-01 3.620093688368797302e-02
6.657609343528747559e-01 3.683601692318916321e-02
6.572812795639038086e-01 3.744421526789665222e-02
6.489558219909667969e-01 3.803383186459541321e-02
6.407384872436523438e-01 3.860808908939361572e-02
6.325621008872985840e-01 3.917146101593971252e-02
6.242911815643310547e-01 3.973320499062538147e-02
6.159297823905944824e-01 4.029370844364166260e-02
6.075469851493835449e-01 4.084798321127891541e-02
5.991358160972595215e-01 4.139545187354087830e-02
5.906211137771606445e-01 4.194136336445808411e-02
5.821287035942077637e-01 4.247645661234855652e-02
5.736944675445556641e-01 4.299939423799514771e-02
5.652158856391906738e-01 4.351544380187988281e-02
5.565548539161682129e-01 4.403180256485939026e-02
5.476690530776977539e-01 4.455082118511199951e-02
5.386624336242675781e-01 4.506568610668182373e-02
5.293928980827331543e-01 4.558211565017700195e-02
5.198119282722473145e-01 4.610225185751914978e-02
5.099911689758300781e-01 4.662080481648445129e-02
5.001435279846191406e-01 4.712679609656333923e-02
4.904185235500335693e-01 4.761116579174995422e-02
4.806768894195556641e-01 4.807968437671661377e-02
4.708523154258728027e-01 4.853386431932449341e-02
4.610961377620697021e-01 4.896652698516845703e-02
4.514623880386352539e-01 4.937495291233062744e-02
4.418132305145263672e-01 4.976652935147285461e-02
4.322899580001831055e-01 5.013600736856460571e-02
4.230677783489227295e-01 5.047794058918952942e-02
4.143732488155364990e-01 5.078440159559249878e-02
4.061077833175659180e-01 5.105916783213615417e-02
3.979925811290740967e-01 5.131182819604873657e-02
3.898720741271972656e-01 5.154765397310256958e-02
3.816872537136077881e-01 5.176682770252227783e-02
3.733295798301696777e-01 5.197382345795631409e-02
3.646525442600250244e-01 5.217087641358375549e-02
3.557107150554656982e-01 5.235340446233749390e-02
3.466421067714691162e-01 5.251555889844894409e-02
3.375495672225952148e-01 5.265234038233757019e-02
3.284910917282104492e-01 5.276455357670783997e-02
3.194653093814849854e-01 5.285207554697990417e-02
3.106241524219512939e-01 5.291429907083511353e-02
3.019458651542663574e-01 5.294895172119140625e-02
2.934466302394866943e-01 5.295491218566894531e-02
2.849210500717163086e-01 5.293042957782745361e-02
2.763039767742156982e-01 5.287440866231918335e-02
2.675808370113372803e-01 5.278628319501876831e-02
2.587907314300537109e-01 5.266820639371871948e-02
2.500413060188293457e-01 5.251919105648994446e-02
2.413218170404434204e-01 5.233573541045188904e-02
2.326831370592117310e-01 5.211170017719268799e-02
2.240298092365264893e-01 5.184305086731910706e-02
2.153276205062866211e-01 5.152394995093345642e-02
2.064986824989318848e-01 5.115290358662605286e-02
1.977278590202331543e-01 5.074146762490272522e-02
1.891815066337585449e-01 5.029872059822082520e-02
1.809625774621963501e-01 4.982361197471618652e-02
1.731273680925369263e-01 4.932038858532905579e-02
1.655411869287490845e-01 4.877614974975585938e-02
1.581274569034576416e-01 4.819236695766448975e-02
1.506910026073455811e-01 4.754959046840667725e-02
1.430194079875946045e-01 4.682390764355659485e-02
1.350295096635818481e-01 4.599440097808837891e-02
1.269123107194900513e-01 4.507761076092720032e-02
1.186559051275253296e-01 4.405464977025985718e-02
1.102533787488937378e-01 4.291772097349166870e-02
1.017784476280212402e-01 4.165164381265640259e-02
9.322417527437210083e-02 4.024127125740051270e-02
8.474856615066528320e-02 3.868957608938217163e-02
7.627768814563751221e-02 3.696452453732490540e-02
6.782059371471405029e-02 3.505127504467964172e-02
5.947903171181678772e-02 3.295437619090080261e-02
5.154529958963394165e-02 3.073313646018505096e-02
4.408563300967216492e-02 2.842087298631668091e-02
3.731139749288558960e-02 2.611896954476833344e-02
3.128367289900779724e-02 2.386773191392421722e-02
2.603241801261901855e-02 2.170055732131004333e-02
2.150422520935535431e-02 1.960110478103160858e-02
1.750201359391212463e-02 1.750259473919868469e-02
1.388608850538730621e-02 1.532175391912460327e-02
1.056765951216220856e-02 1.301716081798076630e-02
7.580602075904607773e-03 1.059674005955457687e-02
4.972287453711032867e-03 8.140358142554759979e-03
2.903243293985724449e-03 5.815180949866771698e-03
1.390561927109956741e-03 3.733023069798946381e-03
4.559051594696938992e-04 1.973720733076334000e-03
-2.568464765317912679e-07 5.721390480175614357e-04
-9.017965930979698896e-05 -5.267150118015706539e-04
4.352430551080033183e-05 -1.420898246578872204e-03
2.989990753121674061e-04 -2.197379944846034050e-03
6.449678912758827209e-04 -2.954991301521658897e-03
1.096092397347092628e-03 -3.729005577042698860e-03
1.700898166745901108e-03 -4.532807506620883942e-03
2.578332321718335152e-03 -5.396530963480472565e-03
3.752291435375809669e-03 -6.321009248495101929e-03
5.289068911224603653e-03 -7.275113835930824280e-03
7.284963037818670273e-03 -8.253499865531921387e-03
9.861235506832599640e-03 -9.230451658368110657e-03
1.316724997013807297e-02 -1.017480809241533279e-02
1.715477928519248962e-02 -1.106724049896001816e-02
2.172665297985076904e-02 -1.186957955360412598e-02
2.675779163837432861e-02 -1.256610080599784851e-02
3.222554922103881836e-02 -1.316050812602043152e-02
3.797265887260437012e-02 -1.363588310778141022e-02
4.407402873039245605e-02 -1.399327162653207779e-02
5.081331357359886169e-02 -1.424164976924657822e-02
5.850517004728317261e-02 -1.439131889492273331e-02
6.732822209596633911e-02 -1.445385627448558807e-02
7.708273828029632568e-02 -1.443262118846178055e-02
8.757653087377548218e-02 -1.432770863175392151e-02
9.840204566717147827e-02 -1.415014173835515976e-02
1.092096716165542603e-01 -1.391290314495563507e-02
1.196196228265762329e-01 -1.362363807857036591e-02
1.294843852519989014e-01 -1.330108847469091415e-02
1.387774348258972168e-01 -1.296219788491725922e-02
1.475522965192794800e-01 -1.261968817561864853e-02
1.557954400777816772e-01 -1.228390727192163467e-02
1.636976748704910278e-01 -1.194651611149311066e-02
1.714760363101959229e-01 -1.160331536084413528e-02
1.792393475770950317e-01 -1.124991476535797119e-02
1.871652305126190186e-01 -1.087955757975578308e-02
1.954016834497451782e-01 -1.048562210053205490e-02
2.038947045803070068e-01 -1.007181312888860703e-02
2.124518007040023804e-01 -9.648598730564117432e-03
2.209945172071456909e-01 -9.219592437148094177e-03
2.293653637170791626e-01 -8.792886510491371155e-03
2.376668155193328857e-01 -8.364366367459297180e-03
2.459024637937545776e-01 -7.934167049825191498e-03
2.540798783302307129e-01 -7.502663414925336838e-03
2.622117400169372559e-01 -7.070367224514484406e-03
2.703852653503417969e-01 -6.633349228650331497e-03
2.784973680973052979e-01 -6.197372451424598694e-03
2.865995764732360840e-01 -5.759529303759336472e-03
2.947435379028320312e-01 -5.317604634910821915e-03
3.028844892978668213e-01 -4.874248523265123367e-03
3.110073506832122803e-01 -4.430880304425954819e-03
3.191335201263427734e-01 -3.986561205238103867e-03
3.272583484649658203e-01 -3.541808575391769409e-03
3.354236185550689697e-01 -3.094584681093692780e-03
3.436384201049804688e-01 -2.644605003297328949e-03
3.519421517848968506e-01 -2.189977793022990227e-03
3.604092299938201904e-01 -1.726944581605494022e-03
3.689529001712799072e-01 -1.260454417206346989e-03
3.774772286415100098e-01 -7.960184593684971333e-04
3.858969509601593018e-01 -3.385214367881417274e-04
3.942119479179382324e-01 1.118268410209566355e-04
4.025222659111022949e-01 5.600700969807803631e-04
4.108867049217224121e-01 1.009201863780617714e-03
4.191868305206298828e-01 1.452792086638510227e-03
4.275367856025695801e-01 1.896758563816547394e-03
4.359284043312072754e-01 2.340301172807812691e-03
4.443339407444000244e-01 2.781600458547472954e-03
4.527558386325836182e-01 3.220400307327508926e-03
4.611546397209167480e-01 3.654505824670195580e-03
4.695539474487304688e-01 4.084826447069644928e-03
4.780417978763580322e-01 4.515763837844133377e-03
4.865555465221405029e-01 4.943652078509330750e-03
4.949553608894348145e-01 5.361105781048536301e-03
5.033245086669921875e-01 5.772057920694351196e-03
5.116696357727050781e-01 6.176375318318605423e-03
5.199568867683410645e-01 6.572300568222999573e-03
5.281534790992736816e-01 6.958216894418001175e-03
5.361388921737670898e-01 7.328598294407129288e-03
5.439077615737915039e-01 7.683469913899898529e-03
5.514689683914184570e-01 8.023324422538280487e-03
5.589032173156738281e-01 8.350973948836326599e-03
5.662921667098999023e-01 8.669202215969562531e-03
5.737860202789306641e-01 8.984482847154140472e-03
5.814459323883056641e-01 9.299427270889282227e-03
5.892167687416076660e-01 9.611996822059154510e-03
5.971283912658691406e-01 9.921895340085029602e-03
6.050850749015808105e-01 1.022424455732107162e-02
6.130999922752380371e-01 1.051794458180665970e-02
6.212099194526672363e-01 1.080288272351026535e-02
6.295569539070129395e-01 1.108282152563333511e-02
6.382598876953125000e-01 1.135901454836130142e-02
6.472249031066894531e-01 1.162814721465110779e-02
6.563003063201904297e-01 1.188444998115301132e-02
6.653088331222534180e-01 1.212151162326335907e-02
6.742519736289978027e-01 1.233791839331388474e-02
6.829521059989929199e-01 1.252887677401304245e-02
6.914321780204772949e-01 1.269390806555747986e-02
6.997003555297851562e-01 1.283379830420017242e-02
7.078575491905212402e-01 1.295162551105022430e-02
7.160466909408569336e-01 1.304990705102682114e-02
7.242170572280883789e-01 1.312588993459939957e-02
7.323966622352600098e-01 1.317966450005769730e-02
7.406934499740600586e-01 1.320918370038270950e-02
7.493140697479248047e-01 1.321071758866310120e-02
7.582699656486511230e-01 1.317901164293289185e-02
7.676731944084167480e-01 1.311004627496004105e-02
7.775387167930603027e-01 1.299553923308849335e-02
7.877703309059143066e-01 1.283387281000614166e-02
7.982980608940124512e-01 1.262069959193468094e-02
8.089754581451416016e-01 1.235120743513107300e-02
8.194960951805114746e-01 1.203509047627449036e-02
8.297309279441833496e-01 1.167828589677810669e-02
8.396586179733276367e-01 1.128291524946689606e-02
8.491913080215454102e-01 1.085497997701168060e-02
8.584632873535156250e-01 1.039054244756698608e-02
8.676620721817016602e-01 9.881738573312759399e-03
8.767688274383544922e-01 9.334279224276542664e-03
8.859581351280212402e-01 8.742067962884902954e-03
8.952920436859130859e-01 8.104881271719932556e-03
9.044464230537414551e-01 7.448565214872360229e-03
9.133433103561401367e-01 6.785604171454906464e-03
9.219099879264831543e-01 6.126808002591133118e-03
9.304060935974121094e-01 5.456127226352691650e-03
9.380987882614135742e-01 4.839711822569370270e-03
9.452448487281799316e-01 4.262743052095174789e-03
9.520673751831054688e-01 3.708746982738375664e-03
9.589774608612060547e-01 3.145703114569187164e-03
9.624486565589904785e-01 2.861641114577651024e-03
9.698746204376220703e-01 2.245528623461723328e-03
9.782752990722656250e-01 1.534901792183518410e-03
9.880467653274536133e-01 6.931241368874907494e-04
9.995848536491394043e-01 -3.164405061397701502e-04
