1.000000000000000000e+00 2.506001503512477477e-04
9.921354133420728916e-01 1.686030512340434872e-03
9.842262276235415053e-01 3.030605059339251412e-03
9.762721292540725848e-01 4.289381334564246195e-03
9.682728858560981644e-01 5.467522994917476363e-03
9.602283401799412976e-01 6.570312292330024798e-03
9.521384034862678813e-01 7.603161625415589750e-03
9.440029118457792245e-01 8.571639942215476468e-03
9.358219731419623599e-01 9.481439450256458346e-03
9.275956696865343964e-01 1.033842240972487544e-02
9.193241143397757886e-01 1.114862097652468201e-02
9.110074528041006703e-01 1.191824423959468755e-02
9.026458569748644356e-01 1.265368607607017526e-02
8.942395188186210708e-01 1.336153280628803001e-02
8.857885151897305631e-01 1.404858117322536210e-02
8.772927799736525145e-01 1.472184675111415028e-02
8.687531218841217928e-01 1.538849287289964680e-02
8.601904999938003726e-01 1.605316169589724590e-02
8.516277359553627857e-01 1.671538445903508058e-02
8.430652026595978343e-01 1.737507006858946684e-02
8.345028930283083790e-01 1.803215696445443703e-02
8.259408043257685517e-01 1.868658326575601061e-02
8.173789351458267127e-01 1.933828700632243477e-02
8.088172852051265238e-01 1.998720615249191535e-02
8.002558479877146524e-01 2.063327915890841163e-02
7.916946207610012776e-01 2.127644420731873709e-02
7.831336026102556636e-01 2.191663935952687867e-02
7.745727922646411523e-01 2.255380272204072362e-02
7.660121837127691347e-01 2.318787276950257450e-02
7.574517742245637786e-01 2.381878774627694401e-02
7.488915633190409427e-01 2.444648574789976686e-02
7.403315488513119158e-01 2.507090501008532937e-02
7.317717303912524285e-01 2.569198366113878765e-02
7.232127085018162926e-01 2.630958262377500884e-02
7.146551645749752435e-01 2.692340703868736571e-02
7.060990875978521153e-01 2.753317076550730602e-02
6.975444453584774829e-01 2.813858951318283508e-02
6.889912170478249553e-01 2.873937850550418657e-02
6.804393944290768603e-01 2.933525242869215385e-02
6.718889546440642846e-01 2.992592733958489640e-02
6.633398663686053132e-01 3.051112020267900127e-02
6.547921088491581720e-01 3.109054757617229353e-02
6.462456731784086417e-01 3.166392556050031531e-02
6.377005376608010367e-01 3.223097146750005665e-02
6.291566706088757011e-01 3.279140359154403966e-02
6.206140512988752578e-01 3.334493981869217361e-02
6.120726689039136525e-01 3.389129773670959689e-02
6.035325053050766275e-01 3.443019575510376101e-02
5.949935272014394982e-01 3.496135356164283697e-02
5.864557138683673676e-01 3.548449036307300269e-02
5.779190513114418337e-01 3.599932529167667455e-02
5.693835273840500699e-01 3.650557772585768385e-02
5.608491059240509058e-01 3.700296879512301323e-02
5.523157661704095611e-01 3.749121901865046236e-02
5.437834897169758763e-01 3.797004911010553457e-02
5.352522727618007625e-01 3.843917932392354464e-02
5.267220750388583728e-01 3.889833226010470935e-02
5.181928757104584671e-01 3.934722974040971710e-02
5.096646539132909659e-01 3.978559390999574646e-02
5.011374069586341795e-01 4.021314633563390778e-02
4.926110988158843851e-01 4.062961060648864059e-02
4.840857053348956995e-01 4.103470999690798232e-02
4.755612055190575616e-01 4.142816793921604707e-02
4.670375894524104177e-01 4.180970769483337290e-02
4.585148583673718248e-01 4.217905241706342012e-02
4.499944690957407567e-01 4.253577386551600503e-02
4.414776774423335715e-01 4.287914977318166287e-02
4.329645471624134490e-01 4.320844673007814135e-02
4.244551717341136787e-01 4.352293259519011970e-02
4.159495548032724477e-01 4.382188086759365719e-02
4.074477482053567301e-01 4.410456539179552493e-02
3.989498036940614112e-01 4.437026225973950827e-02
3.904557991090701896e-01 4.461824906941320307e-02
3.819657848365601849e-01 4.484780659591847823e-02
3.734797865816483209e-01 4.505821843055391601e-02
3.649978554321260393e-01 4.524876961805346376e-02
3.565200422189903628e-01 4.541874742496989498e-02
3.480464306243193362e-01 4.556744079387624324e-02
3.395770532449292056e-01 4.569414191622765686e-02
3.311119438341258436e-01 4.579814499242363529e-02
3.226511517921976102e-01 4.587874611121362661e-02
3.141947260586319679e-01 4.593524354196635434e-02
3.057427420656622652e-01 4.596693766272823972e-02
2.972952397144691394e-01 4.597313131116917417e-02
2.888522467114225112e-01 4.595312933640294251e-02
2.804138096903714406e-01 4.590623861366514152e-02
2.719799745945242209e-01 4.583176813024782831e-02
2.635507945142797070e-01 4.572902907708477349e-02
2.551263413329502017e-01 4.559733516981542140e-02
2.467066226493676573e-01 4.543600124388683104e-02
2.382916811328053830e-01 4.524434454096235708e-02
2.298815585114160898e-01 4.502168430604346072e-02
2.214762955205658579e-01 4.476734175988281855e-02
2.130759485061787528e-01 4.448064067032145297e-02
2.046805624497086695e-01 4.416090657370584649e-02
1.962901510376239000e-01 4.380746566686060522e-02
1.879051493309154830e-01 4.341966578942907384e-02
1.795448022508003283e-01 4.299664572118515327e-02
1.712250122266898156e-01 4.253373399392633425e-02
1.629462594625513683e-01 4.202491236372982858e-02
1.547089656052095252e-01 4.146433122044104053e-02
1.465134036581708099e-01 4.084629625140311082e-02
1.383597290567272209e-01 4.016526081238841472e-02
1.302481678329429349e-01 3.941583391111255080e-02
1.221789669003493090e-01 3.859277295279892744e-02
1.141581050541863596e-01 3.769131408108065961e-02
1.061922850530925694e-01 3.670600916091928262e-02
9.828394088596224820e-02 3.563098219000316452e-02
9.043538825340588505e-02 3.446057016462868161e-02
8.264881240343975588e-02 3.318931227465057865e-02
7.492654161042662520e-02 3.181199072269700473e-02
6.727022985421834966e-02 3.032347682455415611e-02
5.968526790135130627e-02 2.871964401922507890e-02
5.232104927551551460e-02 2.702159956303969504e-02
4.528199078838263808e-02 2.522220402604336345e-02
3.855687858885050584e-02 2.329250665988652491e-02
3.212014480404096206e-02 2.120553413449597496e-02
2.595578309460615241e-02 1.894082557539191955e-02
2.004549085089553720e-02 1.647962054642729615e-02
1.436587103475236472e-02 1.380150262566295222e-02
9.201497467722580606e-03 1.105521265913128777e-02
6.033655370847096702e-03 9.065911150881294719e-03
4.058892682192240774e-03 7.491996136493940181e-03
2.612384887662993170e-03 6.009842908889404325e-03
1.529499423387386484e-03 4.559873376153051293e-03
7.434526991939255456e-04 3.149812284144749494e-03
3.047591579330340421e-04 2.025410437755642990e-03
5.801845420824439965e-05 9.443726813648525235e-04
0.000000000000000000e+00 0.000000000000000000e+00
9.324922362732976280e-05 -9.194517836529860931e-04
3.059914080270311940e-04 -1.742809312434801883e-03
6.339393992136127184e-04 -2.516496194100963178e-03
1.075757694999838381e-03 -3.224331741817168442e-03
1.621675298057293196e-03 -3.840705842921366200e-03
2.409091366787727718e-03 -4.480317948672406410e-03
3.419873386538878519e-03 -5.082877045634726434e-03
6.008385521825827975e-03 -6.196028166453889860e-03
1.127635358683185852e-02 -8.057373164376335078e-03
1.683934968382196432e-02 -9.662971197018230957e-03
2.267102721860750000e-02 -1.100547436649252503e-02
2.881914173991180494e-02 -1.210357284047994947e-02
3.534329919105282797e-02 -1.297873243243561139e-02
4.229460884351420036e-02 -1.365655677562190203e-02
4.974743589049298448e-02 -1.417699648351974581e-02
5.777141515315228210e-02 -1.460028858805014970e-02
6.603500221678260118e-02 -1.496992032838389414e-02
7.431539772748349537e-02 -1.528581746997214122e-02
8.261273970629209873e-02 -1.555057430900852293e-02
9.092715482429170049e-02 -1.576681546091439345e-02
9.925875962522472118e-02 -1.593719692521155390e-02
1.076077923806808834e-01 -1.606440872854187144e-02
1.159742420957715903e-01 -1.615116976120328784e-02
1.243581918149993942e-01 -1.620023557838841735e-02
1.327597293132136425e-01 -1.621439679979746334e-02
1.411789379342017203e-01 -1.619647964683922428e-02
1.496158975911981714e-01 -1.614934661967250967e-02
1.580708387970920503e-01 -1.607589559231115475e-02
1.665437378449640127e-01 -1.597906361558143126e-02
1.750346261577959972e-01 -1.586182626172994228e-02
1.835435787668502627e-01 -1.572719755082722937e-02
1.920702400455581160e-01 -1.557823412409113650e-02
2.006032518810038356e-01 -1.541737627117426707e-02
2.091369756781890077e-01 -1.524512668435146386e-02
2.176714067388003104e-01 -1.506164475493490182e-02
2.262065403406672559e-01 -1.486708998061562689e-02
2.347423806275526770e-01 -1.466162174609039054e-02
2.432789174155600143e-01 -1.444539986971366506e-02
2.518161424716817143e-01 -1.421858425085931535e-02
2.603540509876697273e-01 -1.398133481531604883e-02
2.688926436894392702e-01 -1.373381143189882254e-02
2.774319170880182317e-01 -1.347617417990599163e-02
2.859718594370692646e-01 -1.320858350354049866e-02
2.945124658577898957e-01 -1.293119975929119501e-02
3.030537340699766546e-01 -1.264418332220045536e-02
3.115956664995363501e-01 -1.234769449736640608e-02
3.201382483007174096e-01 -1.204189429368229640e-02
3.286814745388195180e-01 -1.172694350027237396e-02
3.372253403410337413e-01 -1.140300301166345676e-02
3.457698532624128296e-01 -1.107023333962879608e-02
3.543149957729642141e-01 -1.072879606862224208e-02
3.628607628958548381e-01 -1.037885242179369463e-02
3.714071496458126176e-01 -1.002056373079790279e-02
3.799541617198344268e-01 -9.654090972458017478e-03
3.885017855170476708e-01 -9.279596046699891548e-03
3.970500139652917149e-01 -8.897240699267257649e-03
4.055988420530630689e-01 -8.507186696985276700e-03
4.141482738112963746e-01 -8.109595490750430569e-03
4.226982989999827356e-01 -7.704629291244647488e-03
4.312489087910911234e-01 -7.292450367504249055e-03
4.398000981585963309e-01 -6.873220922100853336e-03
4.483518698797889224e-01 -6.447102874436690285e-03
4.569042162849869526e-01 -6.014258761306338040e-03
4.654569720026997537e-01 -5.574858122641400751e-03
4.740073100255866034e-01 -5.128989165302274937e-03
4.825537805450686446e-01 -4.676203341027185961e-03
4.910963586304974426e-01 -4.215920123513563697e-03
4.996350394446993914e-01 -3.747559272360392185e-03
5.081697960868792885e-01 -3.270543099075819051e-03
5.167005863262656984e-01 -2.784296186495007278e-03
5.252273699871338186e-01 -2.288244455922764861e-03
5.337516750763708906e-01 -1.781731943549770374e-03
5.423028857168393779e-01 -1.264658378575249592e-03
5.508755825988637111e-01 -7.440533525643644756e-04
5.594095175994158176e-01 -2.310031834192191819e-04
5.679017245345534537e-01 2.670564247277633753e-04
5.763531674096495916e-01 7.431429410985367946e-04
5.847647910871325294e-01 1.190479511153472343e-03
5.931374314465402975e-01 1.602483404405016017e-03
6.014730356409242473e-01 1.972814752505606256e-03
6.098156879483674908e-01 2.299711667706967697e-03
6.181959769789683312e-01 2.588653797219370601e-03
6.266139264699581712e-01 2.845363642433298024e-03
6.350695544699329620e-01 3.075715641951535032e-03
6.435629880921688306e-01 3.285743699629159551e-03
6.520945125889475724e-01 3.481646432482635341e-03
6.606638184997032370e-01 3.669776293062754213e-03
6.692521321136428725e-01 3.856256096486540292e-03
6.778274964716631823e-01 4.045761220528859212e-03
6.864084483590568997e-01 4.238895059314433042e-03
6.949954191333573839e-01 4.434534917574051854e-03
7.035886989130858415e-01 4.631549775560193753e-03
7.121828553349450752e-01 4.828672311856985547e-03
7.207707067635275022e-01 5.024594523042895736e-03
7.293524700761039314e-01 5.218182915557204732e-03
7.379284194475007608e-01 5.408310569704761171e-03
7.464962844335981673e-01 5.593659689271898196e-03
7.550535162981191206e-01 5.772350457016851323e-03
7.636001021870031380e-01 5.942431418826826274e-03
7.721359517449897236e-01 6.101965072552792760e-03
7.806609484660167464e-01 6.249028992121986349e-03
7.891749110586370186e-01 6.381715352378743850e-03
7.976778657058647415e-01 6.498134950865003083e-03
8.061697197858148645e-01 6.596411559695845167e-03
8.146503806688688565e-01 6.674683941908127714e-03
8.231197016303526404e-01 6.731105445723152211e-03
8.315775775464168129e-01 6.763844904317967491e-03
8.400239886277185430e-01 6.771085963332207011e-03
8.484588449702183954e-01 6.751026205847422690e-03
8.568820581422910143e-01 6.701877591359738269e-03
8.652935415315137213e-01 6.621866318191512758e-03
8.736931107185482714e-01 6.509234219123466794e-03
8.820807833144715948e-01 6.362234828338355838e-03
8.904564846338912654e-01 6.179136097343157843e-03
8.988201391694354836e-01 5.958219589204574729e-03
9.071716751969443049e-01 5.697780222765700363e-03
9.155110252026337214e-01 5.396126044121301452e-03
9.238381037222405112e-01 5.051578970715565366e-03
9.321528190196594066e-01 4.662474582570648625e-03
9.404551792975529567e-01 4.227156342621623056e-03
9.487451383835154850e-01 3.743982008766201606e-03
9.570226565593198398e-01 3.211320930473427621e-03
9.652877010164053750e-01 2.627553650833391440e-03
9.735402463091457070e-01 1.991071473350461765e-03
9.817802748034921700e-01 1.300275991746866096e-03
9.900077771184163655e-01 5.535785812033298123e-04
9.982227525574350890e-01 -2.506001503512514882e-04
