9.996834397315979004e-01 1.692598743829876184e-04
9.926218390464782715e-01 1.962447306141257286e-03
9.843196272850036621e-01 3.723942674696445465e-03
9.750839471817016602e-01 5.424526985734701157e-03
9.652217030525207520e-01 7.034981623291969299e-03
9.502141475677490234e-01 9.174062870442867279e-03
9.402840137481689453e-01 1.040429156273603439e-02
9.306027889251708984e-01 1.147800590842962265e-02
9.212217330932617188e-01 1.240396872162818909e-02
9.123221635818481445e-01 1.318209432065486908e-02
9.028322696685791016e-01 1.398075185716152191e-02
8.932752609252929688e-01 1.473795156925916672e-02
8.835042119026184082e-01 1.548385526984930038e-02
8.736991882324218750e-01 1.620970666408538818e-02
8.638356924057006836e-01 1.692128740251064301e-02
8.540741205215454102e-01 1.761288754642009735e-02
8.445194363594055176e-01 1.827902160584926605e-02
8.349916934967041016e-01 1.893540471792221069e-02
8.255439400672912598e-01 1.957896910607814789e-02
8.161487579345703125e-01 2.021474018692970276e-02
8.067703247070312500e-01 2.084517106413841248e-02
7.973679900169372559e-01 2.147462405264377594e-02
7.881500124931335449e-01 2.208948880434036255e-02
7.791505455970764160e-01 2.268834784626960754e-02
7.706094980239868164e-01 2.325532212853431702e-02
7.624903917312622070e-01 2.379316277801990509e-02
7.547015547752380371e-01 2.430844865739345551e-02
7.471701502799987793e-01 2.480595931410789490e-02
7.397637367248535156e-01 2.529450319707393646e-02
7.322219014167785645e-01 2.579127810895442963e-02
7.245689630508422852e-01 2.629475481808185577e-02
7.168826460838317871e-01 2.679974026978015900e-02
7.091081738471984863e-01 2.730964869260787964e-02
7.012185454368591309e-01 2.782585658133029938e-02
6.931036114692687988e-01 2.835526503622531891e-02
6.848661303520202637e-01 2.889103069901466370e-02
6.764963865280151367e-01 2.943350002169609070e-02
6.680075526237487793e-01 2.998152934014797211e-02
6.593921184539794922e-01 3.053533472120761871e-02
6.509474515914916992e-01 3.107552602887153625e-02
6.426711678504943848e-01 3.160161525011062622e-02
6.344742774963378906e-01 3.211895003914833069e-02
6.262143850326538086e-01 3.263611346483230591e-02
6.178743839263916016e-01 3.315402939915657043e-02
6.095497012138366699e-01 3.366634249687194824e-02
6.012005209922790527e-01 3.417527303099632263e-02
5.928649902343750000e-01 3.467830270528793335e-02
5.845919847488403320e-01 3.517208993434906006e-02
5.764912366867065430e-01 3.564923629164695740e-02
5.683823227882385254e-01 3.612001240253448486e-02
5.601868629455566406e-01 3.658848628401756287e-02
5.518208742141723633e-01 3.705920651555061340e-02
5.433191061019897461e-01 3.752955049276351929e-02
5.346544384956359863e-01 3.799986094236373901e-02
5.257929563522338867e-01 3.847086802124977112e-02
5.168005824089050293e-01 3.893784061074256897e-02
5.077475905418395996e-01 3.939625993371009827e-02
4.987598657608032227e-01 3.984010964632034302e-02
4.898475110530853271e-01 4.026900976896286011e-02
4.810504317283630371e-01 4.068018868565559387e-02
4.723918735980987549e-01 4.107204452157020569e-02
4.639038145542144775e-01 4.144338145852088928e-02
4.554209411144256592e-01 4.180072247982025146e-02
4.468352794647216797e-01 4.214831069111824036e-02
4.380749464035034180e-01 4.248819127678871155e-02
4.291069805622100830e-01 4.282015934586524963e-02
4.200952053070068359e-01 4.313788935542106628e-02
4.110223352909088135e-01 4.344055056571960449e-02
4.020408987998962402e-01 4.372399672865867615e-02
3.932895064353942871e-01 4.398360475897789001e-02
3.849330842494964600e-01 4.421538859605789185e-02
3.768717646598815918e-01 4.442274942994117737e-02
3.690781295299530029e-01 4.460693150758743286e-02
3.614827692508697510e-01 4.477094858884811401e-02
3.539980947971343994e-01 4.491773247718811035e-02
3.466386497020721436e-01 4.504731297492980957e-02
3.391887247562408447e-01 4.516354203224182129e-02
3.317497372627258301e-01 4.526423290371894836e-02
3.242697417736053467e-01 4.534874483942985535e-02
3.168248832225799561e-01 4.541599750518798828e-02
3.093101680278778076e-01 4.546709358692169189e-02
3.017665743827819824e-01 4.550184682011604309e-02
2.941116988658905029e-01 4.551666229963302612e-02
2.863069772720336914e-01 4.550966247916221619e-02
2.782866358757019043e-01 4.547716677188873291e-02
2.699696123600006104e-01 4.541937634348869324e-02
2.613777816295623779e-01 4.533048719167709351e-02
2.525169253349304199e-01 4.520917683839797974e-02
2.435124218463897705e-01 4.505190625786781311e-02
2.344424128532409668e-01 4.485775530338287354e-02
2.254422754049301147e-01 4.462531208992004395e-02
2.165308743715286255e-01 4.435566067695617676e-02
2.079370170831680298e-01 4.406001791357994080e-02
1.997243463993072510e-01 4.374401643872261047e-02
1.919261813163757324e-01 4.340925067663192749e-02
1.843141317367553711e-01 4.304173961281776428e-02
1.768329292535781860e-01 4.264104366302490234e-02
1.692205816507339478e-01 4.218707606196403503e-02
1.612627804279327393e-01 4.166058450937271118e-02
1.527354419231414795e-01 4.103302210569381714e-02
1.437863409519195557e-01 4.031425714492797852e-02
1.347939819097518921e-01 3.953145071864128113e-02
1.259502470493316650e-01 3.869691491127014160e-02
1.173506975173950195e-01 3.781003132462501526e-02
1.089162826538085938e-01 3.684892877936363220e-02
1.007360592484474182e-01 3.580955788493156433e-02
9.253887087106704712e-02 3.464697673916816711e-02
8.412267267704010010e-02 3.331963345408439636e-02
7.536464929580688477e-02 3.180705010890960693e-02
6.653047353029251099e-02 3.011075034737586975e-02
5.808099359273910522e-02 2.835554070770740509e-02
5.021827295422554016e-02 2.657999284565448761e-02
4.303104802966117859e-02 2.479357086122035980e-02
3.648298606276512146e-02 2.295590005815029144e-02
3.056080825626850128e-02 2.105517126619815826e-02
2.504261396825313568e-02 1.901192963123321533e-02
1.978995092213153839e-02 1.676689833402633667e-02
1.479942724108695984e-02 1.430720090866088867e-02
1.018876302987337112e-02 1.165919657796621323e-02
6.421929225325584412e-03 9.082084521651268005e-03
3.557271556928753853e-03 6.666509900242090225e-03
1.607233774848282337e-03 4.531023092567920685e-03
4.577198415063321590e-04 2.751126419752836227e-03
-4.243795410729944706e-05 1.408214680850505829e-03
-1.342017349088564515e-04 4.385478969197720289e-04
-1.390236320730764419e-05 -2.574943355284631252e-04
1.884245575638487935e-04 -8.103023283183574677e-04
3.993095015175640583e-04 -1.328087295405566692e-03
7.176920771598815918e-04 -1.821962767280638218e-03
1.089613069780170918e-03 -2.374435076490044594e-03
1.424768939614295959e-03 -2.966529224067926407e-03
1.795723219402134418e-03 -3.607610939070582390e-03
2.347509143874049187e-03 -4.295626189559698105e-03
3.296047449111938477e-03 -5.083794239908456802e-03
4.884203430265188217e-03 -6.014253478497266769e-03
7.342997007071971893e-03 -7.117686793208122253e-03
1.074268482625484467e-02 -8.377208374440670013e-03
1.512933336198329926e-02 -9.735588915646076202e-03
2.042928524315357208e-02 -1.110096927732229233e-02
2.638713270425796509e-02 -1.234595198184251785e-02
3.300973773002624512e-02 -1.343714818358421326e-02
4.019214212894439697e-02 -1.435490231961011887e-02
4.788818582892417908e-02 -1.511303242295980453e-02
5.594566464424133301e-02 -1.573732495307922363e-02
6.416063010692596436e-02 -1.625519245862960815e-02
7.216021418571472168e-02 -1.668062806129455566e-02
7.984318584203720093e-02 -1.702694967389106750e-02
8.716911822557449341e-02 -1.729624159634113312e-02
9.422285109758377075e-02 -1.748619042336940765e-02
1.010851263999938965e-01 -1.762882061302661896e-02
1.078638583421707153e-01 -1.773629896342754364e-02
1.148445382714271545e-01 -1.781986653804779053e-02
1.220992282032966614e-01 -1.788146048784255981e-02
1.296075731515884399e-01 -1.791994832456111908e-02
1.374032199382781982e-01 -1.792787946760654449e-02
1.454157233238220215e-01 -1.791140250861644745e-02
1.537691205739974976e-01 -1.786895096302032471e-02
1.625434309244155884e-01 -1.779941283166408539e-02
1.715747565031051636e-01 -1.770148053765296936e-02
1.808169931173324585e-01 -1.757715269923210144e-02
1.905060410499572754e-01 -1.742197200655937195e-02
2.003895044326782227e-01 -1.724193803966045380e-02
2.103934735059738159e-01 -1.703884638845920563e-02
2.206617295742034912e-01 -1.680936850607395172e-02
2.309253066778182983e-01 -1.655999943614006042e-02
2.413474172353744507e-01 -1.628829538822174072e-02
2.519861459732055664e-01 -1.599231176078319550e-02
2.625372707843780518e-01 -1.568234339356422424e-02
2.726785540580749512e-01 -1.537220831960439682e-02
2.824735045433044434e-01 -1.506268233060836792e-02
2.915830612182617188e-01 -1.476472523063421249e-02
3.001782596111297607e-01 -1.447406131774187088e-02
3.086065351963043213e-01 -1.418002508580684662e-02
3.169220387935638428e-01 -1.388049963861703873e-02
3.252695798873901367e-01 -1.357398275285959244e-02
3.337351083755493164e-01 -1.325867697596549988e-02
3.420214951038360596e-01 -1.294552162289619446e-02
3.499425947666168213e-01 -1.264133118093013763e-02
3.575966358184814453e-01 -1.234304625540971756e-02
3.649967312812805176e-01 -1.204939186573028564e-02
3.724092245101928711e-01 -1.175078749656677246e-02
3.801894783973693848e-01 -1.143329311162233353e-02
3.883778154850006104e-01 -1.109530311077833176e-02
3.968636691570281982e-01 -1.074132230132818222e-02
4.056428074836730957e-01 -1.037154998630285263e-02
4.145203232765197754e-01 -9.993694722652435303e-03
4.233679473400115967e-01 -9.613316506147384644e-03
4.321652054786682129e-01 -9.231410920619964600e-03
4.407688081264495850e-01 -8.854810148477554321e-03
4.492372572422027588e-01 -8.481171913444995880e-03
4.577719867229461670e-01 -8.101960644125938416e-03
4.663877785205841064e-01 -7.716468069702386856e-03
4.750156700611114502e-01 -7.328097242861986160e-03
4.837450981140136719e-01 -6.933126598596572876e-03
4.924848675727844238e-01 -6.535987369716167450e-03
5.012555718421936035e-01 -6.135835777968168259e-03
5.099841356277465820e-01 -5.736261140555143356e-03
5.185127258300781250e-01 -5.344560835510492325e-03
5.268952846527099609e-01 -4.958649631589651108e-03
5.353310108184814453e-01 -4.569671582430601120e-03
5.437656641006469727e-01 -4.180346615612506866e-03
5.521718859672546387e-01 -3.792113158851861954e-03
5.606613159179687500e-01 -3.400178859010338783e-03
5.692371129989624023e-01 -3.004727885127067566e-03
5.779917240142822266e-01 -2.601821674033999443e-03
5.868750810623168945e-01 -2.194275613874197006e-03
5.958260297775268555e-01 -1.785217202268540859e-03
6.047802567481994629e-01 -1.377939712256193161e-03
6.137405633926391602e-01 -9.724398842081427574e-04
6.224946975708007812e-01 -5.788388079963624477e-04
6.310612559318542480e-01 -1.968512224266305566e-04
6.395776271820068359e-01 1.787914516171440482e-04
6.481180191040039062e-01 5.508058820851147175e-04
6.567065119743347168e-01 9.199738269671797752e-04
6.654032468795776367e-01 1.288364757783710957e-03
6.741126179695129395e-01 1.651534345000982285e-03
6.826712489128112793e-01 2.002615714445710182e-03
6.908900141716003418e-01 2.334064804017543793e-03
6.987615227699279785e-01 2.644332125782966614e-03
7.064110636711120605e-01 2.937912940979003906e-03
7.140423059463500977e-01 3.222243394702672958e-03
7.217216491699218750e-01 3.499691374599933624e-03
7.295401096343994141e-01 3.772729309275746346e-03
7.375912070274353027e-01 4.044447559863328934e-03
7.458282709121704102e-01 4.311428405344486237e-03
7.540510892868041992e-01 4.566982388496398926e-03
7.622080445289611816e-01 4.806897602975368500e-03
7.704582214355468750e-01 5.034328904002904892e-03
7.788820266723632812e-01 5.248981527984142303e-03
7.875136733055114746e-01 5.450756754726171494e-03
7.963334321975708008e-01 5.636550951749086380e-03
8.053661584854125977e-01 5.805111490190029144e-03
8.145053982734680176e-01 5.953367799520492554e-03
8.236086964607238770e-01 6.077876314520835876e-03
8.323839306831359863e-01 6.173925008624792099e-03
8.408522009849548340e-01 6.242022849619388580e-03
8.490530848503112793e-01 6.282942835241556168e-03
8.570487499237060547e-01 6.296510342508554459e-03
8.648964762687683105e-01 6.281489040702581406e-03
8.727275133132934570e-01 6.237823981791734695e-03
8.806271553039550781e-01 6.165447179228067398e-03
8.886030912399291992e-01 6.061535328626632690e-03
8.966771364212036133e-01 5.920218769460916519e-03
9.047771096229553223e-01 5.736663006246089935e-03
9.129849076271057129e-01 5.504228640347719193e-03
9.213449954986572266e-01 5.212455056607723236e-03
9.301213026046752930e-01 4.844902083277702332e-03
9.383802413940429688e-01 4.462679382413625717e-03
9.461622834205627441e-01 4.068046808242797852e-03
9.535305500030517578e-01 3.656438319012522697e-03
9.606453180313110352e-01 3.212932031601667404e-03
9.640514254570007324e-01 2.980697434395551682e-03
9.711725711822509766e-01 2.441875636577606201e-03
9.790635108947753906e-01 1.770020229741930962e-03
9.881536960601806641e-01 9.244552347809076309e-04
9.988725185394287109e-01 -1.354947744403034449e-04
