9.997229576110839844e-01 3.154461737722158432e-04
9.908748269081115723e-01 2.337893238291144371e-03
9.811484813690185547e-01 4.251943901181221008e-03
9.708358645439147949e-01 6.039351690560579300e-03
9.602288603782653809e-01 7.681871298700571060e-03
9.447305798530578613e-01 9.790699928998947144e-03
9.348605275154113770e-01 1.096476893872022629e-02
9.254708290100097656e-01 1.196840964257717133e-02
9.165784716606140137e-01 1.281930319964885712e-02
9.082333445549011230e-01 1.353123970329761505e-02
8.991100788116455078e-01 1.429365482181310654e-02
8.898099660873413086e-01 1.502603478729724884e-02
8.802092075347900391e-01 1.575369387865066528e-02
8.705818653106689453e-01 1.646250486373901367e-02
8.610107302665710449e-01 1.714827492833137512e-02
8.517175912857055664e-01 1.780017465353012085e-02
8.428065180778503418e-01 1.841194555163383484e-02
8.341513276100158691e-01 1.899551041424274445e-02
8.256254792213439941e-01 1.956080086529254913e-02
8.170419335365295410e-01 2.012405730783939362e-02
8.083508014678955078e-01 2.068852260708808899e-02
7.995379567146301270e-01 2.125711739063262939e-02
7.908467054367065430e-01 2.181421592831611633e-02
7.822726964950561523e-01 2.236102707684040070e-02
7.740276455879211426e-01 2.288415655493736267e-02
7.660540938377380371e-01 2.338775433599948883e-02
7.582669854164123535e-01 2.387786656618118286e-02
7.505170106887817383e-01 2.436424978077411652e-02
7.426736354827880859e-01 2.485536597669124603e-02
7.346263527870178223e-01 2.535846270620822906e-02
7.264530658721923828e-01 2.586875669658184052e-02
7.183403968811035156e-01 2.637470699846744537e-02
7.103059291839599609e-01 2.687537483870983124e-02
7.023724913597106934e-01 2.736928686499595642e-02
6.944820880889892578e-01 2.786013856530189514e-02
6.866197586059570312e-01 2.834887616336345673e-02
6.786624193191528320e-01 2.884314022958278656e-02
6.705032587051391602e-01 2.934952266514301300e-02
6.621066927909851074e-01 2.987016551196575165e-02
6.536644101142883301e-01 3.039310127496719360e-02
6.453167796134948730e-01 3.090944327414035797e-02
6.370233893394470215e-01 3.142149373888969421e-02
6.287393569946289062e-01 3.193183243274688721e-02
6.205214262008666992e-01 3.243677690625190735e-02
6.123966574668884277e-01 3.293444216251373291e-02
6.043111681938171387e-01 3.342802822589874268e-02
5.962533950805664062e-01 3.391805291175842285e-02
5.882666110992431641e-01 3.440169617533683777e-02
5.804297924041748047e-01 3.487382456660270691e-02
5.726276040077209473e-01 3.534098714590072632e-02
5.646852254867553711e-01 3.581304475665092468e-02
5.565255284309387207e-01 3.629413992166519165e-02
5.481683015823364258e-01 3.678267449140548706e-02
5.396082401275634766e-01 3.727845102548599243e-02
5.308454632759094238e-01 3.778051957488059998e-02
5.219214558601379395e-01 3.828538581728935242e-02
5.129120945930480957e-01 3.878750652074813843e-02
5.039342045783996582e-01 3.928021714091300964e-02
4.949770569801330566e-01 3.976364806294441223e-02
4.860459864139556885e-01 4.023722931742668152e-02
4.772078096866607666e-01 4.069674387574195862e-02
4.685741662979125977e-01 4.113648086786270142e-02
4.600946009159088135e-01 4.155822843313217163e-02
4.516983926296234131e-01 4.196536540985107422e-02
4.433116614818572998e-01 4.236135259270668030e-02
4.348489046096801758e-01 4.274912551045417786e-02
4.264055192470550537e-01 4.312422871589660645e-02
4.179007709026336670e-01 4.348960891366004944e-02
4.093792438507080078e-01 4.384319484233856201e-02
4.008748531341552734e-01 4.418234899640083313e-02
3.925231695175170898e-01 4.450137913227081299e-02
3.842404782772064209e-01 4.480293393135070801e-02
3.760634064674377441e-01 4.508564621210098267e-02
3.680046796798706055e-01 4.534930735826492310e-02
3.600652217864990234e-01 4.559483006596565247e-02
3.523877263069152832e-01 4.581839963793754578e-02
3.448527753353118896e-01 4.602369666099548340e-02
3.374277353286743164e-01 4.621050506830215454e-02
3.299596905708312988e-01 4.638127982616424561e-02
3.223897516727447510e-01 4.653545469045639038e-02
3.145254552364349365e-01 4.667568951845169067e-02
3.064913153648376465e-01 4.680088534951210022e-02
2.983703017234802246e-01 4.690919816493988037e-02
2.903163433074951172e-01 4.699762538075447083e-02
2.824385464191436768e-01 4.706151410937309265e-02
2.746908962726593018e-01 4.710100591182708740e-02
2.669821381568908691e-01 4.711366072297096252e-02
2.591256499290466309e-01 4.709807038307189941e-02
2.509290874004364014e-01 4.704895988106727600e-02
2.423222362995147705e-01 4.696497321128845215e-02
2.335699200630187988e-01 4.684633761644363403e-02
2.247692495584487915e-01 4.669097065925598145e-02
2.161322683095932007e-01 4.650066420435905457e-02
2.078117132186889648e-01 4.628024995326995850e-02
1.998907327651977539e-01 4.603077098727226257e-02
1.922281831502914429e-01 4.574347287416458130e-02
1.847334802150726318e-01 4.542044922709465027e-02
1.771451681852340698e-01 4.504885897040367126e-02
1.693961322307586670e-01 4.462109878659248352e-02
1.614142507314682007e-01 4.411867260932922363e-02
1.531994044780731201e-01 4.354486986994743347e-02
1.448552012443542480e-01 4.289547726511955261e-02
1.366200000047683716e-01 4.219271615147590637e-02
1.284878551959991455e-01 4.142161831259727478e-02
1.204392910003662109e-01 4.057706147432327271e-02
1.125560924410820007e-01 3.965010493993759155e-02
1.047621369361877441e-01 3.864081948995590210e-02
9.697088599205017090e-02 3.752415254712104797e-02
8.905153721570968628e-02 3.628655895590782166e-02
8.100472390651702881e-02 3.488095477223396301e-02
7.284048944711685181e-02 3.330640122294425964e-02
6.470192223787307739e-02 3.154798224568367004e-02
5.645756796002388000e-02 2.954481542110443115e-02
4.823819547891616821e-02 2.729501202702522278e-02
4.018202796578407288e-02 2.480948716402053833e-02
3.256869316101074219e-02 2.215378172695636749e-02
2.553956583142280579e-02 1.937042735517024994e-02
1.931267417967319489e-02 1.655164733529090881e-02
1.393122225999832153e-02 1.371159590780735016e-02
9.583654813468456268e-03 1.101483870297670364e-02
6.234692409634590149e-03 8.493957109749317169e-03
3.736732993274927139e-03 6.200043484568595886e-03
2.003676025196909904e-03 4.213338252156972885e-03
8.759070187807083130e-04 2.589498180896043777e-03
2.586603222880512476e-04 1.326162018813192844e-03
-2.909968861786182970e-05 3.836303658317774534e-04
-9.848012996371835470e-05 -3.020938311237841845e-04
-8.606247865827754140e-05 -8.607857744209468365e-04
1.186405097541864961e-05 -1.309588667936623096e-03
1.468627888243645430e-04 -1.770466449670493603e-03
2.047208690783008933e-04 -2.243158174678683281e-03
1.922218943946063519e-04 -2.744620665907859802e-03
2.439941163174808025e-04 -3.316297894343733788e-03
5.696125444956123829e-04 -4.031161312013864517e-03
1.451934338547289371e-03 -4.932602867484092712e-03
3.145089372992515564e-03 -6.049897521734237671e-03
5.815451033413410187e-03 -7.390929851680994034e-03
9.568879380822181702e-03 -8.861863985657691956e-03
1.442773640155792236e-02 -1.037878822535276413e-02
2.007269300520420074e-02 -1.175102312117815018e-02
2.649284899234771729e-02 -1.290662679821252823e-02
3.366068750619888306e-02 -1.382539421319961548e-02
4.169315472245216370e-02 -1.452237647026777267e-02
5.056017264723777771e-02 -1.503648143261671066e-02
6.014785170555114746e-02 -1.541184261441230774e-02
7.014098763465881348e-02 -1.569344475865364075e-02
8.034788817167282104e-02 -1.589430868625640869e-02
9.039392322301864624e-02 -1.602875627577304840e-02
1.000553295016288757e-01 -1.606820896267890930e-02
1.091611534357070923e-01 -1.604851149022579193e-02
1.176746636629104614e-01 -1.598894037306308746e-02
1.259259581565856934e-01 -1.590066403150558472e-02
1.340336352586746216e-01 -1.579069159924983978e-02
1.421293318271636963e-01 -1.566050946712493896e-02
1.503223627805709839e-01 -1.550762262195348740e-02
1.586107164621353149e-01 -1.533794403076171875e-02
1.669698804616928101e-01 -1.515108719468116760e-02
1.755260080099105835e-01 -1.494550518691539764e-02
1.840326637029647827e-01 -1.472649257630109787e-02
1.925307065248489380e-01 -1.449339091777801514e-02
2.013212442398071289e-01 -1.423857826739549637e-02
2.103898823261260986e-01 -1.396196801215410233e-02
2.196844220161437988e-01 -1.366655249148607254e-02
2.292886525392532349e-01 -1.334953214973211288e-02
2.389067858457565308e-01 -1.302127540111541748e-02
2.484639585018157959e-01 -1.268535479903221130e-02
2.579015791416168213e-01 -1.234449073672294617e-02
2.669562101364135742e-01 -1.200816594064235687e-02
2.755645811557769775e-01 -1.168118976056575775e-02
2.840385735034942627e-01 -1.135259401053190231e-02
2.924036979675292969e-01 -1.102188974618911743e-02
3.008458018302917480e-01 -1.068165805190801620e-02
3.096306622028350830e-01 -1.032182574272155762e-02
3.186012208461761475e-01 -9.948546998202800751e-03
3.274761140346527100e-01 -9.575339965522289276e-03
3.360919952392578125e-01 -9.209564886987209320e-03
3.441644608974456787e-01 -8.863485418260097504e-03
3.516864776611328125e-01 -8.537223562598228455e-03
3.589416146278381348e-01 -8.219225332140922546e-03
3.660496473312377930e-01 -7.904305122792720795e-03
3.733397126197814941e-01 -7.578724995255470276e-03
3.810627460479736328e-01 -7.231802213937044144e-03
3.891327679157257080e-01 -6.867397576570510864e-03
3.972919881343841553e-01 -6.496839690953493118e-03
4.054832160472869873e-01 -6.122891325503587723e-03
4.136259555816650391e-01 -5.749032832682132721e-03
4.217164516448974609e-01 -5.375779699534177780e-03
4.297625720500946045e-01 -5.003015510737895966e-03
4.376337826251983643e-01 -4.637171979993581772e-03
4.453904926776885986e-01 -4.275718238204717636e-03
4.531517624855041504e-01 -3.913344349712133408e-03
4.609333574771881104e-01 -3.549412125721573830e-03
4.687012135982513428e-01 -3.185677109286189079e-03
4.765593707561492920e-01 -2.817514352500438690e-03
4.845967888832092285e-01 -2.441031625494360924e-03
4.927587807178497314e-01 -2.059027785435318947e-03
5.009629726409912109e-01 -1.675533596426248550e-03
5.091093778610229492e-01 -1.295515685342252254e-03
5.171886682510375977e-01 -9.196202154271304607e-04
5.253479480743408203e-01 -5.414241459220647812e-04
5.335635542869567871e-01 -1.622573181521147490e-04
5.417648553848266602e-01 2.143508172594010830e-04
5.500510931015014648e-01 5.925766890868544579e-04
5.584644079208374023e-01 9.738793014548718929e-04
5.669638514518737793e-01 1.355889602564275265e-03
5.754738450050354004e-01 1.734775258228182793e-03
5.839923620223999023e-01 2.110124798491597176e-03
5.924418568611145020e-01 2.478123409673571587e-03
6.008598208427429199e-01 2.840479603037238121e-03
6.091337203979492188e-01 3.191816853359341621e-03
6.172670722007751465e-01 3.531640628352761269e-03
6.254106760025024414e-01 3.865553298965096474e-03
6.336222290992736816e-01 4.195568151772022247e-03
6.419113874435424805e-01 4.521755967289209366e-03
6.502718925476074219e-01 4.843241069465875626e-03
6.586988568305969238e-01 5.159209016710519791e-03
6.670216917991638184e-01 5.463754292577505112e-03
6.751307249069213867e-01 5.752946715801954269e-03
6.831182837486267090e-01 6.027901079505681992e-03
6.911400556564331055e-01 6.292752921581268311e-03
6.993790268898010254e-01 6.552579812705516815e-03
7.078810334205627441e-01 6.807820405811071396e-03
7.167055606842041016e-01 7.058702874928712845e-03
7.258388996124267578e-01 7.303931284695863724e-03
7.351589202880859375e-01 7.538601290434598923e-03
7.442910075187683105e-01 7.752625271677970886e-03
7.531003355979919434e-01 7.941836491227149963e-03
7.617204189300537109e-01 8.108477108180522919e-03
7.700719237327575684e-01 8.253243751823902130e-03
7.782117128372192383e-01 8.378067053854465485e-03
7.863193750381469727e-01 8.483365178108215332e-03
7.946959733963012695e-01 8.570019155740737915e-03
8.034361600875854492e-01 8.638354018330574036e-03
8.125931620597839355e-01 8.686152286827564240e-03
8.220442533493041992e-01 8.708309382200241089e-03
8.317971229553222656e-01 8.702551014721393585e-03
8.417431712150573730e-01 8.667608723044395447e-03
8.514788746833801270e-01 8.602175861597061157e-03
8.609188795089721680e-01 8.503581397235393524e-03
8.700942397117614746e-01 8.372136391699314117e-03
8.790517449378967285e-01 8.207922801375389099e-03
8.877059221267700195e-01 8.010504767298698425e-03
8.961545825004577637e-01 7.775087375193834305e-03
9.044076204299926758e-01 7.502971217036247253e-03
9.125291705131530762e-01 7.192091550678014755e-03
9.205548763275146484e-01 6.832003127783536911e-03
9.288405776023864746e-01 6.385393440723419189e-03
9.366219043731689453e-01 5.923614371567964554e-03
9.441065192222595215e-01 5.434117745608091354e-03
9.514861106872558594e-01 4.897442646324634552e-03
9.589270353317260742e-01 4.287418443709611893e-03
9.626156687736511230e-01 3.956390544772148132e-03
9.703452587127685547e-01 3.191472729668021202e-03
9.787946939468383789e-01 2.254642313346266747e-03
9.882638454437255859e-01 1.104181865230202675e-03
9.990526437759399414e-01 -3.016256960108876228e-04
