airfoil005
9.999120831489562988e-01 2.237160952063277364e-04
9.923487305641174316e-01 2.091766102239489555e-03
9.839382171630859375e-01 3.908873535692691803e-03
9.749746322631835938e-01 5.643169861286878586e-03
9.657520055770874023e-01 7.262784987688064575e-03
9.524327516555786133e-01 9.351983666419982910e-03
9.441189765930175781e-01 1.050467975437641144e-02
9.362438917160034180e-01 1.148593146353960037e-02
9.287157654762268066e-01 1.232002582401037216e-02
9.214382767677307129e-01 1.303155254572629929e-02
9.133102893829345703e-01 1.379878725856542587e-02
9.048379659652709961e-01 1.455166004598140717e-02
8.960006237030029297e-01 1.530516892671585083e-02
8.871350884437561035e-01 1.603009365499019623e-02
8.783282637596130371e-01 1.672391779720783234e-02
8.697961568832397461e-01 1.737846247851848602e-02
8.616166114807128906e-01 1.799063012003898621e-02
8.536726236343383789e-01 1.857371255755424500e-02
8.457759022712707520e-01 1.914358511567115784e-02
8.377932310104370117e-01 1.971330493688583374e-02
8.296281695365905762e-01 2.028945833444595337e-02
8.212597370147705078e-01 2.087557502090930939e-02
8.128202557563781738e-01 2.146243676543235779e-02
8.043606281280517578e-01 2.204755879938602448e-02
7.960824370384216309e-01 2.261674031615257263e-02
7.878881692886352539e-01 2.317701466381549835e-02
7.796995043754577637e-01 2.373425103724002838e-02
7.713322639465332031e-01 2.430127747356891632e-02
7.626981139183044434e-01 2.488417364656925201e-02
7.536494731903076172e-01 2.549303509294986725e-02
7.443222999572753906e-01 2.611872926354408264e-02
7.349018454551696777e-01 2.674890682101249695e-02
7.255620956420898438e-01 2.737191878259181976e-02
7.163556814193725586e-01 2.798390947282314301e-02
7.072325944900512695e-01 2.858814969658851624e-02
6.983016729354858398e-01 2.917745150625705719e-02
6.894696354866027832e-01 2.975785732269287109e-02
6.806367635726928711e-01 3.033571504056453705e-02
6.717040538787841797e-01 3.091741167008876801e-02
6.628328561782836914e-01 3.149221837520599365e-02
6.541122198104858398e-01 3.205398842692375183e-02
6.455379128456115723e-01 3.260265663266181946e-02
6.370089054107666016e-01 3.314448893070220947e-02
6.286139488220214844e-01 3.367388248443603516e-02
6.204342246055603027e-01 3.418529406189918518e-02
6.123746633529663086e-01 3.468459844589233398e-02
6.043977737426757812e-01 3.517419099807739258e-02
5.964865684509277344e-01 3.565489873290061951e-02
5.886576771736145020e-01 3.612503036856651306e-02
5.807767510414123535e-01 3.659195452928543091e-02
5.727242231369018555e-01 3.706219419836997986e-02
5.644569396972656250e-01 3.753780946135520935e-02
5.561071634292602539e-01 3.801063075661659241e-02
5.476809144020080566e-01 3.847987204790115356e-02
5.391951203346252441e-01 3.894383087754249573e-02
5.307206511497497559e-01 3.939752653241157532e-02
5.222554206848144531e-01 3.983987867832183838e-02
5.137779712677001953e-01 4.027163982391357422e-02
5.051733255386352539e-01 4.069803655147552490e-02
4.963999688625335693e-01 4.112022742629051208e-02
4.875044524669647217e-01 4.153516516089439392e-02
4.786078929901123047e-01 4.193646088242530823e-02
4.697453379631042480e-01 4.232214391231536865e-02
4.609935581684112549e-01 4.268881678581237793e-02
4.523950517177581787e-01 4.303437471389770508e-02
4.438804090023040771e-01 4.336041957139968872e-02
4.355105757713317871e-01 4.366562888026237488e-02
4.271430671215057373e-01 4.395464062690734863e-02
4.187248647212982178e-01 4.422914609313011169e-02
4.102115929126739502e-01 4.448909685015678406e-02
4.017079174518585205e-01 4.473223164677619934e-02
3.931955993175506592e-01 4.495804384350776672e-02
3.847345709800720215e-01 4.516419395804405212e-02
3.763019442558288574e-01 4.535004869103431702e-02
3.678950369358062744e-01 4.551613330841064453e-02
3.597077131271362305e-01 4.565938189625740051e-02
3.515949547290802002e-01 4.578243196010589600e-02
3.435491025447845459e-01 4.588517546653747559e-02
3.354677259922027588e-01 4.596758633852005005e-02
3.274877965450286865e-01 4.602858051657676697e-02
3.194490373134613037e-01 4.606848210096359253e-02
3.113156557083129883e-01 4.608649760484695435e-02
3.029753267765045166e-01 4.608101025223731995e-02
2.945212125778198242e-01 4.605102166533470154e-02
2.860302627086639404e-01 4.599247500300407410e-02
2.774541676044464111e-01 4.590644314885139465e-02
2.688206732273101807e-01 4.578996077179908752e-02
2.601687014102935791e-01 4.564399644732475281e-02
2.516211569309234619e-01 4.546606913208961487e-02
2.431015223264694214e-01 4.525564983487129211e-02
2.345977872610092163e-01 4.500927776098251343e-02
2.261052578687667847e-01 4.472786560654640198e-02
2.177612334489822388e-01 4.441610351204872131e-02
2.095558643341064453e-01 4.407549649477005005e-02
2.014795839786529541e-01 4.370253160595893860e-02
1.934436559677124023e-01 4.329071938991546631e-02
1.854576617479324341e-01 4.283840209245681763e-02
1.773941516876220703e-01 4.233499243855476379e-02
1.691051572561264038e-01 4.176375642418861389e-02
1.604915261268615723e-01 4.111240804195404053e-02
1.516513079404830933e-01 4.038160666823387146e-02
1.427889019250869751e-01 3.958483412861824036e-02
1.340423077344894409e-01 3.873284906148910522e-02
1.254572570323944092e-01 3.782412037253379822e-02
1.170795857906341553e-01 3.685634210705757141e-02
1.089715361595153809e-01 3.583000600337982178e-02
1.010668724775314331e-01 3.474076092243194580e-02
9.319780766963958740e-02 3.356118127703666687e-02
8.529521524906158447e-02 3.227592259645462036e-02
7.734805345535278320e-02 3.086083568632602692e-02
6.957856565713882446e-02 2.937414497137069702e-02
6.201746687293052673e-02 2.780395373702049255e-02
5.465222150087356567e-02 2.613769471645355225e-02
4.747096076607704163e-02 2.433724142611026764e-02
4.056884348392486572e-02 2.242560498416423798e-02
3.400931879878044128e-02 2.040564827620983124e-02
2.778436802327632904e-02 1.827986352145671844e-02
2.197686582803726196e-02 1.607114635407924652e-02
1.669551990926265717e-02 1.383265480399131775e-02
1.230095233768224716e-02 1.173734106123447418e-02
8.749223314225673676e-03 9.810534305870532990e-03
6.026456132531166077e-03 8.106840774416923523e-03
4.005380906164646149e-03 6.637759041041135788e-03
2.649258356541395187e-03 5.465808790177106857e-03
1.777980127371847630e-03 4.547509364783763885e-03
1.217054785229265690e-03 3.828546963632106781e-03
8.183944155462086201e-04 3.226914675906300545e-03
5.171115626581013203e-04 2.684366423636674881e-03
3.299669479019939899e-04 2.187237143516540527e-03
1.960246445378288627e-04 1.646043150685727596e-03
1.189680006064008921e-05 1.051686704158782959e-03
-2.378670324105769396e-04 3.811441711150109768e-04
-3.576712915673851967e-04 -3.825470630545169115e-04
-8.727914973860606551e-05 -1.287923543713986874e-03
8.981683058664202690e-04 -2.356764161959290504e-03
2.984512364491820335e-03 -3.596879076212644577e-03
6.428800523281097412e-03 -4.971592687070369720e-03
1.139439176768064499e-02 -6.402519065886735916e-03
1.782738976180553436e-02 -7.801023777574300766e-03
2.519729547202587128e-02 -9.022483602166175842e-03
3.313515707850456238e-02 -1.000721193850040436e-02
4.131109640002250671e-02 -1.075174566358327866e-02
4.952544718980789185e-02 -1.128051150590181351e-02
5.761717259883880615e-02 -1.164334639906883240e-02
6.567043811082839966e-02 -1.189944148063659668e-02
7.360083609819412231e-02 -1.209563575685024261e-02
8.151163905858993530e-02 -1.226175017654895782e-02
8.938661217689514160e-02 -1.240591984242200851e-02
9.715426713228225708e-02 -1.250600814819335938e-02
1.047567874193191528e-01 -1.257628761231899261e-02
1.121538579463958740e-01 -1.262283045798540115e-02
1.195407956838607788e-01 -1.264797337353229523e-02
1.270208954811096191e-01 -1.265282370150089264e-02
1.347354799509048462e-01 -1.264051999896764755e-02
1.427270770072937012e-01 -1.260806154459714890e-02
1.509660780429840088e-01 -1.255957223474979401e-02
1.595268100500106812e-01 -1.249310560524463654e-02
1.684658676385879517e-01 -1.240735687315464020e-02
1.776003837585449219e-01 -1.230233255773782730e-02
1.867816895246505737e-01 -1.218070834875106812e-02
1.961890757083892822e-01 -1.204005721956491470e-02
2.057023197412490845e-01 -1.188299804925918579e-02
2.152492851018905640e-01 -1.171158626675605774e-02
2.249659746885299683e-01 -1.152222603559494019e-02
2.346483170986175537e-01 -1.131925266236066818e-02
2.444647103548049927e-01 -1.110007520765066147e-02
2.544654607772827148e-01 -1.086357049643993378e-02
2.644456923007965088e-01 -1.061492972075939178e-02
2.740241885185241699e-01 -1.036636810749769211e-02
2.832602858543395996e-01 -1.011802908033132553e-02
2.919237017631530762e-01 -9.876533411443233490e-03
3.000508546829223633e-01 -9.641758166253566742e-03
3.079366087913513184e-01 -9.406258352100849152e-03
3.156551420688629150e-01 -9.167438372969627380e-03
3.233530819416046143e-01 -8.923716843128204346e-03
3.311866223812103271e-01 -8.670931681990623474e-03
3.390498161315917969e-01 -8.412439376115798950e-03
3.468303680419921875e-01 -8.150806650519371033e-03
3.547028005123138428e-01 -7.880510762333869934e-03
3.626700341701507568e-01 -7.600540295243263245e-03
3.708066046237945557e-01 -7.308669388294219971e-03
3.792670667171478271e-01 -6.999676115810871124e-03
3.880184888839721680e-01 -6.674559321254491806e-03
3.968337476253509521e-01 -6.341619417071342468e-03
4.056983888149261475e-01 -6.001544184982776642e-03
4.144660532474517822e-01 -5.659675691276788712e-03
4.230973720550537109e-01 -5.317936651408672333e-03
4.316325187683105469e-01 -4.975141957402229309e-03
4.399870932102203369e-01 -4.635482560843229294e-03
4.481555223464965820e-01 -4.299561958760023117e-03
4.562864303588867188e-01 -3.961656708270311356e-03
4.644508659839630127e-01 -3.618851536884903908e-03
4.726398885250091553e-01 -3.271573688834905624e-03
4.809690415859222412e-01 -2.915332093834877014e-03
4.894459843635559082e-01 -2.550018718466162682e-03
4.981167018413543701e-01 -2.173822373151779175e-03
5.069304704666137695e-01 -1.789190690033137798e-03
5.157355666160583496e-01 -1.402814988978207111e-03
5.244992375373840332e-01 -1.016510417684912682e-03
5.332930684089660645e-01 -6.275326013565063477e-04
5.420752167701721191e-01 -2.381451922701671720e-04
5.508043169975280762e-01 1.494943862780928612e-04
5.595058798789978027e-01 5.360090872272849083e-04
5.682555437088012695e-01 9.241686784662306309e-04
5.771350860595703125e-01 1.317019574344158173e-03
5.860965847969055176e-01 1.711767399683594704e-03
5.951333642005920410e-01 2.107611158862709999e-03
6.041977405548095703e-01 2.501884009689092636e-03
6.132447123527526855e-01 2.892209216952323914e-03
6.221379041671752930e-01 3.272039815783500671e-03
6.307988762855529785e-01 3.637424670159816742e-03
6.392754912376403809e-01 3.989492077380418777e-03
6.476516723632812500e-01 4.331445787101984024e-03
6.559500694274902344e-01 4.663943313062191010e-03
6.642484068870544434e-01 4.989102948457002640e-03
6.725874543190002441e-01 5.307944025844335556e-03
6.809087991714477539e-01 5.617979448288679123e-03
6.891239285469055176e-01 5.915859248489141464e-03
6.972692608833312988e-01 6.201171781867742538e-03
7.053893208503723145e-01 6.474084220826625824e-03
7.135719060897827148e-01 6.736781448125839233e-03
7.217801213264465332e-01 6.987597793340682983e-03
7.300074696540832520e-01 7.225504610687494278e-03
7.383128404617309570e-01 7.451927289366722107e-03
7.466412782669067383e-01 7.663914002478122711e-03
7.548457384109497070e-01 7.857169024646282196e-03
7.628659605979919434e-01 8.029140532016754150e-03
7.708275318145751953e-01 8.182331919670104980e-03
7.787514328956604004e-01 8.317123167216777802e-03
7.866278290748596191e-01 8.433981798589229584e-03
7.944735884666442871e-01 8.531335741281509399e-03
8.023870587348937988e-01 8.609141223132610321e-03
8.104386925697326660e-01 8.667233400046825409e-03
8.186971545219421387e-01 8.703032508492469788e-03
8.271179795265197754e-01 8.713671006262302399e-03
8.357387185096740723e-01 8.697434328496456146e-03
8.445611000061035156e-01 8.652959950268268585e-03
8.534828424453735352e-01 8.577131666243076324e-03
8.624014258384704590e-01 8.466583676636219025e-03
8.712564706802368164e-01 8.321726694703102112e-03
8.799771666526794434e-01 8.143427781760692596e-03
8.885420560836791992e-01 7.928540930151939392e-03
8.970260024070739746e-01 7.670796010643243790e-03
9.053682088851928711e-01 7.371554151177406311e-03
9.136307835578918457e-01 7.025486323982477188e-03
9.219253659248352051e-01 6.617992650717496872e-03
9.306102395057678223e-01 6.119741126894950867e-03
9.388017654418945312e-01 5.607427563518285751e-03
9.465659260749816895e-01 5.079572554677724838e-03
9.539938569068908691e-01 4.527369979768991470e-03
9.612582325935363770e-01 3.931090701371431351e-03
9.647657275199890137e-01 3.619986586272716522e-03
9.720281958580017090e-01 2.916427329182624817e-03
9.799070954322814941e-01 2.069855807349085808e-03
9.887464046478271484e-01 1.038818038068711758e-03
9.988899827003479004e-01 -2.181401505367830396e-04
