1.000041246414184570e+00 3.066023054998368025e-04
9.920959472656250000e-01 2.162676071748137474e-03
9.830831289291381836e-01 3.989985678344964981e-03
9.734014868736267090e-01 5.749278701841831207e-03
9.634495973587036133e-01 7.401304785162210464e-03
9.493247866630554199e-01 9.529225528240203857e-03
9.408311247825622559e-01 1.068927813321352005e-02
9.330666065216064453e-01 1.166680641472339630e-02
9.258101582527160645e-01 1.250178739428520203e-02
9.188753962516784668e-01 1.322888024151325226e-02
9.110258817672729492e-01 1.403085980564355850e-02
9.027479887008666992e-01 1.484496146440505981e-02
8.939973115921020508e-01 1.567904651165008545e-02
8.850624561309814453e-01 1.649969257414340973e-02
8.760110735893249512e-01 1.730509847402572632e-02
8.670516014099121094e-01 1.808223128318786621e-02
8.582519292831420898e-01 1.882759295403957367e-02
8.494166135787963867e-01 1.956218853592872620e-02
8.404309749603271484e-01 2.029662020504474640e-02
8.311630487442016602e-01 2.104425057768821716e-02
8.216572403907775879e-01 2.180098369717597961e-02
8.118801116943359375e-01 2.257189899682998657e-02
8.021242022514343262e-01 2.333504147827625275e-02
7.925454378128051758e-01 2.407909557223320007e-02
7.834637165069580078e-01 2.477950975298881531e-02
7.748576402664184570e-01 2.543864399194717407e-02
7.666956186294555664e-01 2.606021985411643982e-02
7.587868571281433105e-01 2.665928192436695099e-02
7.509210109710693359e-01 2.725226618349552155e-02
7.428918480873107910e-01 2.785501256585121155e-02
7.347044944763183594e-01 2.846758440136909485e-02
7.264723777770996094e-01 2.908137068152427673e-02
7.182283997535705566e-01 2.969407103955745697e-02
7.100127339363098145e-01 3.030232712626457214e-02
7.017890214920043945e-01 3.090888634324073792e-02
6.937138438224792480e-01 3.150222077965736389e-02
6.856793165206909180e-01 3.209033235907554626e-02
6.775705218315124512e-01 3.268152475357055664e-02
6.693521142005920410e-01 3.327840566635131836e-02
6.611840724945068359e-01 3.386916220188140869e-02
6.530455946922302246e-01 3.445495292544364929e-02
6.449543833732604980e-01 3.503448888659477234e-02
6.368363499641418457e-01 3.561299666762351990e-02
6.287578344345092773e-01 3.618577122688293457e-02
6.207206845283508301e-01 3.675189614295959473e-02
6.125388741493225098e-01 3.732392191886901855e-02
6.041288375854492188e-01 3.790738433599472046e-02
5.954738259315490723e-01 3.850265219807624817e-02
5.865171551704406738e-01 3.911215439438819885e-02
5.772027969360351562e-01 3.973892703652381897e-02
5.676814317703247070e-01 4.037183150649070740e-02
5.581327080726623535e-01 4.099869728088378906e-02
5.487993955612182617e-01 4.160299524664878845e-02
5.397238135337829590e-01 4.218211397528648376e-02
5.308889150619506836e-01 4.273664951324462891e-02
5.222466588020324707e-01 4.326817765831947327e-02
5.135885477066040039e-01 4.378812760114669800e-02
5.046547651290893555e-01 4.431174695491790771e-02
4.953218996524810791e-01 4.484486207365989685e-02
4.856155216693878174e-01 4.538435861468315125e-02
4.757179617881774902e-01 4.591887816786766052e-02
4.658293128013610840e-01 4.643630608916282654e-02
4.561157822608947754e-01 4.692704975605010986e-02
4.466509521007537842e-01 4.738610982894897461e-02
4.373722076416015625e-01 4.781486093997955322e-02
4.281107187271118164e-01 4.821946099400520325e-02
4.188710153102874756e-01 4.860152304172515869e-02
4.095621705055236816e-01 4.896409064531326294e-02
4.003347456455230713e-01 4.930409789085388184e-02
3.913269639015197754e-01 4.961590468883514404e-02
3.826603591442108154e-01 4.989589378237724304e-02
3.742903769016265869e-01 5.014265328645706177e-02
3.661130368709564209e-01 5.035918951034545898e-02
3.579324185848236084e-01 5.055111646652221680e-02
3.496002852916717529e-01 5.072294175624847412e-02
3.412164747714996338e-01 5.087284743785858154e-02
3.327194154262542725e-01 5.100252851843833923e-02
3.243616521358489990e-01 5.110612511634826660e-02
3.161847889423370361e-01 5.118208751082420349e-02
3.082414567470550537e-01 5.122836679220199585e-02
3.003782927989959717e-01 5.124561116099357605e-02
2.925949692726135254e-01 5.123468860983848572e-02
2.848791778087615967e-01 5.119890719652175903e-02
2.772499620914459229e-01 5.113945901393890381e-02
2.697550654411315918e-01 5.105489119887351990e-02
2.623438239097595215e-01 5.094483122229576111e-02
2.550684809684753418e-01 5.080788210034370422e-02
2.478317618370056152e-01 5.064236000180244446e-02
2.405041903257369995e-01 5.044298991560935974e-02
2.329484522342681885e-01 5.020552128553390503e-02
2.251577675342559814e-01 4.992410540580749512e-02
2.171663194894790649e-01 4.959484934806823730e-02
2.090128809213638306e-01 4.921541735529899597e-02
2.008325606584548950e-01 4.879368469119071960e-02
1.927520632743835449e-01 4.833569750189781189e-02
1.848933696746826172e-01 4.784743115305900574e-02
1.771976351737976074e-01 4.731903225183486938e-02
1.695486903190612793e-01 4.673856496810913086e-02
1.618671566247940063e-01 4.609906300902366638e-02
1.539776772260665894e-01 4.537989944219589233e-02
1.457129716873168945e-01 4.455197229981422424e-02
1.371757686138153076e-01 4.363125190138816833e-02
1.285154819488525391e-01 4.261994361877441406e-02
1.198634356260299683e-01 4.152695462107658386e-02
1.112771406769752502e-01 4.034371301531791687e-02
1.026602089405059814e-01 3.904118016362190247e-02
9.394226968288421631e-02 3.757832944393157959e-02
8.516697585582733154e-02 3.595231845974922180e-02
7.627385109663009644e-02 3.414895012974739075e-02
6.726691126823425293e-02 3.215308487415313721e-02
5.854555591940879822e-02 3.005174919962882996e-02
5.020289123058319092e-02 2.782874554395675659e-02
4.247102513909339905e-02 2.557822503149509430e-02
3.535778447985649109e-02 2.328693121671676636e-02
2.877700142562389374e-02 2.091196738183498383e-02
2.262454852461814880e-02 1.836912147700786591e-02
1.699138805270195007e-02 1.564859971404075623e-02
1.193154323846101761e-02 1.274432800710201263e-02
7.560707628726959229e-03 9.698237292468547821e-03
4.164426121860742569e-03 6.669763941317796707e-03
1.741498010233044624e-03 3.763230284675955772e-03
4.263167502358555794e-04 1.255211303941905499e-03
1.878279181255493313e-05 -7.763648172840476036e-04
2.433892514090985060e-04 -2.288418589159846306e-03
7.783813634887337685e-04 -3.331943880766630173e-03
1.432911027222871780e-03 -3.988487180322408676e-03
2.076909411698579788e-03 -4.405154380947351456e-03
2.661790000274777412e-03 -4.718392621725797653e-03
3.222722560167312622e-03 -5.018111784011125565e-03
3.809418994933366776e-03 -5.374841392040252686e-03
4.568809643387794495e-03 -5.771827418357133865e-03
5.433371756225824356e-03 -6.221896968781948090e-03
6.354724988341331482e-03 -6.702460814267396927e-03
7.424547336995601654e-03 -7.209242787212133408e-03
8.805857039988040924e-03 -7.756446022540330887e-03
1.077064406126737595e-02 -8.373085409402847290e-03
1.366511546075344086e-02 -9.073157794773578644e-03
1.773219555616378784e-02 -9.852268733084201813e-03
2.324026636779308319e-02 -1.069520972669124603e-02
3.029905818402767181e-02 -1.156107056885957718e-02
3.853195533156394958e-02 -1.236343476921319962e-02
4.750658571720123291e-02 -1.304403226822614670e-02
5.698494985699653625e-02 -1.357160694897174835e-02
6.664463877677917480e-02 -1.393721718341112137e-02
7.623574137687683105e-02 -1.415647566318511963e-02
8.562680333852767944e-02 -1.425713207572698593e-02
9.461694210767745972e-02 -1.427173428237438202e-02
1.033447906374931335e-01 -1.423181220889091492e-02
1.118684709072113037e-01 -1.415259018540382385e-02
1.200978532433509827e-01 -1.403092592954635620e-02
1.281253844499588013e-01 -1.387284882366657257e-02
1.362368017435073853e-01 -1.368127949535846710e-02
1.445710957050323486e-01 -1.345218066126108170e-02
1.531027257442474365e-01 -1.318995188921689987e-02
1.617588847875595093e-01 -1.289907097816467285e-02
1.702914088964462280e-01 -1.258873846381902695e-02
1.786880940198898315e-01 -1.226331759244203568e-02
1.867788434028625488e-01 -1.193101704120635986e-02
1.945122629404067993e-01 -1.159429550170898438e-02
2.018202692270278931e-01 -1.126062218099832535e-02
2.088612914085388184e-01 -1.092673093080520630e-02
2.157996296882629395e-01 -1.058687735348939896e-02
2.226417213678359985e-01 -1.024206727743148804e-02
2.295898795127868652e-01 -9.881924837827682495e-03
2.367499023675918579e-01 -9.500274434685707092e-03
2.442908436059951782e-01 -9.088484570384025574e-03
2.521609961986541748e-01 -8.649189025163650513e-03
2.602261006832122803e-01 -8.191025815904140472e-03
2.681671082973480225e-01 -7.732571102678775787e-03
2.760082483291625977e-01 -7.272645365446805954e-03
2.837360799312591553e-01 -6.812169216573238373e-03
2.912915945053100586e-01 -6.354915443807840347e-03
2.989332973957061768e-01 -5.886086262762546539e-03
3.068464696407318115e-01 -5.394925363361835480e-03
3.151034414768218994e-01 -4.878091160207986832e-03
3.236224055290222168e-01 -4.341280553489923477e-03
3.322633504867553711e-01 -3.793608397245407104e-03
3.408661484718322754e-01 -3.245224943384528160e-03
3.494351208209991455e-01 -2.696826588362455368e-03
3.579094707965850830e-01 -2.152862725779414177e-03
3.662849068641662598e-01 -1.614243490621447563e-03
3.745872080326080322e-01 -1.080316025763750076e-03
3.828708529472351074e-01 -5.483431741595268250e-04
3.910326063632965088e-01 -2.541803223721217364e-05
3.991366922855377197e-01 4.919209168292582035e-04
4.072641134262084961e-01 1.008214079774916172e-03
4.153660237789154053e-01 1.519848476164042950e-03
4.234487414360046387e-01 2.026795642450451851e-03
4.316012859344482422e-01 2.533889841288328171e-03
4.398864805698394775e-01 3.044267883524298668e-03
4.482339024543762207e-01 3.552667563781142235e-03
4.566534459590911865e-01 4.059232305735349655e-03
4.650472104549407959e-01 4.557268228381872177e-03
4.734896719455718994e-01 5.050942767411470413e-03
4.819447398185729980e-01 5.537588614970445633e-03
4.902746081352233887e-01 6.008523982018232346e-03
4.984375238418579102e-01 6.461363285779953003e-03
5.065291523933410645e-01 6.901042535901069641e-03
5.145896673202514648e-01 7.329371292144060135e-03
5.226448774337768555e-01 7.746990304440259933e-03
5.306987166404724121e-01 8.154015988111495972e-03
5.387350320816040039e-01 8.549652062356472015e-03
5.467900633811950684e-01 8.935603313148021698e-03
5.548951625823974609e-01 9.312056005001068115e-03
5.630411505699157715e-01 9.677369147539138794e-03
5.712649822235107422e-01 1.003174856305122375e-02
5.796844363212585449e-01 1.037911791354417801e-02
5.882980823516845703e-01 1.071845740079879761e-02
5.970007181167602539e-01 1.104649528861045837e-02
6.056904196739196777e-01 1.135818939656019211e-02
6.142538189888000488e-01 1.164898369461297989e-02
6.227090954780578613e-01 1.191776059567928314e-02
6.310989856719970703e-01 1.216523814946413040e-02
6.394090056419372559e-01 1.239126920700073242e-02
6.477469801902770996e-01 1.259852387011051178e-02
6.562283039093017578e-01 1.278937328606843948e-02
6.646971702575683594e-01 1.296229474246501923e-02
6.729497313499450684e-01 1.311404537409543991e-02
6.810750961303710938e-01 1.324391923844814301e-02
6.891182661056518555e-01 1.335054822266101837e-02
6.972436308860778809e-01 1.343519985675811768e-02
7.054238319396972656e-01 1.349898241460323334e-02
7.136624455451965332e-01 1.354179065674543381e-02
7.220780253410339355e-01 1.356452237814664841e-02
7.306913137435913086e-01 1.356594450771808624e-02
7.391854524612426758e-01 1.354545261710882187e-02
7.475732564926147461e-01 1.349925622344017029e-02
7.561140656471252441e-01 1.342461444437503815e-02
7.648977637290954590e-01 1.331911887973546982e-02
7.739646434783935547e-01 1.318215765058994293e-02
7.831805944442749023e-01 1.301352959126234055e-02
7.925449609756469727e-01 1.281222980469465256e-02
8.020408153533935547e-01 1.257795002311468124e-02
8.115277886390686035e-01 1.231287699192762375e-02
8.207311034202575684e-01 1.202255580574274063e-02
8.297528624534606934e-01 1.170654315501451492e-02
8.387181162834167480e-01 1.136138848960399628e-02
8.476120829582214355e-01 1.098854839801788330e-02
8.564851284027099609e-01 1.058431994169950485e-02
8.653554320335388184e-01 1.014734525233507156e-02
8.742656111717224121e-01 9.677805006504058838e-03
8.832923173904418945e-01 9.169384837150573730e-03
8.923785090446472168e-01 8.623795583844184875e-03
9.014346599578857422e-01 8.045103400945663452e-03
9.104822278022766113e-01 7.433763239532709122e-03
9.196633696556091309e-01 6.775646936148405075e-03
9.291782379150390625e-01 6.054940167814493179e-03
9.380961656570434570e-01 5.356841720640659332e-03
9.464657306671142578e-01 4.681749735027551651e-03
9.543659687042236328e-01 4.024367779493331909e-03
9.619843363761901855e-01 3.367361146956682205e-03
9.655788540840148926e-01 3.047232050448656082e-03
9.728863835334777832e-01 2.367498585954308510e-03
9.806370735168457031e-01 1.604161690920591354e-03
9.891731739044189453e-01 7.200576947070658207e-04
9.988369345664978027e-01 -3.219770151190459728e-04
