9.999358654022216797e-01 7.660101255169138312e-05
9.960811138153076172e-01 1.153005054220557213e-03
9.891437888145446777e-01 2.489714184775948524e-03
9.798988699913024902e-01 3.996631596237421036e-03
9.691216945648193359e-01 5.583661142736673355e-03
9.522989392280578613e-01 7.846886292099952698e-03
9.416175484657287598e-01 9.168936870992183685e-03
9.316454529762268066e-01 1.032080315053462982e-02
9.224519729614257812e-01 1.130689680576324463e-02
9.140236973762512207e-01 1.214143447577953339e-02
9.050706028938293457e-01 1.300198584794998169e-02
8.959888219833374023e-01 1.384652964770793915e-02
8.868233561515808105e-01 1.468008384108543396e-02
8.776770234107971191e-01 1.549201924353837967e-02
8.686556220054626465e-01 1.627265848219394684e-02
8.598389625549316406e-01 1.701809465885162354e-02
8.512049913406372070e-01 1.773344911634922028e-02
8.426526784896850586e-01 1.843039318919181824e-02
8.340718150138854980e-01 1.911811903119087219e-02
8.253718614578247070e-01 1.980584673583507538e-02
8.165390491485595703e-01 2.049423381686210632e-02
8.077300786972045898e-01 2.117242105305194855e-02
7.989242672920227051e-01 2.184281125664710999e-02
7.901695966720581055e-01 2.250216342508792877e-02
7.815843224525451660e-01 2.314196527004241943e-02
7.731301784515380859e-01 2.376527152955532074e-02
7.646895647048950195e-01 2.438092231750488281e-02
7.561888694763183594e-01 2.499511837959289551e-02
7.476164698600769043e-01 2.560906670987606049e-02
7.389182448387145996e-01 2.622680924832820892e-02
7.303177714347839355e-01 2.683265134692192078e-02
7.218779325485229492e-01 2.742295525968074799e-02
7.136248946189880371e-01 2.799576148390769958e-02
7.055727243423461914e-01 2.854991704225540161e-02
6.976168155670166016e-01 2.909301593899726868e-02
6.896995306015014648e-01 2.962953224778175354e-02
6.817587018013000488e-01 3.016365692019462585e-02
6.736605763435363770e-01 3.070422820746898651e-02
6.652875542640686035e-01 3.125887364149093628e-02
6.568340063095092773e-01 3.181443363428115845e-02
6.482557058334350586e-01 3.237321972846984863e-02
6.394826769828796387e-01 3.293944522738456726e-02
6.305220723152160645e-01 3.351216390728950500e-02
6.215977668762207031e-01 3.407753631472587585e-02
6.128364205360412598e-01 3.462710231542587280e-02
6.042695641517639160e-01 3.515887632966041565e-02
5.958782434463500977e-01 3.567410632967948914e-02
5.876908898353576660e-01 3.617123514413833618e-02
5.797210931777954102e-01 3.664867952466011047e-02
5.717733502388000488e-01 3.711859509348869324e-02
5.637127161026000977e-01 3.758878633379936218e-02
5.555089712142944336e-01 3.806086629629135132e-02
5.473564267158508301e-01 3.852324187755584717e-02
5.391494035720825195e-01 3.898137435317039490e-02
5.308103561401367188e-01 3.943803906440734863e-02
5.223603248596191406e-01 3.989136591553688049e-02
5.138928890228271484e-01 4.033588990569114685e-02
5.054500699043273926e-01 4.077020287513732910e-02
4.970346093177795410e-01 4.119383543729782104e-02
4.885284006595611572e-01 4.161054641008377075e-02
4.799972176551818848e-01 4.201631247997283936e-02
4.715016484260559082e-01 4.240712523460388184e-02
4.628302454948425293e-01 4.279182851314544678e-02
4.537981450557708740e-01 4.317672178149223328e-02
4.445383548736572266e-01 4.355588927865028381e-02
4.351746439933776855e-01 4.392233863472938538e-02
4.259415566921234131e-01 4.426698759198188782e-02
4.167961180210113525e-01 4.458896815776824951e-02
4.077441096305847168e-01 4.488900303840637207e-02
3.989567458629608154e-01 4.516017809510231018e-02
3.905403912067413330e-01 4.540146514773368835e-02
3.823475539684295654e-01 4.561863839626312256e-02
3.742756247520446777e-01 4.581582918763160706e-02
3.664025962352752686e-01 4.598987102508544922e-02
3.586953580379486084e-01 4.614282026886940002e-02
3.511809408664703369e-01 4.627414420247077942e-02
3.435301184654235840e-01 4.638929292559623718e-02
3.357596993446350098e-01 4.648714885115623474e-02
3.278197348117828369e-01 4.656548425555229187e-02
3.197896182537078857e-01 4.662182927131652832e-02
3.116673231124877930e-01 4.665873944759368896e-02
3.034519851207733154e-01 4.667359218001365662e-02
2.952172756195068359e-01 4.666503518819808960e-02
2.869814336299896240e-01 4.662946611642837524e-02
2.785976827144622803e-01 4.655957594513893127e-02
2.698142528533935547e-01 4.645051062107086182e-02
2.606681287288665771e-01 4.629810526967048645e-02
2.512087523937225342e-01 4.610493779182434082e-02
2.415634542703628540e-01 4.586695507168769836e-02
2.320519685745239258e-01 4.559341073036193848e-02
2.227623313665390015e-01 4.528362303972244263e-02
2.139596343040466309e-01 4.494848847389221191e-02
2.055934369564056396e-01 4.458441212773323059e-02
1.975133717060089111e-01 4.419222846627235413e-02
1.894774436950683594e-01 4.375768080353736877e-02
1.813592314720153809e-01 4.327159747481346130e-02
1.730047464370727539e-01 4.271616786718368530e-02
1.642789989709854126e-01 4.208055511116981506e-02
1.552983522415161133e-01 4.136029630899429321e-02
1.461243927478790283e-01 4.056054353713989258e-02
1.370614022016525269e-01 3.969710692763328552e-02
1.283811926841735840e-01 3.881179913878440857e-02
1.203545778989791870e-01 3.793846070766448975e-02
1.128555759787559509e-01 3.706074133515357971e-02
1.057228073477745056e-01 3.614992275834083557e-02
9.852677583694458008e-02 3.513097763061523438e-02
9.098934382200241089e-02 3.394968807697296143e-02
8.289515972137451172e-02 3.256151080131530762e-02
7.435859739780426025e-02 3.098825924098491669e-02
6.559054553508758545e-02 2.923696488142013550e-02
5.736196413636207581e-02 2.751042880117893219e-02
4.999322444200515747e-02 2.585695311427116394e-02
4.347119480371475220e-02 2.424991503357887268e-02
3.761097788810729980e-02 2.257736586034297943e-02
3.206805512309074402e-02 2.076206728816032410e-02
2.662387490272521973e-02 1.872108876705169678e-02
2.116630412638187408e-02 1.642331853508949280e-02
1.585357263684272766e-02 1.391015760600566864e-02
1.088729407638311386e-02 1.127343066036701202e-02
6.957198958843946457e-03 8.861542679369449615e-03
4.072605632245540619e-03 6.726728752255439758e-03
2.174081979319453239e-03 4.904413130134344101e-03
1.036349684000015259e-03 3.361140144988894463e-03
4.664019215852022171e-04 2.165318001061677933e-03
2.152812376152724028e-04 1.232549315318465233e-03
1.270653738174587488e-04 4.754525725729763508e-04
9.404833690496161580e-05 -1.977830688701942563e-04
8.877142681740224361e-05 -8.263718336820602417e-04
2.520305861253291368e-04 -1.388266682624816895e-03
4.578831430990248919e-04 -1.966616837307810783e-03
7.218870450742542744e-04 -2.593523124232888222e-03
9.508045623078942299e-04 -3.257301636040210724e-03
1.236374140717089176e-03 -3.931248094886541367e-03
1.779187121428549290e-03 -4.696795716881752014e-03
2.731934189796447754e-03 -5.598732270300388336e-03
4.259290639311075211e-03 -6.667147390544414520e-03
6.616081111133098602e-03 -7.914726622402667999e-03
1.000572461634874344e-02 -9.339907206594944000e-03
1.452777720987796783e-02 -1.085159927606582642e-02
2.027540467679500580e-02 -1.235623192042112350e-02
2.696400322020053864e-02 -1.371095050126314163e-02
3.455335274338722229e-02 -1.486817654222249985e-02
4.297060891985893250e-02 -1.581247523427009583e-02
5.182951316237449646e-02 -1.651901751756668091e-02
6.074652820825576782e-02 -1.700205355882644653e-02
6.939044594764709473e-02 -1.731188222765922546e-02
7.742687314748764038e-02 -1.749916933476924896e-02
8.485570549964904785e-02 -1.758333481848239899e-02
9.182210266590118408e-02 -1.758986711502075195e-02
9.835550934076309204e-02 -1.752136088907718658e-02
1.049026325345039368e-01 -1.740777865052223206e-02
1.118289455771446228e-01 -1.725652441382408142e-02
1.192566975951194763e-01 -1.705828681588172913e-02
1.272101402282714844e-01 -1.681291125714778900e-02
1.355807334184646606e-01 -1.652176678180694580e-02
1.441807746887207031e-01 -1.618818752467632294e-02
1.531109064817428589e-01 -1.581012643873691559e-02
1.623055636882781982e-01 -1.539176888763904572e-02
1.715429127216339111e-01 -1.494523975998163223e-02
1.807256489992141724e-01 -1.448165904730558395e-02
1.900034695863723755e-01 -1.399725861847400665e-02
1.991479992866516113e-01 -1.350859180092811584e-02
2.081960737705230713e-01 -1.301616616547107697e-02
2.172535657882690430e-01 -1.251651719212532043e-02
2.265627682209014893e-01 -1.200079265981912613e-02
2.364258915185928345e-01 -1.145533006638288498e-02
2.469080537557601929e-01 -1.087905280292034149e-02
2.575930058956146240e-01 -1.029564999043941498e-02
2.681524455547332764e-01 -9.725576266646385193e-03
2.787236571311950684e-01 -9.164317511022090912e-03
2.887924015522003174e-01 -8.641358464956283569e-03
2.984579503536224365e-01 -8.153335191309452057e-03
3.078614473342895508e-01 -7.694145198911428452e-03
3.172756135463714600e-01 -7.249737158417701721e-03
3.266795575618743896e-01 -6.819084286689758301e-03
3.360204696655273438e-01 -6.403443403542041779e-03
3.449205160140991211e-01 -6.020636297762393951e-03
3.534429073333740234e-01 -5.668284371495246887e-03
3.619511127471923828e-01 -5.331707652658224106e-03
3.703957796096801758e-01 -5.015999544411897659e-03
3.790382444858551025e-01 -4.709656815975904465e-03
3.879634141921997070e-01 -4.408221691846847534e-03
3.971870243549346924e-01 -4.110527224838733673e-03
4.064212143421173096e-01 -3.827059408649802208e-03
4.154865443706512451e-01 -3.563412697985768318e-03
4.242130517959594727e-01 -3.326224163174629211e-03
4.326600730419158936e-01 -3.111983416602015495e-03
4.410019516944885254e-01 -2.914694836363196373e-03
4.491689801216125488e-01 -2.733868779614567757e-03
4.571923613548278809e-01 -2.566904295235872269e-03
4.651161134243011475e-01 -2.412301953881978989e-03
4.730727672576904297e-01 -2.267882693558931351e-03
4.810196757316589355e-01 -2.134279115125536919e-03
4.890363216400146484e-01 -2.010053955018520355e-03
4.972131252288818359e-01 -1.893226872198283672e-03
5.056493878364562988e-01 -1.782571198418736458e-03
5.143203139305114746e-01 -1.677457010373473167e-03
5.230177044868469238e-01 -1.580804586410522461e-03
5.316886901855468750e-01 -1.492881565354764462e-03
5.404003262519836426e-01 -1.412917044945061207e-03
5.490653514862060547e-01 -1.340277609415352345e-03
5.574957132339477539e-01 -1.275937422178685665e-03
5.657809376716613770e-01 -1.218281453475356102e-03
5.740051269531250000e-01 -1.165939727798104286e-03
5.822989940643310547e-01 -1.117235282436013222e-03
5.905460715293884277e-01 -1.072336686775088310e-03
5.987457036972045898e-01 -1.030832529067993164e-03
6.069480180740356445e-01 -9.915926493704319000e-04
6.151256561279296875e-01 -9.540521423332393169e-04
6.229652762413024902e-01 -9.192051948048174381e-04
6.304041147232055664e-01 -8.868960430845618248e-04
6.376923918724060059e-01 -8.555409731343388557e-04
6.449933648109436035e-01 -8.239771123044192791e-04
6.524299979209899902e-01 -7.912987493909895420e-04
6.599746942520141602e-01 -7.572673493996262550e-04
6.677681207656860352e-01 -7.207831949926912785e-04
6.757496595382690430e-01 -6.818886031396687031e-04
6.836301684379577637e-01 -6.418518023565411568e-04
6.912384033203125000e-01 -6.011580117046833038e-04
6.986793875694274902e-01 -5.588167114183306694e-04
7.061223387718200684e-01 -5.136367399245500565e-04
7.135833501815795898e-01 -4.654889635276049376e-04
7.210696339607238770e-01 -4.143128753639757633e-04
7.287126183509826660e-01 -3.587763640098273754e-04
7.366178035736083984e-01 -2.980437129735946655e-04
7.445706129074096680e-01 -2.338087069801986217e-04
7.524905800819396973e-01 -1.661158603383228183e-04
7.605739235877990723e-01 -9.298072836827486753e-05
7.689955234527587891e-01 -1.261537272512214258e-05
7.778381109237670898e-01 7.593600457767024636e-05
7.870681881904602051e-01 1.722857123240828514e-04
7.967097163200378418e-01 2.761755313258618116e-04
8.067288994789123535e-01 3.867647319566458464e-04
8.168605566024780273e-01 5.003164988011121750e-04
8.267285227775573730e-01 6.114213028922677040e-04
8.363505005836486816e-01 7.184955757111310959e-04
8.457767963409423828e-01 8.197668939828872681e-04
8.550215959548950195e-01 9.130018879659473896e-04
8.641603589057922363e-01 9.965513600036501884e-04
8.732895851135253906e-01 1.068616053089499474e-03
8.824233412742614746e-01 1.128320931456983089e-03
8.913719654083251953e-01 1.172916847281157970e-03
8.999647498130798340e-01 1.200998667627573013e-03
9.081810712814331055e-01 1.210772083140909672e-03
9.162093400955200195e-01 1.201973995193839073e-03
9.243730306625366211e-01 1.168783404864370823e-03
9.332273602485656738e-01 1.105224830098450184e-03
9.419443011283874512e-01 1.027078717015683651e-03
9.507885575294494629e-01 9.330631582997739315e-04
9.597470164299011230e-01 8.228502701967954636e-04
9.686112999916076660e-01 6.960048340260982513e-04
9.727544188499450684e-01 6.297008949331939220e-04
9.806269407272338867e-01 4.845088697038590908e-04
9.878468513488769531e-01 3.206267429050058126e-04
9.942931532859802246e-01 1.357609435217455029e-04
9.998447299003601074e-01 -7.238200487336143851e-05
