9.997240900993347168e-01 3.972733393311500549e-04
9.922640919685363770e-01 2.120585646480321884e-03
9.837412238121032715e-01 3.866057610139250755e-03
9.745002388954162598e-01 5.592211149632930756e-03
9.648858904838562012e-01 7.257569115608930588e-03
9.509090185165405273e-01 9.490153752267360687e-03
9.420928359031677246e-01 1.078550238162279129e-02
9.337949156761169434e-01 1.192950271070003510e-02
9.259818196296691895e-01 1.293579582124948502e-02
9.188660383224487305e-01 1.379163470119237900e-02
9.112751483917236328e-01 1.468932442367076874e-02
9.035825729370117188e-01 1.556558813899755478e-02
8.954220414161682129e-01 1.646957919001579285e-02
8.870245814323425293e-01 1.737488806247711182e-02
8.782057762145996094e-01 1.829989627003669739e-02
8.687769770622253418e-01 1.926779001951217651e-02
8.587532043457031250e-01 2.027438208460807800e-02
8.480545282363891602e-01 2.132748253643512726e-02
8.369903564453125000e-01 2.239212952554225922e-02
8.255648612976074219e-01 2.346910908818244934e-02
8.139365315437316895e-01 2.454192750155925751e-02
8.021715879440307617e-01 2.560539543628692627e-02
7.908155322074890137e-01 2.660992741584777832e-02
7.798907160758972168e-01 2.755706012248992920e-02
7.696035504341125488e-01 2.843162603676319122e-02
7.600116133689880371e-01 2.923092246055603027e-02
7.513002753257751465e-01 2.994507364928722382e-02
7.433742880821228027e-01 3.058284707367420197e-02
7.359151840209960938e-01 3.117203339934349060e-02
7.285012602806091309e-01 3.174593672156333923e-02
7.209148406982421875e-01 3.232296556234359741e-02
7.131134271621704102e-01 3.290522843599319458e-02
7.049345970153808594e-01 3.350583463907241821e-02
6.963287591934204102e-01 3.412571176886558533e-02
6.874040365219116211e-01 3.475613892078399658e-02
6.785131096839904785e-01 3.536990284919738770e-02
6.697360277175903320e-01 3.596274182200431824e-02
6.610262393951416016e-01 3.653728589415550232e-02
6.523038744926452637e-01 3.709930554032325745e-02
6.437127590179443359e-01 3.763931244611740112e-02
6.352373957633972168e-01 3.815865889191627502e-02
6.267244219779968262e-01 3.866618871688842773e-02
6.179662942886352539e-01 3.917441889643669128e-02
6.090142130851745605e-01 3.967952728271484375e-02
6.000031232833862305e-01 4.017366841435432434e-02
5.910176038742065430e-01 4.065220803022384644e-02
5.820833444595336914e-01 4.111515730619430542e-02
5.732336640357971191e-01 4.155975952744483948e-02
5.647070407867431641e-01 4.197474569082260132e-02
5.565101504325866699e-01 4.236076399683952332e-02
5.485069751739501953e-01 4.272580891847610474e-02
5.405137538909912109e-01 4.307842254638671875e-02
5.324427485466003418e-01 4.342184588313102722e-02
5.242203474044799805e-01 4.375845566391944885e-02
5.157867670059204102e-01 4.409095644950866699e-02
5.070881843566894531e-01 4.442059993743896484e-02
4.980111420154571533e-01 4.475002363324165344e-02
4.888160824775695801e-01 4.506819322705268860e-02
4.795988202095031738e-01 4.537165910005569458e-02
4.705334305763244629e-01 4.565599188208580017e-02
4.615845382213592529e-01 4.592172056436538696e-02
4.528117179870605469e-01 4.616732150316238403e-02
4.441389739513397217e-01 4.639379307627677917e-02
4.356338977813720703e-01 4.660092294216156006e-02
4.271007478237152100e-01 4.679311439394950867e-02
4.184031486511230469e-01 4.697421565651893616e-02
4.096737802028656006e-01 4.714054241776466370e-02
4.010521471500396729e-01 4.729068651795387268e-02
3.927853107452392578e-01 4.742129519581794739e-02
3.848597705364227295e-01 4.753429815173149109e-02
3.773049116134643555e-01 4.762886464595794678e-02
3.699888885021209717e-01 4.770726710557937622e-02
3.628793656826019287e-01 4.776877537369728088e-02
3.557446002960205078e-01 4.781849309802055359e-02
3.484232127666473389e-01 4.785707592964172363e-02
3.409609794616699219e-01 4.788500815629959106e-02
3.333421647548675537e-01 4.789942875504493713e-02
3.256550431251525879e-01 4.789820313453674316e-02
3.178731203079223633e-01 4.787994548678398132e-02
3.100824654102325439e-01 4.784536361694335938e-02
3.023478388786315918e-01 4.779497161507606506e-02
2.948587238788604736e-01 4.773281887173652649e-02
2.876465916633605957e-01 4.765807092189788818e-02
2.806437015533447266e-01 4.757017642259597778e-02
2.737817764282226562e-01 4.746408388018608093e-02
2.670298218727111816e-01 4.734748974442481995e-02
2.601998746395111084e-01 4.721558094024658203e-02
2.529359757900238037e-01 4.705585539340972900e-02
2.450227737426757812e-01 4.685319587588310242e-02
2.363354861736297607e-01 4.659630730748176575e-02
2.270343750715255737e-01 4.628262296319007874e-02
2.170196175575256348e-01 4.589956998825073242e-02
2.066991180181503296e-01 4.546470567584037781e-02
1.965073794126510620e-01 4.499658197164535522e-02
1.873449236154556274e-01 4.454347491264343262e-02
1.791790127754211426e-01 4.409967362880706787e-02
1.719366014003753662e-01 4.367009177803993225e-02
1.652289927005767822e-01 4.322786256670951843e-02
1.587557792663574219e-01 4.276086762547492981e-02
1.520034372806549072e-01 4.222299158573150635e-02
1.445071697235107422e-01 4.158388450741767883e-02
1.364684402942657471e-01 4.084959998726844788e-02
1.281545609235763550e-01 4.004355520009994507e-02
1.200354546308517456e-01 3.919061273336410522e-02
1.119936853647232056e-01 3.827926889061927795e-02
1.042512953281402588e-01 3.731640800833702087e-02
9.664335846900939941e-02 3.627186641097068787e-02
8.925930410623550415e-02 3.515662625432014465e-02
8.175466954708099365e-02 3.391859307885169983e-02
7.405738532543182373e-02 3.250578418374061584e-02
6.663255393505096436e-02 3.107072226703166962e-02
5.971997603774070740e-02 2.965163625776767731e-02
5.331472679972648621e-02 2.822718396782875061e-02
4.732215031981468201e-02 2.677264437079429626e-02
4.155417531728744507e-02 2.517617493867874146e-02
3.576321527361869812e-02 2.334073558449745178e-02
2.987956441938877106e-02 2.119087800383567810e-02
2.368986606597900391e-02 1.862265914678573608e-02
1.733024045825004578e-02 1.562650315463542938e-02
1.172464620321989059e-02 1.257233228534460068e-02
7.109632715582847595e-03 9.534792043268680573e-03
3.671368584036827087e-03 6.695491261780261993e-03
1.482520136050879955e-03 4.245840013027191162e-03
2.914175274781882763e-04 2.251220168545842171e-03
-1.269119820790365338e-04 7.401214097626507282e-04
-5.535697710001841187e-05 -3.867473860736936331e-04
2.177699061576277018e-04 -1.295510563068091869e-03
5.925754085183143616e-04 -2.121869241818785667e-03
1.278680865652859211e-03 -2.885047579184174538e-03
2.140344120562076569e-03 -3.745839698240160942e-03
2.994296606630086899e-03 -4.617576953023672104e-03
3.798285499215126038e-03 -5.442937370389699936e-03
4.555054008960723877e-03 -6.184501573443412781e-03
5.499006714671850204e-03 -6.868859753012657166e-03
6.925256457179784775e-03 -7.574883755296468735e-03
9.094320237636566162e-03 -8.372356183826923370e-03
1.202828995883464813e-02 -9.303828701376914978e-03
1.571803353726863861e-02 -1.038506068289279938e-02
2.015755139291286469e-02 -1.157380454242229462e-02
2.499210089445114136e-02 -1.270151045173406601e-02
3.038841485977172852e-02 -1.372501906007528305e-02
3.644727542996406555e-02 -1.461803819984197617e-02
4.341476038098335266e-02 -1.541805174201726913e-02
5.148750171065330505e-02 -1.615882106125354767e-02
6.056650727987289429e-02 -1.685160584747791290e-02
7.000181823968887329e-02 -1.747834868729114532e-02
7.940394431352615356e-02 -1.803319342434406281e-02
8.860735595226287842e-02 -1.850154809653759003e-02
9.757221490144729614e-02 -1.884947344660758972e-02
1.063948720693588257e-01 -1.911485940217971802e-02
1.150651946663856506e-01 -1.931841298937797546e-02
1.238539591431617737e-01 -1.948757655918598175e-02
1.330074071884155273e-01 -1.963716745376586914e-02
1.421973556280136108e-01 -1.976543664932250977e-02
1.511130183935165405e-01 -1.985763572156429291e-02
1.595859080553054810e-01 -1.992028392851352692e-02
1.678547114133834839e-01 -1.995871588587760925e-02
1.762086153030395508e-01 -1.997702009975910187e-02
1.847061067819595337e-01 -1.997387595474720001e-02
1.934989541769027710e-01 -1.994833536446094513e-02
2.029904127120971680e-01 -1.989956013858318329e-02
2.129764258861541748e-01 -1.983341947197914124e-02
2.229914963245391846e-01 -1.975099183619022369e-02
2.331529855728149414e-01 -1.964768581092357635e-02
2.431201189756393433e-01 -1.952642574906349182e-02
2.530631721019744873e-01 -1.938576437532901764e-02
2.631302475929260254e-01 -1.922255381941795349e-02
2.731750011444091797e-01 -1.904156431555747986e-02
2.829907536506652832e-01 -1.885167881846427917e-02
2.926266789436340332e-01 -1.865487731993198395e-02
3.016286194324493408e-01 -1.845964230597019196e-02
3.101969659328460693e-01 -1.825930364429950714e-02
3.188298940658569336e-01 -1.804316043853759766e-02
3.275174200534820557e-01 -1.781025342643260956e-02
3.363966643810272217e-01 -1.756120659410953522e-02
3.455253839492797852e-01 -1.729633100330829620e-02
3.543936908245086670e-01 -1.703165657818317413e-02
3.627577722072601318e-01 -1.677299290895462036e-02
3.706091046333312988e-01 -1.652084104716777802e-02
3.779037892818450928e-01 -1.627548970282077789e-02
3.850585818290710449e-01 -1.602556928992271423e-02
3.924481570720672607e-01 -1.575904339551925659e-02
4.000661969184875488e-01 -1.547681167721748352e-02
4.078828990459442139e-01 -1.518002897500991821e-02
4.158256649971008301e-01 -1.487182546406984329e-02
4.236843883991241455e-01 -1.455774996429681778e-02
4.315363168716430664e-01 -1.423487812280654907e-02
4.394125342369079590e-01 -1.390145253390073776e-02
4.472047090530395508e-01 -1.356323249638080597e-02
4.550417661666870117e-01 -1.321480609476566315e-02
4.630427658557891846e-01 -1.285091321915388107e-02
4.710886478424072266e-01 -1.247621048241853714e-02
4.791285395622253418e-01 -1.209327112883329391e-02
4.871423244476318359e-01 -1.170272566378116608e-02
4.952047765254974365e-01 -1.130117662250995636e-02
5.033614039421081543e-01 -1.088638603687286377e-02
5.115442276000976562e-01 -1.046216394752264023e-02
5.195770263671875000e-01 -1.003730297088623047e-02
5.275035500526428223e-01 -9.610841982066631317e-03
5.353872179985046387e-01 -9.179337881505489349e-03
5.429949164390563965e-01 -8.756693452596664429e-03
5.502840280532836914e-01 -8.345821872353553772e-03
5.573808550834655762e-01 -7.940006442368030548e-03
5.644868612289428711e-01 -7.527987938374280930e-03
5.717896223068237305e-01 -7.098985370248556137e-03
5.794445872306823730e-01 -6.643495522439479828e-03
5.875308513641357422e-01 -6.156697869300842285e-03
5.961213707923889160e-01 -5.634421017020940781e-03
6.051804423332214355e-01 -5.079097580164670944e-03
6.143102049827575684e-01 -4.515334963798522949e-03
6.233848333358764648e-01 -3.951505757868289948e-03
6.323246955871582031e-01 -3.393328050151467323e-03
6.411476731300354004e-01 -2.840805798768997192e-03
6.498719453811645508e-01 -2.294258214533329010e-03
6.585954427719116211e-01 -1.748965587466955185e-03
6.672410964965820312e-01 -1.211251830682158470e-03
6.757881045341491699e-01 -6.832825602032244205e-04
6.841926574707031250e-01 -1.695032115094363689e-04
6.923830509185791016e-01 3.248814609833061695e-04
7.002978920936584473e-01 7.958006463013589382e-04
7.079581022262573242e-01 1.243845559656620026e-03
7.155839800834655762e-01 1.679953187704086304e-03
7.234219312667846680e-01 2.114439615979790688e-03
7.316303849220275879e-01 2.553837606683373451e-03
7.402390837669372559e-01 2.995335729792714119e-03
7.492480874061584473e-01 3.436127444729208946e-03
7.586745023727416992e-01 3.873488167300820351e-03
7.683719396591186523e-01 4.296617116779088974e-03
7.780783772468566895e-01 4.688356071710586548e-03
7.876457571983337402e-01 5.040183197706937790e-03
7.971076965332031250e-01 5.351368337869644165e-03
8.065264821052551270e-01 5.622405558824539185e-03
8.157826662063598633e-01 5.851323250681161880e-03
8.248842954635620117e-01 6.039185915142297745e-03
8.337249755859375000e-01 6.186996586620807648e-03
8.422942161560058594e-01 6.298241671174764633e-03
8.505570888519287109e-01 6.371614057570695877e-03
8.584703207015991211e-01 6.410089787095785141e-03
8.660795688629150391e-01 6.415524054318666458e-03
8.735657930374145508e-01 6.390386261045932770e-03
8.811488747596740723e-01 6.330785341560840607e-03
8.888875246047973633e-01 6.231016013771295547e-03
8.969434499740600586e-01 6.084142252802848816e-03
9.052129983901977539e-01 5.888704210519790649e-03
9.135886430740356445e-01 5.648182239383459091e-03
9.219710230827331543e-01 5.363299977034330368e-03
9.306133389472961426e-01 5.004522390663623810e-03
9.385987520217895508e-01 4.633582662791013718e-03
9.461530447006225586e-01 4.237649962306022644e-03
9.535668492317199707e-01 3.796421457082033157e-03
9.610768556594848633e-01 3.288720501586794853e-03
9.648230671882629395e-01 3.011262742802500725e-03
9.726020693778991699e-01 2.378252334892749786e-03
9.809587001800537109e-01 1.619398477487266064e-03
9.901272654533386230e-01 7.086404948495328426e-04
1.000342369079589844e+00 -3.800821141339838505e-04
