9.996892213821411133e-01 5.447091534733772278e-04
9.927825331687927246e-01 2.901820000261068344e-03
9.854857921600341797e-01 5.085591226816177368e-03
9.778630137443542480e-01 7.108195684850215912e-03
9.699779748916625977e-01 8.981807157397270203e-03
9.579939842224121094e-01 1.151274144649505615e-02
9.497727155685424805e-01 1.307340804487466812e-02
9.413384795188903809e-01 1.454979181289672852e-02
9.326325654983520508e-01 1.594750583171844482e-02
9.238810539245605469e-01 1.722923479974269867e-02
9.144468903541564941e-01 1.852859184145927429e-02
9.046916961669921875e-01 1.978778280317783356e-02
8.948250412940979004e-01 2.099188230931758881e-02
8.851686120033264160e-01 2.211410738527774811e-02
8.757394552230834961e-01 2.316159382462501526e-02
8.664166331291198730e-01 2.414996363222599030e-02
8.571610450744628906e-01 2.508975379168987274e-02
8.476368784904479980e-01 2.602205239236354828e-02
8.378823995590209961e-01 2.694322541356086731e-02
8.277382850646972656e-01 2.787110395729541779e-02
8.172497749328613281e-01 2.880295924842357635e-02
8.066480159759521484e-01 2.971749380230903625e-02
7.963390946388244629e-01 3.058093972504138947e-02
7.863893508911132812e-01 3.139076754450798035e-02
7.769415974617004395e-01 3.213967010378837585e-02
7.681708931922912598e-01 3.281657397747039795e-02
7.600014209747314453e-01 3.343266248703002930e-02
7.523546218872070312e-01 3.399484232068061829e-02
7.449419498443603516e-01 3.452767059206962585e-02
7.377237081527709961e-01 3.503673151135444641e-02
7.305843830108642578e-01 3.553085029125213623e-02
7.235158085823059082e-01 3.601057827472686768e-02
7.162718176841735840e-01 3.649279102683067322e-02
7.088639736175537109e-01 3.697569295763969421e-02
7.012547850608825684e-01 3.746043518185615540e-02
6.934610009193420410e-01 3.794585913419723511e-02
6.853880882263183594e-01 3.843711689114570618e-02
6.771712899208068848e-01 3.892695158720016479e-02
6.689757704734802246e-01 3.940387815237045288e-02
6.609427928924560547e-01 3.986098244786262512e-02
6.530508995056152344e-01 4.029824957251548767e-02
6.452009677886962891e-01 4.072203859686851501e-02
6.373340487480163574e-01 4.113451391458511353e-02
6.293432712554931641e-01 4.154167324304580688e-02
6.211326718330383301e-01 4.194750636816024780e-02
6.126068234443664551e-01 4.235706105828285217e-02
6.039457321166992188e-01 4.276074469089508057e-02
5.951421260833740234e-01 4.315793514251708984e-02
5.863994956016540527e-01 4.353876039385795593e-02
5.776467919349670410e-01 4.390621185302734375e-02
5.689640045166015625e-01 4.425667971372604370e-02
5.603705048561096191e-01 4.459019005298614502e-02
5.518371462821960449e-01 4.490755870938301086e-02
5.432675480842590332e-01 4.521256312727928162e-02
5.346422791481018066e-01 4.550557583570480347e-02
5.259668231010437012e-01 4.578537866473197937e-02
5.171971917152404785e-01 4.605422914028167725e-02
5.083769559860229492e-01 4.630935192108154297e-02
4.994590282440185547e-01 4.655249416828155518e-02
4.905515611171722412e-01 4.677997156977653503e-02
4.818492829799652100e-01 4.698852449655532837e-02
4.733288288116455078e-01 4.717889428138732910e-02
4.649378061294555664e-01 4.735204949975013733e-02
4.565418660640716553e-01 4.750898852944374084e-02
4.480756819248199463e-01 4.765127226710319519e-02
4.394426941871643066e-01 4.777944833040237427e-02
4.305791258811950684e-01 4.789500311017036438e-02
4.213933646678924561e-01 4.799680784344673157e-02
4.121966660022735596e-01 4.808346927165985107e-02
4.032747745513916016e-01 4.815124720335006714e-02
3.946770429611206055e-01 4.820087924599647522e-02
3.863110840320587158e-01 4.823116958141326904e-02
3.780294358730316162e-01 4.824259132146835327e-02
3.698868155479431152e-01 4.823656007647514343e-02
3.616959154605865479e-01 4.821350798010826111e-02
3.533378541469573975e-01 4.817295446991920471e-02
3.446131348609924316e-01 4.811285808682441711e-02
3.358539342880249023e-01 4.803265258669853210e-02
3.271311521530151367e-01 4.793253168463706970e-02
3.184910118579864502e-01 4.781271889805793762e-02
3.098160326480865479e-01 4.767091944813728333e-02
3.012670874595642090e-01 4.751138761639595032e-02
2.929637432098388672e-01 4.733377695083618164e-02
2.848405539989471436e-01 4.713847115635871887e-02
2.768685519695281982e-01 4.692593216896057129e-02
2.690464258193969727e-01 4.670059308409690857e-02
2.614414691925048828e-01 4.646202176809310913e-02
2.539224028587341309e-01 4.620561376214027405e-02
2.461713254451751709e-01 4.591360688209533691e-02
2.379319518804550171e-01 4.557266086339950562e-02
2.292798012495040894e-01 4.518139362335205078e-02
2.201238721609115601e-01 4.473265632987022400e-02
2.106927633285522461e-01 4.423697292804718018e-02
2.014573365449905396e-01 4.372312873601913452e-02
1.928721815347671509e-01 4.321654886007308960e-02
1.850989460945129395e-01 4.272757470607757568e-02
1.780486702919006348e-01 4.224908724427223206e-02
1.712752282619476318e-01 4.175076633691787720e-02
1.645884364843368530e-01 4.122427850961685181e-02
1.577810347080230713e-01 4.065520688891410828e-02
1.506489664316177368e-01 4.003430157899856567e-02
1.432336866855621338e-01 3.935748711228370667e-02
1.357438564300537109e-01 3.863239660859107971e-02
1.282016038894653320e-01 3.784935548901557922e-02
1.205816566944122314e-01 3.699800744652748108e-02
1.128025352954864502e-01 3.606749325990676880e-02
1.047211438417434692e-01 3.503275290131568909e-02
9.651082009077072144e-02 3.390266001224517822e-02
8.827847242355346680e-02 3.269544243812561035e-02
8.011145144701004028e-02 3.140069171786308289e-02
7.199332863092422485e-02 2.999357506632804871e-02
6.395363062620162964e-02 2.845160849392414093e-02
5.600983276963233948e-02 2.677308395504951477e-02
4.827782884240150452e-02 2.498354203999042511e-02
4.087966307997703552e-02 2.312834560871124268e-02
3.383834660053253174e-02 2.119410410523414612e-02
2.732125110924243927e-02 1.917291805148124695e-02
2.148271724581718445e-02 1.705230399966239929e-02
1.626868546009063721e-02 1.475587859749794006e-02
1.166884414851665497e-02 1.226111035794019699e-02
7.720967289060354233e-03 9.606678970158100128e-03
4.554706159979104996e-03 6.941928062587976456e-03
2.265156013891100883e-03 4.473628476262092590e-03
8.309204131364822388e-04 2.415107563138008118e-03
6.406455941032618284e-05 8.435316849499940872e-04
-1.571888860780745745e-04 -2.807189302984625101e-04
6.634265446336939931e-05 -1.107341260649263859e-03
5.590560031123459339e-04 -1.844263519160449505e-03
1.256045303307473660e-03 -2.654847456142306328e-03
2.093089744448661804e-03 -3.623447846621274948e-03
3.127552103251218796e-03 -4.750674124807119370e-03
4.358599893748760223e-03 -5.951214116066694260e-03
5.705480929464101791e-03 -7.093530613929033279e-03
7.083783857524394989e-03 -8.111970499157905579e-03
8.637412451207637787e-03 -9.056569077074527740e-03
1.060282159596681595e-02 -1.001673005521297455e-02
1.280082296580076218e-02 -1.099973730742931366e-02
1.529863942414522171e-02 -1.203795056790113449e-02
1.830364577472209930e-02 -1.316235680133104324e-02
2.223452366888523102e-02 -1.443270873278379440e-02
2.715633064508438110e-02 -1.581624895334243774e-02
3.301147371530532837e-02 -1.725475303828716278e-02
3.974227234721183777e-02 -1.871403492987155914e-02
4.748848080635070801e-02 -2.021493762731552124e-02
5.594146996736526489e-02 -2.170710451900959015e-02
6.422932446002960205e-02 -2.303632348775863647e-02
7.225533574819564819e-02 -2.418876811861991882e-02
8.020377904176712036e-02 -2.519329637289047241e-02
8.836092054843902588e-02 -2.610686793923377991e-02
9.665915369987487793e-02 -2.692562341690063477e-02
1.051505208015441895e-01 -2.766818739473819733e-02
1.140056923031806946e-01 -2.836521714925765991e-02
1.233095824718475342e-01 -2.904393896460533142e-02
1.324914544820785522e-01 -2.966143935918807983e-02
1.412013173103332520e-01 -3.017116524279117584e-02
1.493213623762130737e-01 -3.059498593211174011e-02
1.569282263517379761e-01 -3.095113672316074371e-02
1.641173064708709717e-01 -3.125226870179176331e-02
1.709236502647399902e-01 -3.150026127696037292e-02
1.775772571563720703e-01 -3.171119093894958496e-02
1.844097822904586792e-01 -3.190189227461814880e-02
1.914706826210021973e-01 -3.207762539386749268e-02
1.987144649028778076e-01 -3.222995996475219727e-02
2.065005302429199219e-01 -3.236256912350654602e-02
2.147974967956542969e-01 -3.246568515896797180e-02
2.236822545528411865e-01 -3.253825008869171143e-02
2.331296652555465698e-01 -3.257642686367034912e-02
2.426813542842864990e-01 -3.258392959833145142e-02
2.521493732929229736e-01 -3.256087377667427063e-02
2.613615691661834717e-01 -3.250896930694580078e-02
2.701371610164642334e-01 -3.242658823728561401e-02
2.786344587802886963e-01 -3.231236711144447327e-02
2.873708009719848633e-01 -3.215935826301574707e-02
2.966102361679077148e-01 -3.196160867810249329e-02
3.064402043819427490e-01 -3.172146528959274292e-02
3.167155981063842773e-01 -3.144519031047821045e-02
3.268710970878601074e-01 -3.114515915513038635e-02
3.366779386997222900e-01 -3.083072975277900696e-02
3.457339406013488770e-01 -3.051721304655075073e-02
3.537606596946716309e-01 -3.021881170570850372e-02
3.609517514705657959e-01 -2.993239089846611023e-02
3.678179383277893066e-01 -2.964253909885883331e-02
3.747799694538116455e-01 -2.933309040963649750e-02
3.820198774337768555e-01 -2.899784035980701447e-02
3.897514343261718750e-01 -2.862621471285820007e-02
3.980043530464172363e-01 -2.821502462029457092e-02
4.067254960536956787e-01 -2.776696346700191498e-02
4.156148135662078857e-01 -2.729486860334873199e-02
4.244041740894317627e-01 -2.681142650544643402e-02
4.330668151378631592e-01 -2.631911076605319977e-02
4.416008889675140381e-01 -2.581977471709251404e-02
4.500057399272918701e-01 -2.531450800597667694e-02
4.581508040428161621e-01 -2.481251396238803864e-02
4.662271440029144287e-01 -2.430342137813568115e-02
4.742452204227447510e-01 -2.378820255398750305e-02
4.822712242603302002e-01 -2.326262928545475006e-02
4.902849495410919189e-01 -2.272856049239635468e-02
4.983687102794647217e-01 -2.218047901988029480e-02
5.063936710357666016e-01 -2.162927389144897461e-02
5.143296122550964355e-01 -2.107742428779602051e-02
5.220185518264770508e-01 -2.053710818290710449e-02
5.293259620666503906e-01 -2.001805044710636139e-02
5.363773107528686523e-01 -1.951258629560470581e-02
5.431933403015136719e-01 -1.901949942111968994e-02
5.499528646469116211e-01 -1.852677203714847565e-02
5.568338036537170410e-01 -1.802186295390129089e-02
5.640389323234558105e-01 -1.749049499630928040e-02
5.715415477752685547e-01 -1.693438179790973663e-02
5.793927311897277832e-01 -1.635023206472396851e-02
5.874392390251159668e-01 -1.574968174099922180e-02
5.955901145935058594e-01 -1.513997465372085571e-02
6.039021015167236328e-01 -1.451740600168704987e-02
6.123126149177551270e-01 -1.388706360012292862e-02
6.208239197731018066e-01 -1.324955280870199203e-02
6.295834183692932129e-01 -1.259492710232734680e-02
6.385803222656250000e-01 -1.192520279437303543e-02
6.477795243263244629e-01 -1.124386396259069443e-02
6.570534110069274902e-01 -1.056127343326807022e-02
6.663548350334167480e-01 -9.882076643407344818e-03
6.755782961845397949e-01 -9.215090423822402954e-03
6.846751570701599121e-01 -8.564293384552001953e-03
6.934327483177185059e-01 -7.944792509078979492e-03
7.018755078315734863e-01 -7.355352398008108139e-03
7.101383209228515625e-01 -6.786185782402753830e-03
7.183709740638732910e-01 -6.229426711797714233e-03
7.265942096710205078e-01 -5.681906361132860184e-03
7.350672483444213867e-01 -5.129557102918624878e-03
7.441625595092773438e-01 -4.551248624920845032e-03
7.542117238044738770e-01 -3.934333100914955139e-03
7.652435898780822754e-01 -3.282387973740696907e-03
7.770819664001464844e-01 -2.612136304378509521e-03
7.895489931106567383e-01 -1.937688677571713924e-03
8.022560477256774902e-01 -1.283400924876332283e-03
8.148270845413208008e-01 -6.709182634949684143e-04
8.265550732612609863e-01 -1.344608026556670666e-04
8.373660445213317871e-01 3.247795684728771448e-04
8.473405241966247559e-01 7.115437183529138565e-04
8.567949533462524414e-01 1.042277319356799126e-03
8.658189773559570312e-01 1.323006930761039257e-03
8.746677637100219727e-01 1.562861143611371517e-03
8.835641145706176758e-01 1.767104025930166245e-03
8.925583362579345703e-01 1.934988657012581825e-03
9.015958905220031738e-01 2.063426654785871506e-03
9.104617238044738770e-01 2.139955293387174606e-03
9.192041158676147461e-01 2.165461191907525063e-03
9.279033541679382324e-01 2.133437432348728180e-03
9.367464780807495117e-01 2.042352687567472458e-03
9.448242783546447754e-01 1.922265859320759773e-03
9.522948265075683594e-01 1.776897232048213482e-03
9.593213796615600586e-01 1.604066812433302402e-03
9.660651683807373047e-01 1.397364889271557331e-03
9.692493677139282227e-01 1.282372162677347660e-03
9.757890105247497559e-01 9.997365996241569519e-04
9.828631877899169922e-01 6.287117139436304569e-04
9.908394217491149902e-01 1.474703749408945441e-04
1.000085353851318359e+00 -4.658143443521112204e-04
