9.997198581695556641e-01 6.238489295355975628e-04
9.906284809112548828e-01 2.723967423662543297e-03
9.820498228073120117e-01 4.502506460994482040e-03
9.739028215408325195e-01 6.004995666444301605e-03
9.661064743995666504e-01 7.276964373886585236e-03
9.550364613533020020e-01 8.844794705510139465e-03
9.477522373199462891e-01 9.758559055626392365e-03
9.404191970825195312e-01 1.060788054019212723e-02
9.328737854957580566e-01 1.141714304685592651e-02
9.252340793609619141e-01 1.217522006481885910e-02
9.168545603752136230e-01 1.296945009380578995e-02
9.081827402114868164e-01 1.374853495508432388e-02
8.992236256599426270e-01 1.452176086604595184e-02
8.902957439422607422e-01 1.526688598096370697e-02
8.814573287963867188e-01 1.598555967211723328e-02
8.727315664291381836e-01 1.668073423206806183e-02
8.641288876533508301e-01 1.735448651015758514e-02
8.553309440612792969e-01 1.803571172058582306e-02
8.463603854179382324e-01 1.872316934168338776e-02
8.371527791023254395e-01 1.942392624914646149e-02
8.277298808097839355e-01 2.013684436678886414e-02
8.181101679801940918e-01 2.086132392287254333e-02
8.086898922920227051e-01 2.156752720475196838e-02
7.995895147323608398e-01 2.224707603454589844e-02
7.910012602806091309e-01 2.288600802421569824e-02
7.830007672309875488e-01 2.347905002534389496e-02
7.755550146102905273e-01 2.402950637042522430e-02
7.685735821723937988e-01 2.454394102096557617e-02
7.618306875228881836e-01 2.503915503621101379e-02
7.550846934318542480e-01 2.553293295204639435e-02
7.481639981269836426e-01 2.603793330490589142e-02
7.410627603530883789e-01 2.655417844653129578e-02
7.336385846138000488e-01 2.709171548485755920e-02
7.258709669113159180e-01 2.765140682458877563e-02
7.177706956863403320e-01 2.823189087212085724e-02
7.095245718955993652e-01 2.881924249231815338e-02
7.011431455612182617e-01 2.941234782338142395e-02
6.927520632743835449e-01 3.000223450362682343e-02
6.844181418418884277e-01 3.058375045657157898e-02
6.762740015983581543e-01 3.114747069776058197e-02
6.682590246200561523e-01 3.169685602188110352e-02
6.602861285209655762e-01 3.223786503076553345e-02
6.521864533424377441e-01 3.278129920363426208e-02
6.438577175140380859e-01 3.333351016044616699e-02
6.352629065513610840e-01 3.389586135745048523e-02
6.263510584831237793e-01 3.447100147604942322e-02
6.172407865524291992e-01 3.505038097500801086e-02
6.079439520835876465e-01 3.563192859292030334e-02
5.985882282257080078e-01 3.620634227991104126e-02
5.891730785369873047e-01 3.677315637469291687e-02
5.798178911209106445e-01 3.732459992170333862e-02
5.705521702766418457e-01 3.785952553153038025e-02
5.613751411437988281e-01 3.837721049785614014e-02
5.522318482398986816e-01 3.888024389743804932e-02
5.431136488914489746e-01 3.936876729130744934e-02
5.339592099189758301e-01 3.984465450048446655e-02
5.246497988700866699e-01 4.031387716531753540e-02
5.151715874671936035e-01 4.077621176838874817e-02
5.055735111236572266e-01 4.122932627797126770e-02
4.959932565689086914e-01 4.166613891720771790e-02
4.865796267986297607e-01 4.208010807633399963e-02
4.773375093936920166e-01 4.247095063328742981e-02
4.682422876358032227e-01 4.283905401825904846e-02
4.591987729072570801e-01 4.318657889962196350e-02
4.500356316566467285e-01 4.351973906159400940e-02
4.406338930130004883e-01 4.384205490350723267e-02
4.309905171394348145e-01 4.415363818407058716e-02
4.211943745613098145e-01 4.445039480924606323e-02
4.115418791770935059e-01 4.472535476088523865e-02
4.022459983825683594e-01 4.497209936380386353e-02
3.933802843093872070e-01 4.518936574459075928e-02
3.848650455474853516e-01 4.537805914878845215e-02
3.765071928501129150e-01 4.554234817624092102e-02
3.682013452053070068e-01 4.568676277995109558e-02
3.597316741943359375e-01 4.581481963396072388e-02
3.510023951530456543e-01 4.592724516987800598e-02
3.419974446296691895e-01 4.602306336164474487e-02
3.329968452453613281e-01 4.609722644090652466e-02
3.241111636161804199e-01 4.614890366792678833e-02
3.154182136058807373e-01 4.617698863148689270e-02
3.068526983261108398e-01 4.618120566010475159e-02
2.984766364097595215e-01 4.616355895996093750e-02
2.902655005455017090e-01 4.612092301249504089e-02
2.820651233196258545e-01 4.605412483215332031e-02
2.738027572631835938e-01 4.596240073442459106e-02
2.655328810214996338e-01 4.584902152419090271e-02
2.573060095310211182e-01 4.571170359849929810e-02
2.491059452295303345e-01 4.554888606071472168e-02
2.407788038253784180e-01 4.535173997282981873e-02
2.322191745042800903e-01 4.511408135294914246e-02
2.235116213560104370e-01 4.483458027243614197e-02
2.145452201366424561e-01 4.450775310397148132e-02
2.055469751358032227e-01 4.414445534348487854e-02
1.968476623296737671e-01 4.376310855150222778e-02
1.887945085763931274e-01 4.338039457798004150e-02
1.814223229885101318e-01 4.299893230199813843e-02
1.746442466974258423e-01 4.261360689997673035e-02
1.680563241243362427e-01 4.219963401556015015e-02
1.614367812871932983e-01 4.174711555242538452e-02
1.544971913099288940e-01 4.123292863368988037e-02
1.470291316509246826e-01 4.064419493079185486e-02
1.392411291599273682e-01 3.999369591474533081e-02
1.313040554523468018e-01 3.928161039948463440e-02
1.233307123184204102e-01 3.850831836462020874e-02
1.152787059545516968e-01 3.765536844730377197e-02
1.070896089076995850e-01 3.670422732830047607e-02
9.854622185230255127e-02 3.560702875256538391e-02
8.973746746778488159e-02 3.435822948813438416e-02
8.064660429954528809e-02 3.295119106769561768e-02
7.145823538303375244e-02 3.138595819473266602e-02
6.250500679016113281e-02 2.970571070909500122e-02
5.392243713140487671e-02 2.791166491806507111e-02
4.593129828572273254e-02 2.605046331882476807e-02
3.859669715166091919e-02 2.414938062429428101e-02
3.192370384931564331e-02 2.221968770027160645e-02
2.575910091400146484e-02 2.020257152616977692e-02
2.015187218785285950e-02 1.806799322366714478e-02
1.510493736714124680e-02 1.577140577137470245e-02
1.063661277294158936e-02 1.327167637646198273e-02
6.898342631757259369e-03 1.061720214784145355e-02
3.918094560503959656e-03 7.876863703131675720e-03
1.830870052799582481e-03 5.245443899184465408e-03
5.919354734942317009e-04 2.922365674749016762e-03
7.355048728641122580e-05 1.038926886394619942e-03
2.144096288247965276e-05 -3.784786676988005638e-04
3.255477931816130877e-04 -1.404072158038616180e-03
9.307179134339094162e-04 -2.213217085227370262e-03
1.761988038197159767e-03 -2.982544945552945137e-03
2.864631125703454018e-03 -3.850956913083791733e-03
4.209971055388450623e-03 -4.875705577433109283e-03
5.835852120071649551e-03 -6.015032529830932617e-03
7.702820003032684326e-03 -7.185266353189945221e-03
9.726391173899173737e-03 -8.309118449687957764e-03
1.183607615530490875e-02 -9.327896870672702789e-03
1.419198699295520782e-02 -1.028606481850147247e-02
1.702386699616909027e-02 -1.125524751842021942e-02
2.038751542568206787e-02 -1.226184796541929245e-02
2.438457868993282318e-02 -1.333701238036155701e-02
2.910633571445941925e-02 -1.447188388556241989e-02
3.471220284700393677e-02 -1.566047221422195435e-02
4.105380922555923462e-02 -1.685101352632045746e-02
4.788444563746452332e-02 -1.798665337264537811e-02
5.506943538784980774e-02 -1.903364807367324829e-02
6.265050917863845825e-02 -2.000590227544307709e-02
7.048851251602172852e-02 -2.089964039623737335e-02
7.830510288476943970e-02 -2.168913744390010834e-02
8.606015890836715698e-02 -2.238237857818603516e-02
9.396093338727951050e-02 -2.300149574875831604e-02
1.021748483180999756e-01 -2.357183024287223816e-02
1.105418503284454346e-01 -2.408271469175815582e-02
1.189622730016708374e-01 -2.453295886516571045e-02
1.275283545255661011e-01 -2.493387088179588318e-02
1.362534612417221069e-01 -2.529264241456985474e-02
1.447993069887161255e-01 -2.559922635555267334e-02
1.530092507600784302e-01 -2.584611438214778900e-02
1.607578843832015991e-01 -2.604158222675323486e-02
1.682025045156478882e-01 -2.619920298457145691e-02
1.753767579793930054e-01 -2.632408961653709412e-02
1.822807490825653076e-01 -2.641576528549194336e-02
1.889839172363281250e-01 -2.648100070655345917e-02
1.957632005214691162e-01 -2.652661129832267761e-02
2.026089876890182495e-01 -2.655639871954917908e-02
2.095292359590530396e-01 -2.656646445393562317e-02
2.168164402246475220e-01 -2.655394189059734344e-02
2.245439440011978149e-01 -2.651334926486015320e-02
2.329074740409851074e-01 -2.644211240112781525e-02
2.418911308050155640e-01 -2.633746527135372162e-02
2.511874139308929443e-01 -2.620496973395347595e-02
2.604332864284515381e-01 -2.605107612907886505e-02
2.694468796253204346e-01 -2.588012628257274628e-02
2.779080569744110107e-01 -2.569702826440334320e-02
2.858919203281402588e-01 -2.550137974321842194e-02
2.937787473201751709e-01 -2.528470568358898163e-02
3.018589019775390625e-01 -2.503948844969272614e-02
3.103855848312377930e-01 -2.476129308342933655e-02
3.193809092044830322e-01 -2.445104718208312988e-02
3.285654783248901367e-01 -2.411691844463348389e-02
3.376481533050537109e-01 -2.376985363662242889e-02
3.463721871376037598e-01 -2.342108450829982758e-02
3.544950485229492188e-01 -2.308044768869876862e-02
3.620882928371429443e-01 -2.274691499769687653e-02
3.694270551204681396e-01 -2.241101115942001343e-02
3.767833709716796875e-01 -2.206141874194145203e-02
3.843228816986083984e-01 -2.169184945523738861e-02
3.922245800495147705e-01 -2.129319123923778534e-02
4.005286395549774170e-01 -2.086267061531543732e-02
4.091283082962036133e-01 -2.040549181401729584e-02
4.178727865219116211e-01 -1.992894336581230164e-02
4.266361594200134277e-01 -1.943929120898246765e-02
4.353951811790466309e-01 -1.893782615661621094e-02
4.440990388393402100e-01 -1.842848584055900574e-02
4.527448713779449463e-01 -1.791212521493434906e-02
4.612308144569396973e-01 -1.739599555730819702e-02
4.696906208992004395e-01 -1.687291637063026428e-02
4.780836403369903564e-01 -1.634650863707065582e-02
4.863935112953186035e-01 -1.581800915300846100e-02
4.945888817310333252e-01 -1.529035344719886780e-02
5.027433037757873535e-01 -1.475936546921730042e-02
5.107928514480590820e-01 -1.423058658838272095e-02
5.187222957611083984e-01 -1.370544172823429108e-02
5.264654755592346191e-01 -1.318924315273761749e-02
5.339584946632385254e-01 -1.268654223531484604e-02
5.413455367088317871e-01 -1.218861248344182968e-02
5.486906766891479492e-01 -1.169146224856376648e-02
5.561220049858093262e-01 -1.118697505444288254e-02
5.637991428375244141e-01 -1.066498458385467529e-02
5.718648433685302734e-01 -1.011639647185802460e-02
5.802432894706726074e-01 -9.546863846480846405e-03
5.888962149620056152e-01 -8.959346450865268707e-03
5.976631641387939453e-01 -8.365826681256294250e-03
6.064299941062927246e-01 -7.775013335049152374e-03
6.152217984199523926e-01 -7.186286151409149170e-03
6.240581274032592773e-01 -6.599409040063619614e-03
6.329444646835327148e-01 -6.015211343765258789e-03
6.420680284500122070e-01 -5.422890186309814453e-03
6.513841748237609863e-01 -4.826559685170650482e-03
6.607655286788940430e-01 -4.235115367919206619e-03
6.700391769409179688e-01 -3.660104703158140182e-03
6.791827082633972168e-01 -3.104451810941100121e-03
6.881229877471923828e-01 -2.573779318481683731e-03
6.968433856964111328e-01 -2.069032518193125725e-03
7.052846550941467285e-01 -1.592657761648297310e-03
7.135317921638488770e-01 -1.140237087383866310e-03
7.217947244644165039e-01 -6.999693578109145164e-04
7.301886081695556641e-01 -2.692100533749908209e-04
7.386743426322937012e-01 1.511954033048823476e-04
7.474316358566284180e-01 5.657973815687000751e-04
7.567490339279174805e-01 9.845686145126819611e-04
7.668108344078063965e-01 1.407313742674887180e-03
7.775263190269470215e-01 1.825541374273598194e-03
7.886815667152404785e-01 2.226141281425952911e-03
8.000913858413696289e-01 2.600551117211580276e-03
8.115051984786987305e-01 2.938331337645649910e-03
8.226462006568908691e-01 3.230288159102201462e-03
8.329761624336242676e-01 3.464718814939260483e-03
8.425117135047912598e-01 3.646715311333537102e-03
8.513929247856140137e-01 3.782043466344475746e-03
8.598880767822265625e-01 3.879376454278826714e-03
8.680992722511291504e-01 3.940624650567770004e-03
8.762487173080444336e-01 3.967406228184700012e-03
8.845168352127075195e-01 3.960523288697004318e-03
8.930457234382629395e-01 3.916931804269552231e-03
9.017648100852966309e-01 3.834112780168652534e-03
9.104076623916625977e-01 3.707589348778128624e-03
9.189366698265075684e-01 3.538969904184341431e-03
9.272623658180236816e-01 3.330054227262735367e-03
9.355260133743286133e-01 3.077371511608362198e-03
9.429026842117309570e-01 2.824268769472837448e-03
9.495537281036376953e-01 2.571498276665806770e-03
9.557220935821533203e-01 2.310288837179541588e-03
9.617852568626403809e-01 2.021706663072109222e-03
9.647720456123352051e-01 1.865257043391466141e-03
9.712882637977600098e-01 1.482463674619793892e-03
9.789718985557556152e-01 9.743503760546445847e-04
9.883558154106140137e-01 3.023640601895749569e-04
9.999727606773376465e-01 -5.720485351048409939e-04
