9.997992515563964844e-01 6.889291689731180668e-04
9.912489652633666992e-01 2.970140893012285233e-03
9.830377101898193359e-01 4.907240159809589386e-03
9.751353263854980469e-01 6.544739007949829102e-03
9.675117731094360352e-01 7.927148602902889252e-03
9.567201733589172363e-01 9.606826119124889374e-03
9.497123360633850098e-01 1.056117285043001175e-02
9.427233338356018066e-01 1.142831053584814072e-02
9.355461001396179199e-01 1.223760750144720078e-02
9.281695485115051270e-01 1.298915967345237732e-02
9.199495315551757812e-01 1.377367787063121796e-02
9.113296866416931152e-01 1.454411912709474564e-02
9.023897647857666016e-01 1.530362013727426529e-02
8.935025930404663086e-01 1.602312177419662476e-02
8.847602009773254395e-01 1.670508831739425659e-02
8.762640953063964844e-01 1.734926737844944000e-02
8.680537343025207520e-01 1.795623265206813812e-02
8.597809672355651855e-01 1.855824701488018036e-02
8.513061404228210449e-01 1.916762813925743103e-02
8.425409197807312012e-01 1.979321800172328949e-02
8.334587216377258301e-01 2.043714933097362518e-02
8.239744305610656738e-01 2.110635302960872650e-02
8.143682479858398438e-01 2.178110182285308838e-02
8.047740459442138672e-01 2.245262078940868378e-02
7.954449653625488281e-01 2.310344949364662170e-02
7.864900827407836914e-01 2.372634783387184143e-02
7.779653072357177734e-01 2.431825734674930573e-02
7.698259949684143066e-01 2.488224394619464874e-02
7.619791626930236816e-01 2.542481385171413422e-02
7.541663646697998047e-01 2.596377022564411163e-02
7.461897134780883789e-01 2.651284076273441315e-02
7.380056977272033691e-01 2.707469649612903595e-02
7.295043468475341797e-01 2.765661105513572693e-02
7.206088304519653320e-01 2.826316282153129578e-02
7.113363742828369141e-01 2.889266796410083771e-02
7.019509673118591309e-01 2.952663041651248932e-02
6.925473213195800781e-01 3.015835396945476532e-02
6.832737922668457031e-01 3.077748045325279236e-02
6.742133498191833496e-01 3.137844055891036987e-02
6.655606031417846680e-01 3.194824978709220886e-02
6.572709679603576660e-01 3.248936682939529419e-02
6.492456197738647461e-01 3.300819918513298035e-02
6.412668228149414062e-01 3.351892158389091492e-02
6.332330703735351562e-01 3.402774035930633545e-02
6.250904798507690430e-01 3.453733399510383606e-02
6.167521476745605469e-01 3.505262732505798340e-02
6.082764863967895508e-01 3.556996211409568787e-02
5.997469425201416016e-01 3.608348220586776733e-02
5.912175178527832031e-01 3.658842295408248901e-02
5.826366543769836426e-01 3.708742931485176086e-02
5.740767717361450195e-01 3.757588565349578857e-02
5.655817389488220215e-01 3.805164620280265808e-02
5.571318864822387695e-01 3.851516544818878174e-02
5.486743450164794922e-01 3.896905481815338135e-02
5.401871204376220703e-01 3.941387683153152466e-02
5.317100882530212402e-01 3.984652832150459290e-02
5.231245160102844238e-01 4.027172923088073730e-02
5.143176913261413574e-01 4.069455713033676147e-02
5.053437352180480957e-01 4.111231863498687744e-02
4.963441789150238037e-01 4.151793196797370911e-02
4.874504804611206055e-01 4.190495237708091736e-02
4.787224829196929932e-01 4.227145761251449585e-02
4.701743423938751221e-01 4.261613264679908752e-02
4.617733955383300781e-01 4.293961450457572937e-02
4.534044563770294189e-01 4.324524849653244019e-02
4.448356032371520996e-01 4.354117065668106079e-02
4.360075592994689941e-01 4.382929205894470215e-02
4.269608855247497559e-01 4.410677030682563782e-02
4.178789854049682617e-01 4.436887800693511963e-02
4.089022874832153320e-01 4.461109265685081482e-02
4.001800715923309326e-01 4.482908919453620911e-02
3.916807174682617188e-01 4.502229765057563782e-02
3.833550214767456055e-01 4.519127681851387024e-02
3.751024603843688965e-01 4.533942043781280518e-02
3.667439520359039307e-01 4.546999186277389526e-02
3.582196235656738281e-01 4.558313265442848206e-02
3.495058715343475342e-01 4.567848145961761475e-02
3.407843112945556641e-01 4.575260356068611145e-02
3.321637213230133057e-01 4.580503329634666443e-02
3.237446844577789307e-01 4.583457857370376587e-02
3.155148029327392578e-01 4.584238678216934204e-02
3.075108528137207031e-01 4.582893103361129761e-02
2.996267080307006836e-01 4.579145833849906921e-02
2.916622757911682129e-01 4.572809115052223206e-02
2.835405468940734863e-01 4.563808068633079529e-02
2.753059267997741699e-01 4.552460834383964539e-02
2.670221626758575439e-01 4.538721591234207153e-02
2.587127685546875000e-01 4.522344470024108887e-02
2.503120899200439453e-01 4.502607509493827820e-02
2.417850494384765625e-01 4.478886723518371582e-02
2.331052273511886597e-01 4.450637847185134888e-02
2.241364121437072754e-01 4.417232424020767212e-02
2.150072157382965088e-01 4.379415139555931091e-02
2.061072140932083130e-01 4.339404404163360596e-02
1.978053301572799683e-01 4.299058392643928528e-02
1.902012676000595093e-01 4.258985817432403564e-02
1.831597536802291870e-01 4.218097031116485596e-02
1.763193011283874512e-01 4.173840209841728210e-02
1.693759560585021973e-01 4.124279692769050598e-02
1.620091199874877930e-01 4.067219421267509460e-02
1.539743989706039429e-01 4.000358656048774719e-02
1.455611437559127808e-01 3.926336392760276794e-02
1.371372938156127930e-01 3.847363218665122986e-02
1.288895606994628906e-01 3.764295950531959534e-02
1.207951456308364868e-01 3.675279021263122559e-02
1.126459315419197083e-01 3.576209768652915955e-02
1.041613295674324036e-01 3.461382538080215454e-02
9.525571018457412720e-02 3.328016027808189392e-02
8.588249981403350830e-02 3.174823150038719177e-02
7.611680775880813599e-02 3.000970371067523956e-02
6.648709625005722046e-02 2.813838608562946320e-02
5.724564194679260254e-02 2.614409290254116058e-02
4.863635450601577759e-02 2.406821399927139282e-02
4.073806852102279663e-02 2.192611992359161377e-02
3.354418277740478516e-02 1.973702013492584229e-02
2.698370441794395447e-02 1.749137230217456818e-02
2.110375463962554932e-02 1.521636731922626495e-02
1.593224704265594482e-02 1.293883752077817917e-02
1.147514116019010544e-02 1.068056095391511917e-02
7.873998954892158508e-03 8.502072654664516449e-03
5.018767900764942169e-03 6.412842310965061188e-03
2.927288878709077835e-03 4.503943026065826416e-03
1.491900999099016190e-03 2.856393111869692802e-03
6.066651549190282822e-04 1.527672633528709412e-03
9.189088450511917472e-05 5.107969627715647221e-04
-1.322595344390720129e-04 -2.446496509946882725e-04
-9.564499487169086933e-05 -8.598923450335860252e-04
1.196984521811828017e-04 -1.440863008610904217e-03
4.884955706074833870e-04 -2.085704589262604713e-03
9.835814125835895538e-04 -2.851655473932623863e-03
1.701495260931551456e-03 -3.727328497916460037e-03
2.704094862565398216e-03 -4.663871601223945618e-03
3.987949807196855545e-03 -5.612511653453111649e-03
5.614079535007476807e-03 -6.529823876917362213e-03
7.778046652674674988e-03 -7.433920167386531830e-03
1.081000547856092453e-02 -8.363742381334304810e-03
1.473864261060953140e-02 -9.297166951000690460e-03
1.970695890486240387e-02 -1.022989209741353989e-02
2.575551345944404602e-02 -1.113639026880264282e-02
3.290460631251335144e-02 -1.199500821530818939e-02
4.085749387741088867e-02 -1.276280265301465988e-02
4.908972978591918945e-02 -1.340403966605663300e-02
5.730846524238586426e-02 -1.390775293111801147e-02
6.539028137922286987e-02 -1.430106628686189651e-02
7.337936013936996460e-02 -1.460998225957155228e-02
8.105866611003875732e-02 -1.483596023172140121e-02
8.860825747251510620e-02 -1.500604581087827682e-02
9.630511701107025146e-02 -1.513733435422182083e-02
1.043779179453849792e-01 -1.524391025304794312e-02
1.127574443817138672e-01 -1.532186660915613174e-02
1.212396547198295593e-01 -1.536694448441267014e-02
1.298344582319259644e-01 -1.538285706192255020e-02
1.384845376014709473e-01 -1.537145115435123444e-02
1.470121592283248901e-01 -1.533707510679960251e-02
1.551943123340606689e-01 -1.527853962033987045e-02
1.628893911838531494e-01 -1.520519517362117767e-02
1.702864468097686768e-01 -1.511803269386291504e-02
1.774697005748748779e-01 -1.501851249486207962e-02
1.845516860485076904e-01 -1.490474212914705276e-02
1.915645748376846313e-01 -1.477814931422472000e-02
1.987672448158264160e-01 -1.463548000901937485e-02
2.061764746904373169e-01 -1.447760313749313354e-02
2.137680798768997192e-01 -1.430413220077753067e-02
2.217018753290176392e-01 -1.410833466798067093e-02
2.299110293388366699e-01 -1.388910878449678421e-02
2.386041134595870972e-01 -1.364056766033172607e-02
2.477772533893585205e-01 -1.336089894175529480e-02
2.572336792945861816e-01 -1.305721700191497803e-02
2.666077017784118652e-01 -1.274211518466472626e-02
2.757099866867065430e-01 -1.242391858249902725e-02
2.843123972415924072e-01 -1.210986543446779251e-02
2.923586964607238770e-01 -1.180333737283945084e-02
3.001609146595001221e-01 -1.149321999400854111e-02
3.079064190387725830e-01 -1.117233745753765106e-02
3.158813118934631348e-01 -1.083127968013286591e-02
3.242753446102142334e-01 -1.046241726726293564e-02
3.329539299011230469e-01 -1.007113326340913773e-02
3.417061269283294678e-01 -9.666485711932182312e-03
3.503301441669464111e-01 -9.258295409381389618e-03
3.586868345737457275e-01 -8.853205479681491852e-03
3.667048513889312744e-01 -8.454846218228340149e-03
3.745476603507995605e-01 -8.056401275098323822e-03
3.823066949844360352e-01 -7.653611712157726288e-03
3.900398612022399902e-01 -7.244779262691736221e-03
3.979635536670684814e-01 -6.818823050707578659e-03
4.060861170291900635e-01 -6.375127006322145462e-03
4.143951535224914551e-01 -5.914357956498861313e-03
4.228693246841430664e-01 -5.437353625893592834e-03
4.315102398395538330e-01 -4.944097716361284256e-03
4.403409957885742188e-01 -4.433089401572942734e-03
4.493357241153717041e-01 -3.906375262886285782e-03
4.583827555179595947e-01 -3.370950231328606606e-03
4.673031270503997803e-01 -2.838167129084467888e-03
4.761630296707153320e-01 -2.305027330294251442e-03
4.848532378673553467e-01 -1.778680598363280296e-03
4.933421313762664795e-01 -1.261761761270463467e-03
5.016438364982604980e-01 -7.542305975221097469e-04
5.098590850830078125e-01 -2.508497564122080803e-04
5.179772973060607910e-01 2.467786544002592564e-04
5.259782671928405762e-01 7.366715581156313419e-04
5.337612032890319824e-01 1.212184200994670391e-03
5.412773489952087402e-01 1.670161262154579163e-03
5.486316680908203125e-01 2.116289688274264336e-03
5.558656454086303711e-01 2.552245976403355598e-03
5.630823969841003418e-01 2.983663231134414673e-03
5.704835653305053711e-01 3.420983208343386650e-03
5.782480835914611816e-01 3.873882116749882698e-03
5.863108634948730469e-01 4.337443504482507706e-03
5.946295261383056641e-01 4.808715544641017914e-03
6.030690670013427734e-01 5.277931224554777145e-03
6.115090250968933105e-01 5.736943800002336502e-03
6.199232339859008789e-01 6.182540673762559891e-03
6.282856464385986328e-01 6.611833814531564713e-03
6.366007328033447266e-01 7.023758254945278168e-03
6.450830698013305664e-01 7.426816038787364960e-03
6.537253856658935547e-01 7.819611579179763794e-03
6.624036431312561035e-01 8.195902220904827118e-03
6.709917783737182617e-01 8.550271391868591309e-03
6.794857978820800781e-01 8.880465291440486908e-03
6.878358721733093262e-01 9.182511828839778900e-03
6.960146427154541016e-01 9.455996565520763397e-03
7.039428949356079102e-01 9.700055234134197235e-03
7.116683721542358398e-01 9.917154908180236816e-03
7.193884253501892090e-01 1.011450588703155518e-02
7.272062897682189941e-01 1.028979383409023285e-02
7.350894212722778320e-01 1.044329814612865448e-02
7.432172298431396484e-01 1.057326328009366989e-02
7.518983483314514160e-01 1.067985687404870987e-02
7.613661289215087891e-01 1.075538620352745056e-02
7.715221047401428223e-01 1.079378370195627213e-02
7.821220159530639648e-01 1.078955829143524170e-02
7.929059267044067383e-01 1.074234861880540848e-02
8.036985397338867188e-01 1.064925547689199448e-02
8.143147230148315430e-01 1.050911471247673035e-02
8.242651224136352539e-01 1.033246796578168869e-02
8.335743546485900879e-01 1.012562680989503860e-02
8.424960970878601074e-01 9.885651059448719025e-03
8.513323068618774414e-01 9.609268978238105774e-03
8.601602315902709961e-01 9.292955510318279266e-03
8.690981268882751465e-01 8.931844495236873627e-03
8.782364130020141602e-01 8.521669544279575348e-03
8.877857327461242676e-01 8.050588890910148621e-03
8.976256251335144043e-01 7.523241452872753143e-03
9.073051214218139648e-01 6.959985941648483276e-03
9.167370796203613281e-01 6.369309499859809875e-03
9.259253144264221191e-01 5.753005854785442352e-03
9.349364042282104492e-01 5.111635662615299225e-03
9.429136514663696289e-01 4.520641639828681946e-03
9.499827623367309570e-01 3.977920860052108765e-03
9.564100503921508789e-01 3.466606838628649712e-03
9.626338481903076172e-01 2.953322138637304306e-03
9.656423330307006836e-01 2.696597483009099960e-03
9.721103310585021973e-01 2.116633579134941101e-03
9.796330928802490234e-01 1.402806607075035572e-03
9.887543916702270508e-01 5.009046290069818497e-04
1.000018119812011719e+00 -6.432842928916215897e-04
