9.998167753219604492e-01 1.104848070099251345e-05
9.921025037765502930e-01 1.561377663165330887e-03
9.834515452384948730e-01 3.122897353023290634e-03
9.741681814193725586e-01 4.661573097109794617e-03
9.645566940307617188e-01 6.143370643258094788e-03
9.505232572555541992e-01 8.137507364153862000e-03
9.416739940643310547e-01 9.293572977185249329e-03
9.332542419433593750e-01 1.031980384141206741e-02
9.252325296401977539e-01 1.122635882347822189e-02
9.176231026649475098e-01 1.201902981847524643e-02
9.093527793884277344e-01 1.285574771463871002e-02
9.008945822715759277e-01 1.367101911455392838e-02
8.921504020690917969e-01 1.448529120534658432e-02
8.833495378494262695e-01 1.527872588485479355e-02
8.745957612991333008e-01 1.604295149445533752e-02
8.660804033279418945e-01 1.676879264414310455e-02
8.578416705131530762e-01 1.745608448982238770e-02
8.497771024703979492e-01 1.811576634645462036e-02
8.418089747428894043e-01 1.875494979321956635e-02
8.338660597801208496e-01 1.938231848180294037e-02
8.258554339408874512e-01 2.000596001744270325e-02
8.177674412727355957e-01 2.062868513166904449e-02
8.096794486045837402e-01 2.124460786581039429e-02
8.016328215599060059e-01 2.185156196355819702e-02
7.938178777694702148e-01 2.243489585816860199e-02
7.861599922180175781e-01 2.300076931715011597e-02
7.785843014717102051e-01 2.355547808110713959e-02
7.709891200065612793e-01 2.410677075386047363e-02
7.633050680160522461e-01 2.465970069169998169e-02
7.553319931030273438e-01 2.522852644324302673e-02
7.471492886543273926e-01 2.580771781504154205e-02
7.387895584106445312e-01 2.639505639672279358e-02
7.303003072738647461e-01 2.698692120611667633e-02
7.216641306877136230e-01 2.758361026644706726e-02
7.128682732582092285e-01 2.818588539958000183e-02
7.040389776229858398e-01 2.878523617982864380e-02
6.951825022697448730e-01 2.938107401132583618e-02
6.862093806266784668e-01 2.997886948287487030e-02
6.770445704460144043e-01 3.058354370296001434e-02
6.678961515426635742e-01 3.118092939257621765e-02
6.588002443313598633e-01 3.176841512322425842e-02
6.497030854225158691e-01 3.234900161623954773e-02
6.404974460601806641e-01 3.292923420667648315e-02
6.313478350639343262e-01 3.349889442324638367e-02
6.224095225334167480e-01 3.404795378446578979e-02
6.136351823806762695e-01 3.457923233509063721e-02
6.049848794937133789e-01 3.509566560387611389e-02
5.964943170547485352e-01 3.559502959251403809e-02
5.882305502891540527e-01 3.607289120554924011e-02
5.800902247428894043e-01 3.653530403971672058e-02
5.718957185745239258e-01 3.699221834540367126e-02
5.635604858398437500e-01 3.744836151599884033e-02
5.551844239234924316e-01 3.789747878909111023e-02
5.466783046722412109e-01 3.834321349859237671e-02
5.379545092582702637e-01 3.878928720951080322e-02
5.290712118148803711e-01 3.923165425658226013e-02
5.200874805450439453e-01 3.966637328267097473e-02
5.111263394355773926e-01 4.008760303258895874e-02
5.022069811820983887e-01 4.049401357769966125e-02
4.932971596717834473e-01 4.088627547025680542e-02
4.844323694705963135e-01 4.126166179776191711e-02
4.756461083889007568e-01 4.161809012293815613e-02
4.667843878269195557e-01 4.196146503090858459e-02
4.578166902065277100e-01 4.229287058115005493e-02
4.488051831722259521e-01 4.261006787419319153e-02
4.397650361061096191e-01 4.291144013404846191e-02
4.308591187000274658e-01 4.319138452410697937e-02
4.220609962940216064e-01 4.345019906759262085e-02
4.133711457252502441e-01 4.368802905082702637e-02
4.047831296920776367e-01 4.390419647097587585e-02
3.963676691055297852e-01 4.409850016236305237e-02
3.880587220191955566e-01 4.427383840084075928e-02
3.798737525939941406e-01 4.442983120679855347e-02
3.717992305755615234e-01 4.456607624888420105e-02
3.637261688709259033e-01 4.468366131186485291e-02
3.557284176349639893e-01 4.478168115019798279e-02
3.476324081420898438e-01 4.486135020852088928e-02
3.394252955913543701e-01 4.492255300283432007e-02
3.310238420963287354e-01 4.496360570192337036e-02
3.226616382598876953e-01 4.498440027236938477e-02
3.143864274024963379e-01 4.498531669378280640e-02
3.062449097633361816e-01 4.496609047055244446e-02
2.981059551239013672e-01 4.492266103625297546e-02
2.898958027362823486e-01 4.485389590263366699e-02
2.815315723419189453e-01 4.475365206599235535e-02
2.728376686573028564e-01 4.462044313549995422e-02
2.637597620487213135e-01 4.444919899106025696e-02
2.542984187602996826e-01 4.423914477229118347e-02
2.447530180215835571e-01 4.399039223790168762e-02
2.353048175573348999e-01 4.370706528425216675e-02
2.260879278182983398e-01 4.339047521352767944e-02
2.171702086925506592e-01 4.304604604840278625e-02
2.087465822696685791e-01 4.268473386764526367e-02
2.007693499326705933e-01 4.230940714478492737e-02
1.931572854518890381e-01 4.191718623042106628e-02
1.856305599212646484e-01 4.149068519473075867e-02
1.780446618795394897e-01 4.102054610848426819e-02
1.702421605587005615e-01 4.049355536699295044e-02
1.620925664901733398e-01 3.989473357796669006e-02
1.534745544195175171e-01 3.920716047286987305e-02
1.445918232202529907e-01 3.844166547060012817e-02
1.357998698949813843e-01 3.762869164347648621e-02
1.272926777601242065e-01 3.678633272647857666e-02
1.190918758511543274e-01 3.591042384505271912e-02
1.110366508364677429e-01 3.497321158647537231e-02
1.030164882540702820e-01 3.394115343689918518e-02
9.485055506229400635e-02 3.278123214840888977e-02
8.635441958904266357e-02 3.145946189761161804e-02
7.745999842882156372e-02 2.995533682405948639e-02
6.837196648120880127e-02 2.825604192912578583e-02
5.972337722778320312e-02 2.653505466878414154e-02
5.179966241121292114e-02 2.484028413891792297e-02
4.467489570379257202e-02 2.317487262189388275e-02
3.823537006974220276e-02 2.146837860345840454e-02
3.233148530125617981e-02 1.968369074165821075e-02
2.680796943604946136e-02 1.776117272675037384e-02
2.149650268256664276e-02 1.565206609666347504e-02
1.631961949169635773e-02 1.331657916307449341e-02
1.138701383024454117e-02 1.079667918384075165e-02
7.368806283921003342e-03 8.422449231147766113e-03
4.299380350857973099e-03 6.247487384825944901e-03
2.181104850023984909e-03 4.345900379121303558e-03
8.601985173299908638e-04 2.729302272200584412e-03
1.981079985853284597e-04 1.460971077904105186e-03
-1.378020715492311865e-05 4.702673759311437607e-04
2.304476583958603442e-05 -3.365189186297357082e-04
1.324314507655799389e-04 -1.080760383047163486e-03
2.773488813545554876e-04 -1.806707237847149372e-03
6.375094526447355747e-04 -2.481567673385143280e-03
1.113385194912552834e-03 -3.185130655765533447e-03
1.563389319926500320e-03 -3.877411130815744400e-03
1.967229181900620461e-03 -4.558594897389411926e-03
2.502472139894962311e-03 -5.232690833508968353e-03
3.422926645725965500e-03 -5.977335385978221893e-03
4.953684750944375992e-03 -6.841350812464952469e-03
7.294816896319389343e-03 -7.864158600568771362e-03
1.065074838697910309e-02 -9.053697809576988220e-03
1.511411555111408234e-02 -1.039500068873167038e-02
2.053288929164409637e-02 -1.178674679249525070e-02
2.641693316400051117e-02 -1.306616701185703278e-02
3.258475288748741150e-02 -1.417517382651567459e-02
3.898855298757553101e-02 -1.510612573474645615e-02
4.565677419304847717e-02 -1.587569154798984528e-02
5.249364674091339111e-02 -1.650145277380943298e-02
5.949885398149490356e-02 -1.701993681490421295e-02
6.665161997079849243e-02 -1.747539080679416656e-02
7.387342303991317749e-02 -1.789153367280960083e-02
8.106765896081924438e-02 -1.825409382581710815e-02
8.817169070243835449e-02 -1.853851601481437683e-02
9.516798704862594604e-02 -1.876747421920299530e-02
1.021639034152030945e-01 -1.895626075565814972e-02
1.094031557440757751e-01 -1.911373250186443329e-02
1.170004904270172119e-01 -1.923862844705581665e-02
1.250199675559997559e-01 -1.933449879288673401e-02
1.334546059370040894e-01 -1.939938776195049286e-02
1.421248167753219604e-01 -1.943440549075603485e-02
1.511013358831405640e-01 -1.943852752447128296e-02
1.604206562042236328e-01 -1.941054686903953552e-02
1.697965562343597412e-01 -1.935088820755481720e-02
1.791395694017410278e-01 -1.926332153379917145e-02
1.887036859989166260e-01 -1.914557069540023804e-02
1.981927156448364258e-01 -1.900805719196796417e-02
2.075729072093963623e-01 -1.885262690484523773e-02
2.169822007417678833e-01 -1.867616735398769379e-02
2.264031022787094116e-01 -1.847933046519756317e-02
2.362383306026458740e-01 -1.825430057942867279e-02
2.467109709978103638e-01 -1.799498870968818665e-02
2.575662136077880859e-01 -1.770759932696819305e-02
2.684447765350341797e-01 -1.740610785782337189e-02
2.793162763118743896e-01 -1.709343492984771729e-02
2.893806695938110352e-01 -1.679330877959728241e-02
2.986832261085510254e-01 -1.650523766875267029e-02
3.073666095733642578e-01 -1.622617430984973907e-02
3.156045973300933838e-01 -1.595095358788967133e-02
3.236900866031646729e-01 -1.567426882684230804e-02
3.318576514720916748e-01 -1.539009250700473785e-02
3.399622142314910889e-01 -1.510403398424386978e-02
3.479467928409576416e-01 -1.481774076819419861e-02
3.560024797916412354e-01 -1.452487148344516754e-02
3.640099763870239258e-01 -1.422762032598257065e-02
3.721819221973419189e-01 -1.391960028558969498e-02
3.806248605251312256e-01 -1.359703391790390015e-02
3.893482983112335205e-01 -1.325992215424776077e-02
3.982369899749755859e-01 -1.291252393275499344e-02
4.072498679161071777e-01 -1.255648396909236908e-02
4.162592291831970215e-01 -1.219625305384397507e-02
4.252603054046630859e-01 -1.183228008449077606e-02
4.343278706073760986e-01 -1.146185956895351410e-02
4.432894587516784668e-01 -1.109280250966548920e-02
4.520428478717803955e-01 -1.072956435382366180e-02
4.606453180313110352e-01 -1.036997325718402863e-02
4.691592454910278320e-01 -1.001129951328039169e-02
4.775859117507934570e-01 -9.653742425143718719e-03
4.860600829124450684e-01 -9.291736409068107605e-03
4.947035312652587891e-01 -8.920298889279365540e-03
5.036740303039550781e-01 -8.532635867595672607e-03
5.129383802413940430e-01 -8.130350150167942047e-03
5.222298502922058105e-01 -7.724921684712171555e-03
5.315189957618713379e-01 -7.317715790122747421e-03
5.408486723899841309e-01 -6.906989030539989471e-03
5.501004457473754883e-01 -6.498209200799465179e-03
5.591316223144531250e-01 -6.097814999520778656e-03
5.680158138275146484e-01 -5.702837835997343063e-03
5.768839120864868164e-01 -5.307710729539394379e-03
5.859289765357971191e-01 -4.904103465378284454e-03
5.950704216957092285e-01 -4.495854023844003677e-03
6.042388677597045898e-01 -4.086236003786325455e-03
6.133771538734436035e-01 -3.678138833492994308e-03
6.223517060279846191e-01 -3.277674783021211624e-03
6.309225559234619141e-01 -2.895842306315898895e-03
6.390596628189086914e-01 -2.534317784011363983e-03
6.469227075576782227e-01 -2.186382422223687172e-03
6.547090411186218262e-01 -1.843566074967384338e-03
6.625801324844360352e-01 -1.499013858847320080e-03
6.705997586250305176e-01 -1.150334021076560020e-03
6.787529587745666504e-01 -7.984768599271774292e-04
6.869200468063354492e-01 -4.489666316658258438e-04
6.949020028114318848e-01 -1.105976698454469442e-04
7.026990652084350586e-01 2.157182316295802593e-04
7.103531360626220703e-01 5.313311121426522732e-04
7.179524898529052734e-01 8.394707110710442066e-04
7.255051732063293457e-01 1.140381675213575363e-03
7.330532073974609375e-01 1.435389742255210876e-03
7.406511306762695312e-01 1.726175774820148945e-03
7.482610940933227539e-01 2.010430442169308662e-03
7.558167576789855957e-01 2.285301685333251953e-03
7.633352875709533691e-01 2.549777971580624580e-03
7.710326910018920898e-01 2.810142934322357178e-03
7.789310216903686523e-01 3.066094825044274330e-03
7.870794534683227539e-01 3.317856928333640099e-03
7.955055236816406250e-01 3.562748199328780174e-03
8.042828440666198730e-01 3.799108555540442467e-03
8.133391737937927246e-01 4.023395478725433350e-03
8.225814104080200195e-01 4.229700658470392227e-03
8.318364024162292480e-01 4.411773756146430969e-03
8.410698175430297852e-01 4.567025694996118546e-03
8.502079248428344727e-01 4.693703725934028625e-03
8.591125607490539551e-01 4.787429235875606537e-03
8.678159713745117188e-01 4.845370072871446609e-03
8.764229416847229004e-01 4.866651259362697601e-03
8.849702477455139160e-01 4.852396436035633087e-03
8.934044837951660156e-01 4.800528287887573242e-03
9.017742276191711426e-01 4.708949942141771317e-03
9.099571704864501953e-01 4.580681212246417999e-03
9.179711341857910156e-01 4.415160045027732849e-03
9.258193969726562500e-01 4.207670222967863083e-03
9.339296221733093262e-01 3.935922402888536453e-03
9.415559172630310059e-01 3.646577475592494011e-03
9.489359855651855469e-01 3.333968343213200569e-03
9.562197923660278320e-01 2.990593900904059410e-03
9.635455608367919922e-01 2.604869194328784943e-03
9.671407341957092285e-01 2.400139113888144493e-03
9.744833707809448242e-01 1.940879155881702900e-03
9.821739196777343750e-01 1.400157576426863670e-03
9.903862476348876953e-01 7.598997908644378185e-04
9.992942214012145996e-01 2.031412350333994254e-06
