airfoil003F
1.000000000000000000e+00 5.239870286727862144e-04
9.925099005875056557e-01 2.337971202896003270e-03
9.849516880176444333e-01 4.021310251647405333e-03
9.773241741787379588e-01 5.580773954578855008e-03
9.696263872828925212e-01 7.023271600758562890e-03
9.618575651294853923e-01 8.355897893268090723e-03
9.540171440854977591e-01 9.585976144293149870e-03
9.461047442483203618e-01 1.072109860564500299e-02
9.381201513907050371e-01 1.176916393341121726e-02
9.300632963804121855e-01 1.273841194510377806e-02
9.219342328221759031e-01 1.363745598214914471e-02
9.137331136944890631e-01 1.447531333086030970e-02
9.054601677584876995e-01 1.526143427459002340e-02
8.971156765119138177e-01 1.600573044423945351e-02
8.886999524586807198e-01 1.671860320093564167e-02
8.802131840107138006e-01 1.741098372427533902e-02
8.716567275452575814e-01 1.809425064471963107e-02
8.630742669079926044e-01 1.877384941119086478e-02
8.544908815386315082e-01 1.944921223397687998e-02
8.459065104196089591e-01 2.012060046225329357e-02
8.373210916426150341e-01 2.078827576509820196e-02
8.287345860692553190e-01 2.145249830705147145e-02
8.201469398314249482e-01 2.211352967286282431e-02
8.115580859958317905e-01 2.277163271179881432e-02
8.029679748744644741e-01 2.342706921023698236e-02
7.943765617393576672e-01 2.408010085232679259e-02
7.857837929534955412e-01 2.473099027445910952e-02
7.771895946629739926e-01 2.538000190633897882e-02
7.685939314146189583e-01 2.602739754324345789e-02
7.599967518628097940e-01 2.667344045841027467e-02
7.513979968604642679e-01 2.731839478176958588e-02
7.427976018530216828e-01 2.796252531689761775e-02
7.341956199590043974e-01 2.860608774619139219e-02
7.255940929841311338e-01 2.924903228261991478e-02
7.169941668887283015e-01 2.989100903480121016e-02
7.083958217097351406e-01 3.053170322877883994e-02
6.997990346060705136e-01 3.117080070368560829e-02
6.912037929476031461e-01 3.180798693632948954e-02
6.826101106224110593e-01 3.244294584757664857e-02
6.740179491209771223e-01 3.307536563799495788e-02
6.654272952888691250e-01 3.370493302373335498e-02
6.568381440855551867e-01 3.433133452788635770e-02
6.482504948874450168e-01 3.495425676366919338e-02
6.396643158888779546e-01 3.557338900527819148e-02
6.310795946950218394e-01 3.618841950393293649e-02
6.224963330180474097e-01 3.679903590657741114e-02
6.139145167187000096e-01 3.740492740120867493e-02
6.053341211106589848e-01 3.800578430449996076e-02
5.967551339054569803e-01 3.860129644187234449e-02
5.881775621017623079e-01 3.919115271221269847e-02
5.796013809089775037e-01 3.977504461433258726e-02
5.710265712856197329e-01 4.035266362122144623e-02
5.624531210211634047e-01 4.092370112551096950e-02
5.538810409339970375e-01 4.148784740469153159e-02
5.453102984261369857e-01 4.204479600751060558e-02
5.367408786279971311e-01 4.259423967661229299e-02
5.281727693722120254e-01 4.313587136498885782e-02
5.196059838276066989e-01 4.366938284861210384e-02
5.110404844163914939e-01 4.419446947758913502e-02
5.024762589677627123e-01 4.471082537164967202e-02
4.939132965648250218e-01 4.521814496358544933e-02
4.853516075090210657e-01 4.571612185533617534e-02
4.767911558011894702e-01 4.620445275138623104e-02
4.682319292468090643e-01 4.668283331784822687e-02
4.596742981488107227e-01 4.715093243206375240e-02
4.511226537729576824e-01 4.760781595267330607e-02
4.425783061561799347e-01 4.805212323490840043e-02
4.340412226712562216e-01 4.848252230066965596e-02
4.255113709221636231e-01 4.889768857645627326e-02
4.169888045400206300e-01 4.929630092060971469e-02
4.084734183521133710e-01 4.967705317680154442e-02
3.999651653065239287e-01 5.003864347265262608e-02
3.914640129267213942e-01 5.037977646302446016e-02
3.829699605182758648e-01 5.069916282470351282e-02
3.744830024434094295e-01 5.099552087817358498e-02
3.660030433897172863e-01 5.126757911055520450e-02
3.575300488396103704e-01 5.151407064861323465e-02
3.490639834166658906e-01 5.173373559289937140e-02
3.406048472325549081e-01 5.192532019084011158e-02
3.321526125672504270e-01 5.208757851341170447e-02
3.237071432619599842e-01 5.221927382357330338e-02
3.152679164144615021e-01 5.231922926185945955e-02
3.068349271916804843e-01 5.238634334580884871e-02
2.984083811690653176e-01 5.241952391887338275e-02
2.899885477870152162e-01 5.241768447020868360e-02
2.815755610077452231e-01 5.237974419516067820e-02
2.731696208955633476e-01 5.230462730034900892e-02
2.647709255768871950e-01 5.219126336852933368e-02
2.563796710691972902e-01 5.203858731175790148e-02
2.479960511069484730e-01 5.184553931748384081e-02
2.396203133627854420e-01 5.161106650844191068e-02
2.312525918098507216e-01 5.133411835358572123e-02
2.228930690830201455e-01 5.101365038359594734e-02
2.145419279412860980e-01 5.064862318371520650e-02
2.061993479519660388e-01 5.023800221554790280e-02
1.978655053056630753e-01 4.978075770805492212e-02
1.895425231255891130e-01 4.927595649411185830e-02
1.812543269965125325e-01 4.872216420367396494e-02
1.730093351419115522e-01 4.811412533195723318e-02
1.648083081134911754e-01 4.744601826946114043e-02
1.566519805692832557e-01 4.671218931851840728e-02
1.485410408922145375e-01 4.590714522639151307e-02
1.404761219592511046e-01 4.502554586042767371e-02
1.324577919686215077e-01 4.406219615580611593e-02
1.244867112640572065e-01 4.301205785247563113e-02
1.165657739331544956e-01 4.187040461352010273e-02
1.086977034971977757e-01 4.063242554463760564e-02
1.008845359812935855e-01 3.929335897996547727e-02
9.312818277194925831e-02 3.784858046435418677e-02
8.543041939816975461e-02 3.629359090565109636e-02
7.779305094746642724e-02 3.462404288694582999e-02
7.021752330929552366e-02 3.283564788597655160e-02
6.271616295102407090e-02 3.092693727755909880e-02
5.540002084212531513e-02 2.891506865393427689e-02
4.830845673259692025e-02 2.678976258164212851e-02
4.144645889678939821e-02 2.453455457494108788e-02
3.480954100449804023e-02 2.213284932236584887e-02
2.839933433417854078e-02 1.957244011866802330e-02
2.220895582704992058e-02 1.683960491562357456e-02
1.623597860891918404e-02 1.392355180681978562e-02
1.081151905605787916e-02 1.099623289069133480e-02
7.248241272150521622e-03 8.756272814155060050e-03
4.690785798670089532e-03 6.764010626718639646e-03
2.717669496323088345e-03 4.825754420506122785e-03
1.350781598647471122e-03 3.142883163479041030e-03
5.623061781065373781e-04 1.913619631426542213e-03
2.628650315662828837e-04 1.265670378715113079e-03
6.656418392439620235e-05 6.040739434883309750e-04
0.000000000000000000e+00 0.000000000000000000e+00
2.755840887425475879e-05 -4.828126952256519481e-04
1.245981096962337474e-04 -9.532543535820457541e-04
2.885078681155365632e-04 -1.400786695671119020e-03
5.554367336697007022e-04 -1.874330952228790400e-03
9.551269560294094359e-04 -2.364150174298054480e-03
1.437667183112804328e-03 -2.802254170160387633e-03
2.360449285953343610e-03 -3.426435074776260081e-03
4.067915459493613370e-03 -4.282536068675592104e-03
7.246346762882357843e-03 -5.516515264447283129e-03
1.092805218787315166e-02 -6.530584422074141998e-03
1.529496805880614131e-02 -7.311406725741735266e-03
2.100809696229553533e-02 -7.912593317006272678e-03
2.780138220306532099e-02 -8.336003259858230235e-03
3.500286548960953453e-02 -8.551701049157490672e-03
4.268560329887281790e-02 -8.599551822473719756e-03
5.092309300494025914e-02 -8.541146695245220230e-03
5.937320032418943322e-02 -8.441499198471827392e-03
6.783208428837199377e-02 -8.312046351681128681e-03
7.629979908162094759e-02 -8.154325404954077677e-03
8.477635955813342394e-02 -7.969885072335210208e-03
9.326182566044527444e-02 -7.760283976640787972e-03
1.017562563081576277e-01 -7.527091390785480007e-03
1.102597882987025185e-01 -7.271884886184075067e-03
1.187724422650157097e-01 -6.996256046320753832e-03
1.272942363382850439e-01 -6.701807877960503507e-03
1.358252274061419740e-01 -6.390153313097901751e-03
1.443655058009694903e-01 -6.062915108228231383e-03
1.529151929160450785e-01 -5.721725785360827141e-03
1.614742508897158701e-01 -5.368235570259024744e-03
1.700427373182548940e-01 -5.004102527525172706e-03
1.786207406587473345e-01 -4.630994875208879584e-03
1.872080855260145338e-01 -4.250601203363299843e-03
1.957993940955794210e-01 -3.864431359247322631e-03
2.043922338490012924e-01 -3.473009793777398404e-03
2.129866337080754402e-01 -3.076647314809972857e-03
2.215826170015205987e-01 -2.675655367290368132e-03
2.301801861276236150e-01 -2.270346777812366074e-03
2.387793592871509385e-01 -1.861034046699709980e-03
2.473801722038761197e-01 -1.448029228195484410e-03
2.559826351116923360e-01 -1.031645988812310549e-03
2.645867568326858987e-01 -6.121984786179927819e-04
2.731925556220256013e-01 -1.900007974326188087e-04
2.818000754978464695e-01 2.346338276297471397e-04
2.904093106766935106e-01 6.613893158980675441e-04
2.990202778929538230e-01 1.089950283485932765e-03
3.076330032225793043e-01 1.520001408945566637e-03
3.162475172199966655e-01 1.951227194549427389e-03
3.248638183919537181e-01 2.383310131518252481e-03
3.334819251230412007e-01 2.815933296820933782e-03
3.421012008143729521e-01 3.248746474866350941e-03
3.507189849044674568e-01 3.681297607335522193e-03
3.593349612586945185e-01 4.113252639117338447e-03
3.679491469816608129e-01 4.544294654199971910e-03
3.765615353907288965e-01 4.974105957271544518e-03
3.851721712429259648e-01 5.402371830133634138e-03
3.937810728582122333e-01 5.828776634212594690e-03
4.023882480128216921e-01 6.253004615950489772e-03
4.109937088415015483e-01 6.674740649928823620e-03
4.195974903863990968e-01 7.093671134787445272e-03
4.281996108977325077e-01 7.509482040756486343e-03
4.368000703117747019e-01 7.921858864444856346e-03
4.453988966377249170e-01 8.330488862826373325e-03
4.539961166961185568e-01 8.735059621797991447e-03
4.625917173766054269e-01 9.135256854295205342e-03
4.711849216704908083e-01 9.530672628840778510e-03
4.797754396731248039e-01 9.920802772194281874e-03
4.883632863960633563e-01 1.030514369434168583e-02
4.969484691611796845e-01 1.068319249734857833e-02
5.055309670185169635e-01 1.105444612009163878e-02
5.141108293358334080e-01 1.141840559983148089e-02
5.226880678868384145e-01 1.177457133314571171e-02
5.312626860392605233e-01 1.212244440588376888e-02
5.398346714519960399e-01 1.246152634940107112e-02
5.484040686053213154e-01 1.279132198046630496e-02
5.569708892524104504e-01 1.311133579064315338e-02
5.655351366945343683e-01 1.342107298691543223e-02
5.740967997718976479e-01 1.372003933707119198e-02
5.826559219819160695e-01 1.400774354539862862e-02
5.912125151907327014e-01 1.428369416048613089e-02
5.997667573099424443e-01 1.454740767919620800e-02
6.083227670312463253e-01 1.479882982926855606e-02
6.168824064854375733e-01 1.503848564243390543e-02
6.254456651205444473e-01 1.526692589010580914e-02
6.340125342978897294e-01 1.548470265594786323e-02
6.425830444642135486e-01 1.569237020774085292e-02
6.511571417516035520e-01 1.589048200428696406e-02
6.597348151535481486e-01 1.607959389784347284e-02
6.683121725392002777e-01 1.626013396866917565e-02
6.767970431403227405e-01 1.642377814857585647e-02
6.851546278729222506e-01 1.655017095643088881e-02
6.933900566103656793e-01 1.661986628908681402e-02
7.015116811885558912e-01 1.661509424263455173e-02
7.096519368513876103e-01 1.652608328061528145e-02
7.178998677904844250e-01 1.636422813591872916e-02
7.262597296874975239e-01 1.614596670438435064e-02
7.347356843540202576e-01 1.588917686375952015e-02
7.432705032058398720e-01 1.561167303088208808e-02
7.518042132372749764e-01 1.531849258009658488e-02
7.603366232035052574e-01 1.500952359113848743e-02
7.688676961810174681e-01 1.468464932965398047e-02
7.773973909384335190e-01 1.434375329996780829e-02
7.859256701856147664e-01 1.398671893312529793e-02
7.944525019161419177e-01 1.361342948981163897e-02
8.029778493666182015e-01 1.322376847814099067e-02
8.115016745665667441e-01 1.281761952691940279e-02
8.200239342439346046e-01 1.239486660483332670e-02
8.285445996164767513e-01 1.195539303288790239e-02
8.370636340944638265e-01 1.149908255770814257e-02
8.455810011334650156e-01 1.102581898474442983e-02
8.540966572738614149e-01 1.053548658583533353e-02
8.626105709609960259e-01 1.002796902877024256e-02
8.711227078710254146e-01 9.503150176146824696e-03
8.796330316504550328e-01 8.960914065564640901e-03
8.881415026420383940e-01 8.401145015771540811e-03
8.966480823334209704e-01 7.823727354832350073e-03
9.051527401531270778e-01 7.228544925919276956e-03
9.136554399526566339e-01 6.615481992443394271e-03
9.221561456366409448e-01 5.984422873094616228e-03
9.306548127396512271e-01 5.335252593923486310e-03
9.391514132458703701e-01 4.667855002831919863e-03
9.476459117011858391e-01 3.982114545723016395e-03
9.561382722329349049e-01 3.277915757498316412e-03
9.646284547128499698e-01 2.555143597671871367e-03
9.731164232096408684e-01 1.813682750176225230e-03
9.816021465407727131e-01 1.053417526942810418e-03
9.900855890705219098e-01 2.742326699464501085e-04
9.985667152242257982e-01 -5.239870286727883828e-04
