9.999823570251464844e-01 3.832362999673932791e-04
9.944484233856201172e-01 1.819752156734466553e-03
9.867604970932006836e-01 3.335968591272830963e-03
9.774962067604064941e-01 4.874933511018753052e-03
9.672330617904663086e-01 6.379695143550634384e-03
9.516696333885192871e-01 8.390042930841445923e-03
9.418668746948242188e-01 9.505135938525199890e-03
9.327175617218017578e-01 1.044020708650350571e-02
9.241594076156616211e-01 1.121656224131584167e-02
9.161100387573242188e-01 1.185896806418895721e-02
9.073666334152221680e-01 1.252944674342870712e-02
8.983393907546997070e-01 1.318937260657548904e-02
8.889498710632324219e-01 1.385067496448755264e-02
8.793094158172607422e-01 1.450552046298980713e-02
8.694635033607482910e-01 1.515328977257013321e-02
8.596371412277221680e-01 1.578320376574993134e-02
8.499392271041870117e-01 1.639240793883800507e-02
8.402411937713623047e-01 1.699350774288177490e-02
8.305408358573913574e-01 1.758781075477600098e-02
8.208658099174499512e-01 1.817578636109828949e-02
8.112547397613525391e-01 1.875547505915164948e-02
8.017073869705200195e-01 1.932885870337486267e-02
7.923312783241271973e-01 1.989034563302993774e-02
7.832002043724060059e-01 2.043637074530124664e-02
7.745379209518432617e-01 2.095377631485462189e-02
7.662612795829772949e-01 2.144792117178440094e-02
7.581994533538818359e-01 2.192943170666694641e-02
7.502406239509582520e-01 2.240515314042568207e-02
7.423135638236999512e-01 2.287949807941913605e-02
7.342787981033325195e-01 2.336101792752742767e-02
7.262583971023559570e-01 2.384239062666893005e-02
7.183290123939514160e-01 2.431904338300228119e-02
7.105107903480529785e-01 2.478982135653495789e-02
7.028096318244934082e-01 2.525445818901062012e-02
6.951354146003723145e-01 2.571834996342658997e-02
6.874678134918212891e-01 2.618266828358173370e-02
6.797434091567993164e-01 2.665119431912899017e-02
6.718475222587585449e-01 2.713083662092685699e-02
6.636940836906433105e-01 2.762675285339355469e-02
6.554823517799377441e-01 2.812673151493072510e-02
6.471700668334960938e-01 2.863315865397453308e-02
6.387047171592712402e-01 2.914903312921524048e-02
6.300486922264099121e-01 2.967640943825244904e-02
6.213660240173339844e-01 3.020508028566837311e-02
6.127195358276367188e-01 3.073083609342575073e-02
6.041421890258789062e-01 3.125133737921714783e-02
5.956341624259948730e-01 3.176629915833473206e-02
5.872490406036376953e-01 3.227214887738227844e-02
5.789794325828552246e-01 3.276868537068367004e-02
5.706669688224792480e-01 3.326494619250297546e-02
5.622175931930541992e-01 3.376593813300132751e-02
5.536070466041564941e-01 3.427266329526901245e-02
5.449586510658264160e-01 3.477741777896881104e-02
5.362039804458618164e-01 3.528356179594993591e-02
5.273423790931701660e-01 3.578967601060867310e-02
5.184178948402404785e-01 3.629207611083984375e-02
5.094707608222961426e-01 3.678749501705169678e-02
5.005156993865966797e-01 3.727554902434349060e-02
4.915716946125030518e-01 3.775468096137046814e-02
4.826030433177947998e-01 3.822526708245277405e-02
4.736611247062683105e-01 3.868335112929344177e-02
4.648237228393554688e-01 3.912438824772834778e-02
4.559678137302398682e-01 3.955367952585220337e-02
4.469492435455322266e-01 3.997671231627464294e-02
4.377369880676269531e-01 4.039353132247924805e-02
4.283334612846374512e-01 4.080218076705932617e-02
4.189285635948181152e-01 4.119398817420005798e-02
4.095248281955718994e-01 4.156710207462310791e-02
4.001971483230590820e-01 4.191919043660163879e-02
3.911018371582031250e-01 4.224358126521110535e-02
3.823949098587036133e-01 4.253508150577545166e-02
3.740073144435882568e-01 4.279680922627449036e-02
3.658431470394134521e-01 4.303306713700294495e-02
3.578291833400726318e-01 4.324596002697944641e-02
3.498965501785278320e-01 4.343797266483306885e-02
3.420425951480865479e-01 4.360794648528099060e-02
3.341230452060699463e-01 4.376035928726196289e-02
3.262374401092529297e-01 4.389364272356033325e-02
3.183979988098144531e-01 4.400639608502388000e-02
3.106428980827331543e-01 4.409633204340934753e-02
3.029357492923736572e-01 4.416438937187194824e-02
2.952582836151123047e-01 4.421020671725273132e-02
2.875173687934875488e-01 4.423240944743156433e-02
2.796568870544433594e-01 4.422930628061294556e-02
2.715700268745422363e-01 4.419786855578422546e-02
2.632368206977844238e-01 4.413596913218498230e-02
2.547198235988616943e-01 4.403912648558616638e-02
2.460785955190658569e-01 4.390833154320716858e-02
2.373670190572738647e-01 4.374022781848907471e-02
2.287666797637939453e-01 4.353830963373184204e-02
2.203532904386520386e-01 4.330163449048995972e-02
2.122448682785034180e-01 4.303781315684318542e-02
2.045342177152633667e-01 4.275365918874740601e-02
1.971986740827560425e-01 4.245421662926673889e-02
1.900787204504013062e-01 4.212878644466400146e-02
1.829449236392974854e-01 4.176389425992965698e-02
1.755599528551101685e-01 4.133805260062217712e-02
1.676326990127563477e-01 4.082795232534408569e-02
1.591225266456604004e-01 4.022173210978507996e-02
1.499931514263153076e-01 3.950889036059379578e-02
1.405441313982009888e-01 3.869759291410446167e-02
1.312990635633468628e-01 3.784696757793426514e-02
1.225148290395736694e-01 3.697150945663452148e-02
1.141801849007606506e-01 3.606574982404708862e-02
1.061574146151542664e-01 3.509665653109550476e-02
9.811775386333465576e-02 3.400534018874168396e-02
8.972048759460449219e-02 3.271966427564620972e-02
8.082379400730133057e-02 3.120714239776134491e-02
7.142625749111175537e-02 2.945988811552524567e-02
6.182862818241119385e-02 2.749281190335750580e-02
5.290801078081130981e-02 2.553253993391990662e-02
4.490154981613159180e-02 2.362630330026149750e-02
3.797269612550735474e-02 2.180723845958709717e-02
3.199388831853866577e-02 1.999589800834655762e-02
2.669447846710681915e-02 1.813806965947151184e-02
2.173854969441890717e-02 1.610880531370639801e-02
1.698001846671104431e-02 1.384540926665067673e-02
1.236489415168762207e-02 1.130233705043792725e-02
8.050651289522647858e-03 8.535589091479778290e-03
4.655144643038511276e-03 5.864740349352359772e-03
2.170460065826773643e-03 3.375917905941605568e-03
6.448635831475257874e-04 1.189535018056631088e-03
-9.425455937162041664e-05 -6.563591305166482925e-04
-2.367438864894211292e-04 -2.066209679469466209e-03
-6.132956332294270396e-05 -3.112990874797105789e-03
2.761291107162833214e-04 -3.894291585311293602e-03
6.486918427981436253e-04 -4.554487299174070358e-03
1.037764945067465305e-03 -5.171078257262706757e-03
1.571443281136453152e-03 -5.754122976213693619e-03
2.189492341130971909e-03 -6.380437407642602921e-03
2.875551814213395119e-03 -7.050542626529932022e-03
3.600359195843338966e-03 -7.749485317617654800e-03
4.382093437016010284e-03 -8.436886593699455261e-03
5.400254391133785248e-03 -9.157094173133373260e-03
6.746817845851182938e-03 -9.944208897650241852e-03
8.591123856604099274e-03 -1.084428839385509491e-02
1.121804118156433105e-02 -1.188488584011793137e-02
1.486283540725708008e-02 -1.307875383645296097e-02
1.967406831681728363e-02 -1.437725592404603958e-02
2.566160447895526886e-02 -1.569443754851818085e-02
3.263518214225769043e-02 -1.693850569427013397e-02
4.035089537501335144e-02 -1.804254576563835144e-02
4.866924509406089783e-02 -1.897744275629520416e-02
5.706364288926124573e-02 -1.970183104276657104e-02
6.517621874809265137e-02 -2.022479660809040070e-02
7.285550981760025024e-02 -2.058414928615093231e-02
7.995414733886718750e-02 -2.082083933055400848e-02
8.664871752262115479e-02 -2.096213772892951965e-02
9.310710430145263672e-02 -2.102805860340595245e-02
9.947621077299118042e-02 -2.103316597640514374e-02
1.059886440634727478e-01 -2.099264226853847504e-02
1.129429787397384644e-01 -2.091401256620883942e-02
1.202679574489593506e-01 -2.078422717750072479e-02
1.279247105121612549e-01 -2.060526050627231598e-02
1.358955204486846924e-01 -2.037538774311542511e-02
1.439934223890304565e-01 -2.009854651987552643e-02
1.523436903953552246e-01 -1.977200619876384735e-02
1.608486771583557129e-01 -1.939982548356056213e-02
1.694047898054122925e-01 -1.898807846009731293e-02
1.778454184532165527e-01 -1.855235733091831207e-02
1.863374710083007812e-01 -1.808628253638744354e-02
1.947263181209564209e-01 -1.760200969874858856e-02
2.030783742666244507e-01 -1.709667779505252838e-02
2.115688621997833252e-01 -1.656086742877960205e-02
2.202993333339691162e-01 -1.598923653364181519e-02
2.295565605163574219e-01 -1.536579616367816925e-02
2.393529266119003296e-01 -1.468949113041162491e-02
2.493724822998046875e-01 -1.398515515029430389e-02
2.591767311096191406e-01 -1.328595820814371109e-02
2.687800526618957520e-01 -1.259329169988632202e-02
2.778336703777313232e-01 -1.193334255367517471e-02
2.863590717315673828e-01 -1.130737364292144775e-02
2.945526838302612305e-01 -1.070305146276950836e-02
3.027187287807464600e-01 -1.009938586503267288e-02
3.110598325729370117e-01 -9.483844041824340820e-03
3.196483850479125977e-01 -8.852185681462287903e-03
3.282805979251861572e-01 -8.220288902521133423e-03
3.367547094821929932e-01 -7.603331003338098526e-03
3.451552689075469971e-01 -6.996480282396078110e-03
3.534057438373565674e-01 -6.406362634152173996e-03
3.615584969520568848e-01 -5.830164998769760132e-03
3.697223961353302002e-01 -5.260381847620010376e-03
3.780578374862670898e-01 -4.686759319156408310e-03
3.864848911762237549e-01 -4.115297924727201462e-03
3.950452804565429688e-01 -3.544297767803072929e-03
4.036564826965332031e-01 -2.980138408020138741e-03
4.121925234794616699e-01 -2.432061592116951942e-03
4.207305014133453369e-01 -1.895476831123232841e-03
4.292598962783813477e-01 -1.371093210764229298e-03
4.377563893795013428e-01 -8.609330980107188225e-04
4.462096393108367920e-01 -3.659534850157797337e-04
4.546688199043273926e-01 1.168167073046788573e-04
4.630533158779144287e-01 5.824653198942542076e-04
4.714314639568328857e-01 1.035096822306513786e-03
4.797344207763671875e-01 1.471223076805472374e-03
4.879928231239318848e-01 1.891508349217474461e-03
4.962148368358612061e-01 2.297497820109128952e-03
5.043507814407348633e-01 2.686872147023677826e-03
5.124289393424987793e-01 3.061059163883328438e-03
5.205276012420654297e-01 3.422929206863045692e-03
5.286028981208801270e-01 3.771793562918901443e-03
5.366211533546447754e-01 4.106309730559587479e-03
5.446791648864746094e-01 4.430180881172418594e-03
5.528424382209777832e-01 4.744523204863071442e-03
5.612329244613647461e-01 5.053832195699214935e-03
5.697796940803527832e-01 5.354747641831636429e-03
5.784608721733093262e-01 5.646028090268373489e-03
5.872582197189331055e-01 5.927173420786857605e-03
5.960394144058227539e-01 6.195361725986003876e-03
6.045538187026977539e-01 6.442653946578502655e-03
6.127520203590393066e-01 6.667893379926681519e-03
6.208233237266540527e-01 6.875314284116029739e-03
6.289137005805969238e-01 7.068800739943981171e-03
6.370760798454284668e-01 7.250671274960041046e-03
6.453343033790588379e-01 7.421512622386217117e-03
6.537660360336303711e-01 7.582904770970344543e-03
6.622385978698730469e-01 7.733331527560949326e-03
6.704429984092712402e-01 7.868282496929168701e-03
6.783640980720520020e-01 7.985525764524936676e-03
6.861046552658081055e-01 8.086127229034900665e-03
6.939167380332946777e-01 8.173640817403793335e-03
7.018452286720275879e-01 8.248872123658657074e-03
7.098957300186157227e-01 8.311928249895572662e-03
7.181767225265502930e-01 8.363257162272930145e-03
7.267307639122009277e-01 8.402470499277114868e-03
7.352415919303894043e-01 8.428331464529037476e-03
7.435933947563171387e-01 8.437739685177803040e-03
7.519853115081787109e-01 8.430347777903079987e-03
7.605251073837280273e-01 8.404647931456565857e-03
7.693141102790832520e-01 8.359775878489017487e-03
7.783442735671997070e-01 8.293499238789081573e-03
7.876178622245788574e-01 8.204864338040351868e-03
7.971793413162231445e-01 8.092681877315044403e-03
8.069133758544921875e-01 7.956630550324916840e-03
8.165274858474731445e-01 7.797844707965850830e-03
8.260893821716308594e-01 7.614314556121826172e-03
8.356687426567077637e-01 7.403779774904251099e-03
8.452914357185363770e-01 7.164178416132926941e-03
8.549838662147521973e-01 6.893300916999578476e-03
8.647326231002807617e-01 6.591468118131160736e-03
8.744385838508605957e-01 6.263350602239370346e-03
8.840852379798889160e-01 5.909690633416175842e-03
8.935515880584716797e-01 5.535053554922342300e-03
9.027573466300964355e-01 5.142786074429750443e-03
9.118223786354064941e-01 4.730835556983947754e-03
9.210008978843688965e-01 4.285504110157489777e-03
9.307380318641662598e-01 3.785951063036918640e-03
9.400964975357055664e-01 3.290635300800204277e-03
9.491825103759765625e-01 2.796863205730915070e-03
9.579910039901733398e-01 2.305210568010807037e-03
9.665179848670959473e-01 1.814824296161532402e-03
9.704749584197998047e-01 1.581071759574115276e-03
9.781117439270019531e-01 1.111441408284008503e-03
9.854423999786376953e-01 6.313819903880357742e-04
9.925429224967956543e-01 1.317792339250445366e-04
9.994895458221435547e-01 -3.964814532082527876e-04
