9.995177984237670898e-01 4.298157291486859322e-04
9.905737638473510742e-01 2.343808067962527275e-03
9.808965325355529785e-01 4.244326148182153702e-03
9.707494378089904785e-01 6.100466940551996231e-03
9.603956937789916992e-01 7.881327532231807709e-03
9.453693032264709473e-01 1.029360760003328323e-02
9.357487559318542480e-01 1.173350494354963303e-02
9.266161322593688965e-01 1.303045358508825302e-02
9.181423187255859375e-01 1.416890323162078857e-02
9.105959534645080566e-01 1.512419525533914566e-02
9.027410149574279785e-01 1.609767600893974304e-02
8.949310183525085449e-01 1.703111827373504639e-02
8.868851661682128906e-01 1.796324923634529114e-02
8.786849975585937500e-01 1.888994686305522919e-02
8.702683448791503906e-01 1.981928758323192596e-02
8.615992069244384766e-01 2.076044119894504547e-02
8.527806997299194336e-01 2.169999852776527405e-02
8.438098430633544922e-01 2.263728901743888855e-02
8.348333239555358887e-01 2.355669438838958740e-02
8.257527947425842285e-01 2.447148971259593964e-02
8.166177868843078613e-01 2.537718601524829865e-02
8.073382377624511719e-01 2.628425881266593933e-02
7.982033491134643555e-01 2.716450020670890808e-02
7.892062664031982422e-01 2.802015468478202820e-02
7.805871963500976562e-01 2.883011102676391602e-02
7.724061012268066406e-01 2.959021925926208496e-02
7.647752761840820312e-01 3.029267862439155579e-02
7.576137781143188477e-01 3.094493784010410309e-02
7.506917119026184082e-01 3.156871721148490906e-02
7.436777949333190918e-01 3.219353780150413513e-02
7.363523244857788086e-01 3.283984586596488953e-02
7.286645770072937012e-01 3.351147472858428955e-02
7.206288576126098633e-01 3.420808538794517517e-02
7.123858928680419922e-01 3.491616621613502502e-02
7.041330337524414062e-01 3.561880812048912048e-02
6.961395740509033203e-01 3.629245981574058533e-02
6.884204149246215820e-01 3.693642094731330872e-02
6.808649897575378418e-01 3.755975142121315002e-02
6.733160018920898438e-01 3.817610442638397217e-02
6.657417416572570801e-01 3.878803178668022156e-02
6.580826640129089355e-01 3.940071538090705872e-02
6.503102779388427734e-01 4.001583531498908997e-02
6.423328518867492676e-01 4.064057394862174988e-02
6.342412233352661133e-01 4.126696661114692688e-02
6.261184811592102051e-01 4.188824445009231567e-02
6.179636120796203613e-01 4.250400885939598083e-02
6.097601056098937988e-01 4.311594739556312561e-02
6.014726161956787109e-01 4.372548684477806091e-02
5.931912660598754883e-01 4.432621970772743225e-02
5.849611759185791016e-01 4.491485282778739929e-02
5.766773223876953125e-01 4.549833759665489197e-02
5.682826042175292969e-01 4.608019813895225525e-02
5.597383379936218262e-01 4.666213318705558777e-02
5.509945154190063477e-01 4.724619165062904358e-02
5.420538783073425293e-01 4.783251509070396423e-02
5.329165458679199219e-01 4.841998592019081116e-02
5.233882069587707520e-01 4.901844635605812073e-02
5.136314630508422852e-01 4.961571469902992249e-02
5.036882758140563965e-01 5.020748078823089600e-02
4.937328696250915527e-01 5.078546702861785889e-02
4.838285744190216064e-01 5.134448036551475525e-02
4.740476012229919434e-01 5.188016220927238464e-02
4.643877148628234863e-01 5.239111557602882385e-02
4.550533890724182129e-01 5.286747217178344727e-02
4.459294974803924561e-01 5.331496894359588623e-02
4.368257522583007812e-01 5.374472588300704956e-02
4.278322160243988037e-01 5.415206030011177063e-02
4.190751910209655762e-01 5.453433468937873840e-02
4.108379781246185303e-01 5.488041043281555176e-02
4.029641151428222656e-01 5.519772320985794067e-02
3.953397572040557861e-01 5.548981577157974243e-02
3.878019750118255615e-01 5.576347187161445618e-02
3.802787065505981445e-01 5.601869896054267883e-02
3.725463747978210449e-01 5.626604333519935608e-02
3.644488155841827393e-01 5.650930851697921753e-02
3.560811579227447510e-01 5.674564838409423828e-02
3.475815951824188232e-01 5.696654319763183594e-02
3.389871120452880859e-01 5.716576054692268372e-02
3.301666676998138428e-01 5.734398961067199707e-02
3.211114406585693359e-01 5.749915912747383118e-02
3.119229674339294434e-01 5.762828141450881958e-02
3.027732372283935547e-01 5.773108452558517456e-02
2.939343452453613281e-01 5.780603736639022827e-02
2.855109870433807373e-01 5.785302817821502686e-02
2.777540981769561768e-01 5.787162855267524719e-02
2.706433832645416260e-01 5.786667019128799438e-02
2.639461159706115723e-01 5.784102156758308411e-02
2.572512924671173096e-01 5.779025331139564514e-02
2.501687407493591309e-01 5.770606175065040588e-02
2.424310445785522461e-01 5.757832154631614685e-02
2.340952008962631226e-01 5.740544572472572327e-02
2.251842767000198364e-01 5.717786028981208801e-02
2.159430980682373047e-01 5.690005049109458923e-02
2.068950086832046509e-01 5.658585950732231140e-02
1.985502094030380249e-01 5.625954642891883850e-02
1.909372061491012573e-01 5.591525137424468994e-02
1.839725375175476074e-01 5.555854365229606628e-02
1.773152202367782593e-01 5.516734719276428223e-02
1.707501113414764404e-01 5.474123731255531311e-02
1.639623939990997314e-01 5.424647405743598938e-02
1.565107703208923340e-01 5.364685878157615662e-02
1.483098864555358887e-01 5.290725827217102051e-02
1.396644413471221924e-01 5.204956233501434326e-02
1.308238655328750610e-01 5.107166990637779236e-02
1.218390092253684998e-01 4.998125880956649780e-02
1.129943206906318665e-01 4.878541454672813416e-02
1.043862029910087585e-01 4.749901592731475830e-02
9.630475938320159912e-02 4.616000875830650330e-02
8.848063647747039795e-02 4.470771178603172302e-02
8.069583028554916382e-02 4.307654127478599548e-02
7.294207066297531128e-02 4.128627479076385498e-02
6.546851247549057007e-02 3.938655182719230652e-02
5.824856460094451904e-02 3.738531470298767090e-02
5.146301165223121643e-02 3.537518903613090515e-02
4.509011283516883850e-02 3.330546990036964417e-02
3.921590372920036316e-02 3.120389021933078766e-02
3.377642482519149780e-02 2.900252118706703186e-02
2.838937193155288696e-02 2.654702030122280121e-02
2.288917452096939087e-02 2.368176169693470001e-02
1.750539429485797882e-02 2.047142945230007172e-02
1.244601886719465256e-02 1.692615635693073273e-02
7.976559922099113464e-03 1.320142019540071487e-02
4.464745521545410156e-03 9.574077092111110687e-03
1.924552954733371735e-03 6.198068615049123764e-03
4.759690200444310904e-04 3.314336296170949936e-03
-8.798640192253515124e-05 1.009285449981689453e-03
-7.284856110345572233e-05 -7.235172088257968426e-04
2.875362697523087263e-04 -2.025350695475935936e-03
8.782245567999780178e-04 -2.969697583466768265e-03
1.570785185322165489e-03 -3.772572148591279984e-03
2.245996613055467606e-03 -4.477789625525474548e-03
2.873505931347608566e-03 -5.123639479279518127e-03
3.486247966066002846e-03 -5.775715690106153488e-03
4.276673309504985809e-03 -6.463431287556886673e-03
5.452853627502918243e-03 -7.221062667667865753e-03
7.164108101278543472e-03 -8.067583665251731873e-03
9.509852156043052673e-03 -9.046711958944797516e-03
1.249158289283514023e-02 -1.012771017849445343e-02
1.608377695083618164e-02 -1.129569578915834427e-02
1.996857114136219025e-02 -1.240472681820392609e-02
2.419460937380790710e-02 -1.340655330568552017e-02
2.882829681038856506e-02 -1.428955141454935074e-02
3.414756804704666138e-02 -1.508265361189842224e-02
4.049104079604148865e-02 -1.581742428243160248e-02
4.807858541607856750e-02 -1.651126332581043243e-02
5.690076202154159546e-02 -1.717442646622657776e-02
6.680873781442642212e-02 -1.779444888234138489e-02
7.750639319419860840e-02 -1.835000328719615936e-02
8.868710696697235107e-02 -1.878634281456470490e-02
1.000174134969711304e-01 -1.911572553217411041e-02
1.110854595899581909e-01 -1.934497617185115814e-02
1.217840388417243958e-01 -1.949601247906684875e-02
1.321564018726348877e-01 -1.958923041820526123e-02
1.420025527477264404e-01 -1.963833346962928772e-02
1.512639969587326050e-01 -1.965063065290451050e-02
1.599010825157165527e-01 -1.963645219802856445e-02
1.681508719921112061e-01 -1.959954760968685150e-02
1.763491332530975342e-01 -1.954389549791812897e-02
1.845538616180419922e-01 -1.946953125298023224e-02
1.929848343133926392e-01 -1.937220431864261627e-02
2.018739432096481323e-01 -1.925112120807170868e-02
2.112418711185455322e-01 -1.910746283829212189e-02
2.206191271543502808e-01 -1.894847303628921509e-02
2.299213707447052002e-01 -1.877463050186634064e-02
2.387885004281997681e-01 -1.859358698129653931e-02
2.471447139978408813e-01 -1.841002516448497772e-02
2.550126016139984131e-01 -1.822466775774955750e-02
2.624608278274536133e-01 -1.803654432296752930e-02
2.697191834449768066e-01 -1.784321293234825134e-02
2.770628035068511963e-01 -1.763842068612575531e-02
2.846157252788543701e-01 -1.741870306432247162e-02
2.924813330173492432e-01 -1.717825978994369507e-02
3.007985055446624756e-01 -1.691422238945960999e-02
3.092885911464691162e-01 -1.663448847830295563e-02
3.176666498184204102e-01 -1.634964719414710999e-02
3.258174955844879150e-01 -1.606399938464164734e-02
3.336172699928283691e-01 -1.578221470117568970e-02
3.411961197853088379e-01 -1.549802906811237335e-02
3.486886918544769287e-01 -1.520716305822134018e-02
3.562433123588562012e-01 -1.490439940243959427e-02
3.640700876712799072e-01 -1.458287891000509262e-02
3.721500337123870850e-01 -1.424361299723386765e-02
3.802498877048492432e-01 -1.389645971357822418e-02
3.881662189960479736e-01 -1.354944426566362381e-02
3.957959413528442383e-01 -1.320780068635940552e-02
4.032139778137207031e-01 -1.286731660366058350e-02
4.106045663356781006e-01 -1.252065040171146393e-02
4.179127514362335205e-01 -1.217113994061946869e-02
4.252429008483886719e-01 -1.181441731750965118e-02
4.327455759048461914e-01 -1.144300401210784912e-02
4.404431283473968506e-01 -1.105547416955232620e-02
4.482239484786987305e-01 -1.065706089138984680e-02
4.560020565986633301e-01 -1.025255583226680756e-02
4.637302756309509277e-01 -9.844332002103328705e-03
4.715301096439361572e-01 -9.426494129002094269e-03
4.793160855770111084e-01 -9.003757499158382416e-03
4.869602024555206299e-01 -8.582887239754199982e-03
4.945392608642578125e-01 -8.160141296684741974e-03
5.021646618843078613e-01 -7.729867473244667053e-03
5.098059177398681641e-01 -7.294161245226860046e-03
5.173907876014709473e-01 -6.857319269329309464e-03
5.248153805732727051e-01 -6.425839848816394806e-03
5.320823192596435547e-01 -6.000148132443428040e-03
5.392560958862304688e-01 -5.576947703957557678e-03
5.463799834251403809e-01 -5.153567995876073837e-03
5.534985065460205078e-01 -4.727700259536504745e-03
5.607392191886901855e-01 -4.292199388146400452e-03
5.681823492050170898e-01 -3.842670703306794167e-03
5.757755637168884277e-01 -3.382544731721282005e-03
5.835672616958618164e-01 -2.909343689680099487e-03
5.914852619171142578e-01 -2.427636878564953804e-03
5.995011329650878906e-01 -1.939710229635238647e-03
6.076909303665161133e-01 -1.441658008843660355e-03
6.161607503890991211e-01 -9.280348895117640495e-04
6.249270439147949219e-01 -3.991214034613221884e-04
6.339730024337768555e-01 1.429896656190976501e-04
6.432139277458190918e-01 6.922640604898333549e-04
6.525869965553283691e-01 1.242918428033590317e-03
6.621867418289184570e-01 1.797987264581024647e-03
6.717599630355834961e-01 2.342434134334325790e-03
6.812519431114196777e-01 2.871264470741152763e-03
6.907457709312438965e-01 3.386755008250474930e-03
7.003783583641052246e-01 3.892730455845594406e-03
7.101980447769165039e-01 4.388708155602216721e-03
7.201300263404846191e-01 4.868702031672000885e-03
7.301086783409118652e-01 5.327426362782716751e-03
7.400926947593688965e-01 5.763518624007701874e-03
7.500892281532287598e-01 6.174543872475624084e-03
7.596960663795471191e-01 6.544185336679220200e-03
7.689719796180725098e-01 6.873864680528640747e-03
7.781494259834289551e-01 7.167433388531208038e-03
7.875778675079345703e-01 7.430157158523797989e-03
7.973657250404357910e-01 7.663495372980833054e-03
8.075694441795349121e-01 7.864112034440040588e-03
8.180938959121704102e-01 8.030658587813377380e-03
8.287292718887329102e-01 8.159287273883819580e-03
8.393186926841735840e-01 8.244593627750873566e-03
8.493534326553344727e-01 8.280492387712001801e-03
8.588482737541198730e-01 8.267076686024665833e-03
8.679413795471191406e-01 8.206908591091632843e-03
8.768399953842163086e-01 8.101018145680427551e-03
8.855473995208740234e-01 7.949979975819587708e-03
8.942171335220336914e-01 7.750246673822402954e-03
9.026389718055725098e-01 7.513317745178937912e-03
9.106680154800415039e-01 7.250655908137559891e-03
9.183825254440307617e-01 6.952864583581686020e-03
9.260807633399963379e-01 6.586861796677112579e-03
9.331001639366149902e-01 6.216685753315687180e-03
9.398285150527954102e-01 5.820204038172960281e-03
9.466843008995056152e-01 5.361828021705150604e-03
9.540113806724548340e-01 4.797595087438821793e-03
9.578469395637512207e-01 4.470406100153923035e-03
9.661943912506103516e-01 3.671291051432490349e-03
9.757145643234252930e-01 2.633975353091955185e-03
9.867325425148010254e-01 1.304196310229599476e-03
9.995735287666320801e-01 -3.723090630955994129e-04
