9.995454549789428711e-01 2.971365174744278193e-04
9.927490353584289551e-01 2.211434999480843544e-03
9.851520657539367676e-01 4.041953943669795990e-03
9.769546389579772949e-01 5.779072642326354980e-03
9.683565497398376465e-01 7.413170300424098969e-03
9.554063677787780762e-01 9.613210335373878479e-03
9.467384815216064453e-01 1.094430126249790192e-02
9.381824731826782227e-01 1.216678787022829056e-02
9.298518300056457520e-01 1.327137090265750885e-02
9.220307469367980957e-01 1.422936096787452698e-02
9.138639569282531738e-01 1.518647838383913040e-02
9.056507945060729980e-01 1.610252074897289276e-02
8.972705602645874023e-01 1.700136251747608185e-02
8.889268040657043457e-01 1.786626502871513367e-02
8.805880546569824219e-01 1.870525255799293518e-02
8.721102476119995117e-01 1.953809149563312531e-02
8.635241985321044922e-01 2.036013640463352203e-02
8.546390533447265625e-01 2.119009941816329956e-02
8.455104827880859375e-01 2.202189527451992035e-02
8.360121250152587891e-01 2.286881022155284882e-02
8.262377381324768066e-01 2.372293919324874878e-02
8.161865472793579102e-01 2.458420582115650177e-02
8.062346577644348145e-01 2.541992813348770142e-02
7.964926362037658691e-01 2.622250467538833618e-02
7.871854901313781738e-01 2.697595953941345215e-02
7.784545421600341797e-01 2.767039649188518524e-02
7.703482508659362793e-01 2.830563671886920929e-02
7.627478241920471191e-01 2.889104932546615601e-02
7.554093003273010254e-01 2.944700233638286591e-02
7.481127977371215820e-01 2.999046072363853455e-02
7.406026721000671387e-01 3.054182603955268860e-02
7.328153848648071289e-01 3.110465221107006073e-02
7.247122526168823242e-01 3.168229758739471436e-02
7.163717746734619141e-01 3.226761519908905029e-02
7.078931331634521484e-01 3.285291045904159546e-02
6.994725465774536133e-01 3.342386335134506226e-02
6.910941600799560547e-01 3.398196026682853699e-02
6.827837824821472168e-01 3.452529013156890869e-02
6.745553016662597656e-01 3.505339100956916809e-02
6.664092540740966797e-01 3.556643426418304443e-02
6.583029031753540039e-01 3.606732934713363647e-02
6.502218842506408691e-01 3.655665740370750427e-02
6.420891880989074707e-01 3.703933209180831909e-02
6.338788866996765137e-01 3.751634061336517334e-02
6.256585121154785156e-01 3.798386827111244202e-02
6.174064278602600098e-01 3.844320774078369141e-02
6.091989278793334961e-01 3.889077901840209961e-02
6.010010242462158203e-01 3.932722285389900208e-02
5.928320288658142090e-01 3.975164517760276794e-02
5.846742391586303711e-01 4.016505926847457886e-02
5.764470100402832031e-01 4.057112708687782288e-02
5.680511593818664551e-01 4.097424447536468506e-02
5.593526959419250488e-01 4.137945547699928284e-02
5.503697991371154785e-01 4.178457707166671753e-02
5.411697626113891602e-01 4.218702763319015503e-02
5.318553447723388672e-01 4.258122295141220093e-02
5.222550630569458008e-01 4.297221079468727112e-02
5.124965906143188477e-01 4.335317015647888184e-02
5.026530623435974121e-01 4.372022673487663269e-02
4.928783476352691650e-01 4.406928271055221558e-02
4.831886291503906250e-01 4.439966380596160889e-02
4.735546112060546875e-01 4.471260681748390198e-02
4.640148282051086426e-01 4.500547051429748535e-02
4.547811150550842285e-01 4.527294635772705078e-02
4.457737207412719727e-01 4.551741480827331543e-02
4.368037581443786621e-01 4.574605450034141541e-02
4.279448390007019043e-01 4.595686495304107666e-02
4.192721247673034668e-01 4.614937677979469299e-02
4.110193550586700439e-01 4.631978645920753479e-02
4.031009376049041748e-01 4.647136852145195007e-02
3.953711092472076416e-01 4.660665988922119141e-02
3.876830935478210449e-01 4.672783613204956055e-02
3.799843490123748779e-01 4.683329910039901733e-02
3.721160888671875000e-01 4.692804068326950073e-02
3.639069795608520508e-01 4.701270535588264465e-02
3.553838729858398438e-01 4.708624631166458130e-02
3.465566933155059814e-01 4.714455083012580872e-02
3.375454246997833252e-01 4.718259721994400024e-02
3.283798992633819580e-01 4.719958454370498657e-02
3.190752267837524414e-01 4.719454795122146606e-02
3.097597956657409668e-01 4.716776311397552490e-02
3.005625307559967041e-01 4.711987078189849854e-02
2.916486263275146484e-01 4.705019295215606689e-02
2.829366028308868408e-01 4.695735499262809753e-02
2.745257616043090820e-01 4.684241488575935364e-02
2.664414048194885254e-01 4.671302437782287598e-02
2.586402893066406250e-01 4.657130315899848938e-02
2.509096860885620117e-01 4.640928655862808228e-02
2.428999394178390503e-01 4.621126502752304077e-02
2.343806624412536621e-01 4.596179723739624023e-02
2.252044081687927246e-01 4.565052315592765808e-02
2.151993960142135620e-01 4.526161029934883118e-02
2.045698612928390503e-01 4.480475187301635742e-02
1.938949674367904663e-01 4.430350288748741150e-02
1.839431375265121460e-01 4.379745572805404663e-02
1.749812811613082886e-01 4.329602047801017761e-02
1.670050323009490967e-01 4.280234500765800476e-02
1.596660763025283813e-01 4.229132086038589478e-02
1.527140140533447266e-01 4.175777360796928406e-02
1.457019150257110596e-01 4.116802662611007690e-02
1.381402462720870972e-01 4.048439487814903259e-02
1.300644874572753906e-01 3.969577327370643616e-02
1.217194944620132446e-01 3.881775215268135071e-02
1.134171932935714722e-01 3.786443918943405151e-02
1.051980927586555481e-01 3.684055060148239136e-02
9.719616174697875977e-02 3.575072810053825378e-02
8.939241617918014526e-02 3.458968549966812134e-02
8.203634619712829590e-02 3.339522331953048706e-02
7.493072003126144409e-02 3.213357180356979370e-02
6.793324649333953857e-02 3.077068366110324860e-02
6.106686592102050781e-02 2.930774353444576263e-02
5.443891137838363647e-02 2.776128612458705902e-02
4.808620363473892212e-02 2.614753134548664093e-02
4.212336614727973938e-02 2.452102489769458771e-02
3.656522184610366821e-02 2.288055047392845154e-02
3.145268186926841736e-02 2.124483138322830200e-02
2.684689685702323914e-02 1.961536332964897156e-02
2.251214720308780670e-02 1.790888421237468719e-02
1.830918528139591217e-02 1.602240838110446930e-02
1.425794325768947601e-02 1.392525155097246170e-02
1.042612083256244659e-02 1.158968452364206314e-02
6.984419655054807663e-03 9.099010378122329712e-03
4.167505539953708649e-03 6.626569665968418121e-03
2.025112276896834373e-03 4.318326245993375778e-03
6.458622519858181477e-04 2.330239862203598022e-03
-1.609428363735787570e-05 7.329244399443268776e-04
-1.019257833831943572e-04 -5.092661594972014427e-04
2.346811670577153563e-04 -1.509816385805606842e-03
8.601098088547587395e-04 -2.363333245739340782e-03
1.684470567852258682e-03 -3.203660715371370316e-03
2.660349011421203613e-03 -4.057990852743387222e-03
3.775886725634336472e-03 -4.909615963697433472e-03
4.999847151339054108e-03 -5.728953052312135696e-03
6.409073714166879654e-03 -6.501363590359687805e-03
8.135081268846988678e-03 -7.239121943712234497e-03
1.036460045725107193e-02 -7.972438819706439972e-03
1.300841569900512695e-02 -8.713398128747940063e-03
1.611115224659442902e-02 -9.458773769438266754e-03
1.974675618112087250e-02 -1.022198330610990524e-02
2.390309236943721771e-02 -1.096531655639410019e-02
2.865188010036945343e-02 -1.166482828557491302e-02
3.391781821846961975e-02 -1.229869946837425232e-02
3.969393298029899597e-02 -1.287530362606048584e-02
4.612398147583007812e-02 -1.341064833104610443e-02
5.333464965224266052e-02 -1.391350943595170975e-02
6.097872182726860046e-02 -1.436045579612255096e-02
6.918036937713623047e-02 -1.475741807371377945e-02
7.798150181770324707e-02 -1.510926522314548492e-02
8.750084787607192993e-02 -1.541136112064123154e-02
9.771665930747985840e-02 -1.566903106868267059e-02
1.082954108715057373e-01 -1.587882265448570251e-02
1.189994961023330688e-01 -1.604505255818367004e-02
1.297141611576080322e-01 -1.617476344108581543e-02
1.399289667606353760e-01 -1.627155207097530365e-02
1.492470949888229370e-01 -1.632873155176639557e-02
1.576110422611236572e-01 -1.636048965156078339e-02
1.652594357728958130e-01 -1.637141779065132141e-02
1.726534664630889893e-01 -1.636813394725322723e-02
1.802219003438949585e-01 -1.635050959885120392e-02
1.883406788110733032e-01 -1.631529815495014191e-02
1.973170638084411621e-01 -1.626210287213325500e-02
2.071253210306167603e-01 -1.619217544794082642e-02
2.172146439552307129e-01 -1.610719226300716400e-02
2.275164127349853516e-01 -1.600438728928565979e-02
2.375954538583755493e-01 -1.588695682585239410e-02
2.473325729370117188e-01 -1.575768925249576569e-02
2.567302584648132324e-01 -1.561703905463218689e-02
2.658074498176574707e-01 -1.546751707792282104e-02
2.747023999691009521e-01 -1.530919969081878662e-02
2.834357321262359619e-01 -1.514390483498573303e-02
2.920448780059814453e-01 -1.497007720172405243e-02
3.006536960601806641e-01 -1.478309091180562973e-02
3.096110820770263672e-01 -1.457673590630292892e-02
3.187661767005920410e-01 -1.435332465916872025e-02
3.279308676719665527e-01 -1.411944162100553513e-02
3.370344936847686768e-01 -1.387755107134580612e-02
3.458383679389953613e-01 -1.363420858979225159e-02
3.543830811977386475e-01 -1.338716689497232437e-02
3.625242412090301514e-01 -1.314093358814716339e-02
3.703804910182952881e-01 -1.289331167936325073e-02
3.782107830047607422e-01 -1.263750996440649033e-02
3.862331211566925049e-01 -1.236691605299711227e-02
3.943822979927062988e-01 -1.208355091512203217e-02
4.024696946144104004e-01 -1.179394498467445374e-02
4.104918241500854492e-01 -1.149882096797227859e-02
4.184785783290863037e-01 -1.119584124535322189e-02
4.265552759170532227e-01 -1.088083256036043167e-02
4.345605671405792236e-01 -1.055969297885894775e-02
4.425888061523437500e-01 -1.022862922400236130e-02
4.507960975170135498e-01 -9.881260804831981659e-03
4.592706263065338135e-01 -9.513806551694869995e-03
4.678724110126495361e-01 -9.131995029747486115e-03
4.764358401298522949e-01 -8.743003942072391510e-03
4.849529266357421875e-01 -8.347366005182266235e-03
4.934843778610229492e-01 -7.942669093608856201e-03
5.019111633300781250e-01 -7.535016629844903946e-03
5.101229548454284668e-01 -7.129579782485961914e-03
5.182232856750488281e-01 -6.722017191350460052e-03
5.262151956558227539e-01 -6.313609890639781952e-03
5.340982675552368164e-01 -5.905108992010354996e-03
5.417569279670715332e-01 -5.502832122147083282e-03
5.491197705268859863e-01 -5.111258942633867264e-03
5.562129616737365723e-01 -4.730030428618192673e-03
5.630940198898315430e-01 -4.356783349066972733e-03
5.697815418243408203e-01 -3.990706987679004669e-03
5.764706730842590332e-01 -3.621663665398955345e-03
5.833671689033508301e-01 -3.238794626668095589e-03
5.905838012695312500e-01 -2.835947088897228241e-03
5.982056260108947754e-01 -2.408779924735426903e-03
6.062324047088623047e-01 -1.958041219040751457e-03
6.145718693733215332e-01 -1.489470363594591618e-03
6.231094598770141602e-01 -1.010343781672418118e-03
6.317696571350097656e-01 -5.259214667603373528e-04
6.405252814292907715e-01 -3.925061901099979877e-05
6.494708657264709473e-01 4.527127894107252359e-04
6.585558056831359863e-01 9.455470135435461998e-04
6.677870154380798340e-01 1.437720376998186111e-03
6.771509051322937012e-01 1.925701391883194447e-03
6.866504549980163574e-01 2.407412044703960419e-03
6.960914731025695801e-01 2.871705451980233192e-03
7.053445577621459961e-01 3.310848725959658623e-03
7.143566012382507324e-01 3.721217159181833267e-03
7.231866717338562012e-01 4.103899002075195312e-03
7.319332957267761230e-01 4.462060984224081039e-03
7.406163811683654785e-01 4.793520085513591766e-03
7.493216395378112793e-01 5.101775750517845154e-03
7.581943869590759277e-01 5.390710197389125824e-03
7.673238515853881836e-01 5.660702940076589584e-03
7.766396403312683105e-01 5.905013065785169601e-03
7.860926985740661621e-01 6.120338104665279388e-03
7.956482172012329102e-01 6.303146481513977051e-03
8.052955865859985352e-01 6.451726891100406647e-03
8.149735331535339355e-01 6.563783623278141022e-03
8.246110081672668457e-01 6.637178827077150345e-03
8.339191675186157227e-01 6.675252225250005722e-03
8.427945971488952637e-01 6.682661361992359161e-03
8.512589931488037109e-01 6.659872364252805710e-03
8.593072891235351562e-01 6.609428673982620239e-03
8.670150637626647949e-01 6.532246246933937073e-03
8.745859265327453613e-01 6.427363026887178421e-03
8.822575211524963379e-01 6.291154306381940842e-03
8.902199864387512207e-01 6.118963006883859634e-03
8.985135555267333984e-01 5.908196792006492615e-03
9.067760109901428223e-01 5.666991695761680603e-03
9.149124026298522949e-01 5.397439934313297272e-03
9.229952096939086914e-01 5.089665763080120087e-03
9.311479330062866211e-01 4.734959453344345093e-03
9.385432600975036621e-01 4.387742839753627777e-03
9.454081654548645020e-01 4.040517844259738922e-03
9.520581960678100586e-01 3.675073850899934769e-03
9.588397741317749023e-01 3.264400642365217209e-03
9.622364044189453125e-01 3.041219897568225861e-03
9.695624709129333496e-01 2.505748299881815910e-03
9.779500961303710938e-01 1.813436509110033512e-03
9.878205657005310059e-01 9.186529787257313728e-04
9.995952248573303223e-01 -2.242340560769662261e-04
