9.998565316200256348e-01 2.226969854746130295e-06
9.913301467895507812e-01 1.598027534782886505e-03
9.821634292602539062e-01 3.167987801134586334e-03
9.726063013076782227e-01 4.687034059315919876e-03
9.629084467887878418e-01 6.130093708634376526e-03
9.489514231681823730e-01 8.056066930294036865e-03
9.402103424072265625e-01 9.171751327812671661e-03
9.319474101066589355e-01 1.016023010015487671e-02
9.240909218788146973e-01 1.103608496487140656e-02
9.165959954261779785e-01 1.181124430149793625e-02
9.082597494125366211e-01 1.265337783843278885e-02
8.996916413307189941e-01 1.348132919520139694e-02
8.908582925796508789e-01 1.430779322981834412e-02
8.819969892501831055e-01 1.511439308524131775e-02
8.731927871704101562e-01 1.589545048773288727e-02
8.646249771118164062e-01 1.663908921182155609e-02
8.562974929809570312e-01 1.734555140137672424e-02
8.480269908905029297e-01 1.803351007401943207e-02
8.396639823913574219e-01 1.871713250875473022e-02
8.310555815696716309e-01 1.941167376935482025e-02
8.222448229789733887e-01 2.011344581842422485e-02
8.132666349411010742e-01 2.082124352455139160e-02
8.043580651283264160e-01 2.151673473417758942e-02
7.955732941627502441e-01 2.219641208648681641e-02
7.871257662773132324e-01 2.284398302435874939e-02
7.789012789726257324e-01 2.346890792250633240e-02
7.708345651626586914e-01 2.407714724540710449e-02
7.627807855606079102e-01 2.468011528253555298e-02
7.545983791351318359e-01 2.528876997530460358e-02
7.461649179458618164e-01 2.591228857636451721e-02
7.374860644340515137e-01 2.655037678778171539e-02
7.286964058876037598e-01 2.719315513968467712e-02
7.198531627655029297e-01 2.783665992319583893e-02
7.110191583633422852e-01 2.847591415047645569e-02
7.021631598472595215e-01 2.911335416138172150e-02
6.934216618537902832e-01 2.973924390971660614e-02
6.847397685050964355e-01 3.035757876932621002e-02
6.760684847831726074e-01 3.097195178270339966e-02
6.673504114151000977e-01 3.158648312091827393e-02
6.587106585502624512e-01 3.219245001673698425e-02
6.501979827880859375e-01 3.278621658682823181e-02
6.417896151542663574e-01 3.336932510137557983e-02
6.334028244018554688e-01 3.394747525453567505e-02
6.250849962234497070e-01 3.451747074723243713e-02
6.168641448020935059e-01 3.507697954773902893e-02
6.086274981498718262e-01 3.563360497355461121e-02
6.003438234329223633e-01 3.618925809860229492e-02
5.919967293739318848e-01 3.674482926726341248e-02
5.836338400840759277e-01 3.729651495814323425e-02
5.751818418502807617e-01 3.784875571727752686e-02
5.666082501411437988e-01 3.840306401252746582e-02
5.579466223716735840e-01 3.895710781216621399e-02
5.492883920669555664e-01 3.950443118810653687e-02
5.406004190444946289e-01 4.004668816924095154e-02
5.318580865859985352e-01 4.058479890227317810e-02
5.230194926261901855e-01 4.111997038125991821e-02
5.140609741210937500e-01 4.165253415703773499e-02
5.049923658370971680e-01 4.218158498406410217e-02
4.957947134971618652e-01 4.270763322710990906e-02
4.865315556526184082e-01 4.322658851742744446e-02
4.773565530776977539e-01 4.372921958565711975e-02
4.683705270290374756e-01 4.420969635248184204e-02
4.595884978771209717e-01 4.466687515377998352e-02
4.509736001491546631e-01 4.510204866528511047e-02
4.424145519733428955e-01 4.552075639367103577e-02
4.338211417198181152e-01 4.592632129788398743e-02
4.253000915050506592e-01 4.631523787975311279e-02
4.168011546134948730e-01 4.668949544429779053e-02
4.084349274635314941e-01 4.704497382044792175e-02
4.002279639244079590e-01 4.737903177738189697e-02
3.922472298145294189e-01 4.768963903188705444e-02
3.843623399734497070e-01 4.798010364174842834e-02
3.764245212078094482e-01 4.825494438409805298e-02
3.683266937732696533e-01 4.851773381233215332e-02
3.600443005561828613e-01 4.876985400915145874e-02
3.518159985542297363e-01 4.900420829653739929e-02
3.435507416725158691e-01 4.922196269035339355e-02
3.353451192378997803e-01 4.941774159669876099e-02
3.270954489707946777e-01 4.959119111299514771e-02
3.188611865043640137e-01 4.973891004920005798e-02
3.104706108570098877e-01 4.986378178000450134e-02
3.019556403160095215e-01 4.996642470359802246e-02
2.934698164463043213e-01 5.004682019352912903e-02
2.852027416229248047e-01 5.010306462645530701e-02
2.772830128669738770e-01 5.013058334589004517e-02
2.695703208446502686e-01 5.013035237789154053e-02
2.619726061820983887e-01 5.010004714131355286e-02
2.542549669742584229e-01 5.003797262907028198e-02
2.462758868932723999e-01 4.993889853358268738e-02
2.379220277070999146e-01 4.980161413550376892e-02
2.293215841054916382e-01 4.962461069226264954e-02
2.206491082906723022e-01 4.940567165613174438e-02
2.120317369699478149e-01 4.914233088493347168e-02
2.035948783159255981e-01 4.883920773863792419e-02
1.954299509525299072e-01 4.849970340728759766e-02
1.875346750020980835e-01 4.812219738960266113e-02
1.798759400844573975e-01 4.770938679575920105e-02
1.723480373620986938e-01 4.725564643740653992e-02
1.648883521556854248e-01 4.675363376736640930e-02
1.574073731899261475e-01 4.619050770998001099e-02
1.498291790485382080e-01 4.555948078632354736e-02
1.420664489269256592e-01 4.484494775533676147e-02
1.342820823192596436e-01 4.406504333019256592e-02
1.264641731977462769e-01 4.320466890931129456e-02
1.186476051807403564e-01 4.226303845643997192e-02
1.108993813395500183e-01 4.123309999704360962e-02
1.032347381114959717e-01 4.011761024594306946e-02
9.560071676969528198e-02 3.889525309205055237e-02
8.796373009681701660e-02 3.756538406014442444e-02
8.024127781391143799e-02 3.608001023530960083e-02
7.236336171627044678e-02 3.440740704536437988e-02
6.444658339023590088e-02 3.252530843019485474e-02
5.642350763082504272e-02 3.041639551520347595e-02
4.841961339116096497e-02 2.808492071926593781e-02
4.052442312240600586e-02 2.551261521875858307e-02
3.296328708529472351e-02 2.272835560142993927e-02
2.588501572608947754e-02 1.975345611572265625e-02
1.954182982444763184e-02 1.667815633118152618e-02
1.397745590656995773e-02 1.352182775735855103e-02
9.333681315183639526e-03 1.041323039680719376e-02
5.679836962372064590e-03 7.452710997313261032e-03
3.035959089174866676e-03 4.820214118808507919e-03
1.319051603786647320e-03 2.612439449876546860e-03
3.285372513346374035e-04 8.621495217084884644e-04
-9.048821812029927969e-05 -4.458217299543321133e-04
-1.532586902612820268e-04 -1.373427337966859341e-03
-1.037128185998881236e-05 -2.001564484089612961e-03
1.727181806927546859e-04 -2.482251496985554695e-03
3.592412977013736963e-04 -2.883769804611802101e-03
5.351450527086853981e-04 -3.296810667961835861e-03
7.457687170244753361e-04 -3.728947369381785393e-03
9.555096621625125408e-04 -4.215445369482040405e-03
1.275644171983003616e-03 -4.787560086697340012e-03
1.837937161326408386e-03 -5.477282218635082245e-03
2.878461498767137527e-03 -6.290858611464500427e-03
4.623735323548316956e-03 -7.224133238196372986e-03
7.293249946087598801e-03 -8.268186822533607483e-03
1.099447999149560928e-02 -9.354371577501296997e-03
1.576501503586769104e-02 -1.042069680988788605e-02
2.149690128862857819e-02 -1.137455273419618607e-02
2.805467136204242706e-02 -1.214511878788471222e-02
3.540693968534469604e-02 -1.271255128085613251e-02
4.354726150631904602e-02 -1.307204831391572952e-02
5.250496044754981995e-02 -1.324470061808824539e-02
6.218060106039047241e-02 -1.326413825154304504e-02
7.238929718732833862e-02 -1.317217107862234116e-02
8.285602927207946777e-02 -1.299316622316837311e-02
9.321583807468414307e-02 -1.275724172592163086e-02
1.032290384173393250e-01 -1.247206237167119980e-02
1.126548796892166138e-01 -1.215748302638530731e-02
1.215008720755577087e-01 -1.183101534843444824e-02
1.300077885389328003e-01 -1.149153709411621094e-02
1.383968293666839600e-01 -1.114082615822553635e-02
1.467943787574768066e-01 -1.077725924551486969e-02
1.553123593330383301e-01 -1.039850711822509766e-02
1.639002710580825806e-01 -1.000847015529870987e-02
1.724678277969360352e-01 -9.611907415091991425e-03
1.809776872396469116e-01 -9.212034754455089569e-03
1.892393380403518677e-01 -8.818574249744415283e-03
1.972731649875640869e-01 -8.431391790509223938e-03
2.052049785852432251e-01 -8.046092465519905090e-03
2.131206393241882324e-01 -7.658968213945627213e-03
2.210192382335662842e-01 -7.271025795489549637e-03
2.290337681770324707e-01 -6.876443512737751007e-03
2.370849698781967163e-01 -6.479707080870866776e-03
2.451643347740173340e-01 -6.081514991819858551e-03
2.531881034374237061e-01 -5.686372052878141403e-03
2.610478103160858154e-01 -5.299719516187906265e-03
2.686965167522430420e-01 -4.924405831843614578e-03
2.762589156627655029e-01 -4.554726649075746536e-03
2.838329672813415527e-01 -4.186354111880064011e-03
2.915112078189849854e-01 -3.815177595242857933e-03
2.994577288627624512e-01 -3.433498088270425797e-03
3.075614273548126221e-01 -3.046790603548288345e-03
3.156505823135375977e-01 -2.663190709426999092e-03
3.235502243041992188e-01 -2.291102427989244461e-03
3.311472237110137939e-01 -1.936110900714993477e-03
3.384751379489898682e-01 -1.597134745679795742e-03
3.457191884517669678e-01 -1.265762024559080601e-03
3.529992997646331787e-01 -9.364919969812035561e-04
3.604900240898132324e-01 -6.014013197273015976e-04
3.682664036750793457e-01 -2.571160439401865005e-04
3.762229979038238525e-01 9.130738180829212070e-05
3.841943740844726562e-01 4.361551837064325809e-04
3.921208679676055908e-01 7.743859314359724522e-04
4.000263810157775879e-01 1.106431009247899055e-03
4.079495966434478760e-01 1.434065517969429493e-03
4.158850610256195068e-01 1.757190446369349957e-03
4.238075911998748779e-01 2.074764808639883995e-03
4.317519068717956543e-01 2.388182561844587326e-03
4.397460222244262695e-01 2.698014257475733757e-03
4.477805495262145996e-01 3.003436606377363205e-03
4.557959139347076416e-01 3.302296856418251991e-03
4.638482034206390381e-01 3.596707480028271675e-03
4.720388650894165039e-01 3.890137886628508568e-03
4.803322255611419678e-01 4.180906340479850769e-03
4.887062311172485352e-01 4.467791877686977386e-03
4.971874654293060303e-01 4.751032683998346329e-03
5.057876110076904297e-01 5.030901171267032623e-03
5.145716071128845215e-01 5.309070460498332977e-03
5.234568119049072266e-01 5.582771264016628265e-03
5.322611927986145020e-01 5.846481770277023315e-03
5.409792661666870117e-01 6.100011523813009262e-03
5.496483445167541504e-01 6.344172172248363495e-03
5.582630634307861328e-01 6.578188389539718628e-03
5.668442249298095703e-01 6.802654359489679337e-03
5.754525661468505859e-01 7.019383832812309265e-03
5.840904712677001953e-01 7.228508591651916504e-03
5.927655100822448730e-01 7.430845405906438828e-03
6.013737320899963379e-01 7.623620331287384033e-03
6.098427176475524902e-01 7.804566994309425354e-03
6.182885766029357910e-01 7.975663989782333374e-03
6.267944574356079102e-01 8.138433098793029785e-03
6.354013681411743164e-01 8.293633349239826202e-03
6.441306471824645996e-01 8.441292680799961090e-03
6.530159115791320801e-01 8.581395260989665985e-03
6.619371771812438965e-01 8.712430484592914581e-03
6.707640886306762695e-01 8.832452818751335144e-03
6.795091032981872559e-01 8.940273895859718323e-03
6.882380247116088867e-01 9.035849943757057190e-03
6.970843076705932617e-01 9.120211936533451080e-03
7.060641646385192871e-01 9.193185716867446899e-03
7.151915431022644043e-01 9.254397824406623840e-03
7.245000004768371582e-01 9.303403086960315704e-03
7.339210510253906250e-01 9.339675307273864746e-03
7.431704401969909668e-01 9.362004697322845459e-03
7.521419525146484375e-01 9.369705803692340851e-03
7.609221339225769043e-01 9.362648241221904755e-03
7.694423198699951172e-01 9.342777542769908905e-03
7.777494788169860840e-01 9.310926310718059540e-03
7.859843373298645020e-01 9.265105240046977997e-03
7.943878173828125000e-01 9.202199988067150116e-03
8.030840158462524414e-01 9.121602401137351990e-03
8.120993375778198242e-01 9.021258912980556488e-03
8.213497400283813477e-01 8.899785578250885010e-03
8.308700919151306152e-01 8.754823356866836548e-03
8.405624628067016602e-01 8.587089367210865021e-03
8.500671386718750000e-01 8.401585742831230164e-03
8.593400716781616211e-01 8.196459151804447174e-03
8.684545755386352539e-01 7.969081401824951172e-03
8.774721026420593262e-01 7.717167958617210388e-03
8.863475918769836426e-01 7.439054083079099655e-03
8.951665163040161133e-01 7.129106670618057251e-03
9.039264917373657227e-01 6.786617450416088104e-03
9.125900268554687500e-01 6.415918935090303421e-03
9.210762381553649902e-01 6.015414837747812271e-03
9.296602606773376465e-01 5.559758283197879791e-03
9.375724196434020996e-01 5.110761616379022598e-03
9.450441002845764160e-01 4.657002631574869156e-03
9.523043632507324219e-01 4.181508906185626984e-03
9.595950245857238770e-01 3.660975256934762001e-03
9.632247686386108398e-01 3.384377108886837959e-03
9.708495140075683594e-01 2.758764429017901421e-03
9.792277216911315918e-01 2.008725190535187721e-03
9.886791110038757324e-01 1.100813387893140316e-03
9.995235204696655273e-01 1.582749177941877861e-06
