9.995157122611999512e-01 -1.071067061275243759e-02
9.931510686874389648e-01 -7.695438805967569351e-03
9.863677620887756348e-01 -5.039344076067209244e-03
9.791440963745117188e-01 -2.671062946319580078e-03
9.714586734771728516e-01 -5.192741518840193748e-04
9.590275883674621582e-01 2.471859334036707878e-03
9.499541521072387695e-01 4.450574517250061035e-03
9.403436183929443359e-01 6.445701699703931808e-03
9.304445981979370117e-01 8.431465364992618561e-03
9.205424785614013672e-01 1.036145444959402084e-02
9.104205965995788574e-01 1.228918135166168213e-02
9.003872871398925781e-01 1.419381890445947647e-02
8.907831907272338867e-01 1.602434366941452026e-02
8.813819885253906250e-01 1.783012412488460541e-02
8.723098039627075195e-01 1.958646811544895172e-02
8.634368777275085449e-01 2.131315506994724274e-02
8.547409176826477051e-01 2.300962992012500763e-02
8.461930155754089355e-01 2.467822842299938202e-02
8.377236127853393555e-01 2.632928267121315002e-02
8.293686509132385254e-01 2.795390412211418152e-02
8.211526870727539062e-01 2.954540401697158813e-02
8.130814433097839355e-01 3.110050410032272339e-02
8.049122691154479980e-01 3.266404196619987488e-02
7.966703772544860840e-01 3.422925993800163269e-02
7.882802486419677734e-01 3.581001237034797668e-02
7.798640727996826172e-01 3.738242015242576599e-02
7.715196013450622559e-01 3.892743960022926331e-02
7.633965611457824707e-01 4.041761159896850586e-02
7.556340694427490234e-01 4.182857275009155273e-02
7.481637597084045410e-01 4.317077249288558960e-02
7.409037351608276367e-01 4.446040093898773193e-02
7.336812615394592285e-01 4.572798684239387512e-02
7.263994812965393066e-01 4.699188098311424255e-02
7.188797593116760254e-01 4.828042909502983093e-02
7.110595703125000000e-01 4.960318282246589661e-02
7.028790116310119629e-01 5.096838623285293579e-02
6.944078803062438965e-01 5.236084386706352234e-02
6.856791973114013672e-01 5.377096310257911682e-02
6.767329573631286621e-01 5.519386380910873413e-02
6.678053736686706543e-01 5.659091472625732422e-02
6.589646935462951660e-01 5.795077979564666748e-02
6.504089236259460449e-01 5.924353748559951782e-02
6.421165466308593750e-01 6.047494709491729736e-02
6.341356635093688965e-01 6.163873150944709778e-02
6.263400316238403320e-01 6.275410950183868408e-02
6.184347867965698242e-01 6.386028975248336792e-02
6.102739572525024414e-01 6.498010456562042236e-02
6.018187999725341797e-01 6.611682474613189697e-02
5.928908586502075195e-01 6.728792935609817505e-02
5.834987163543701172e-01 6.849184632301330566e-02
5.738662481307983398e-01 6.969738751649856567e-02
5.642272233963012695e-01 7.087564468383789062e-02
5.547507405281066895e-01 7.200325280427932739e-02
5.455206036567687988e-01 7.307125627994537354e-02
5.364850163459777832e-01 7.408748567104339600e-02
5.279207229614257812e-01 7.502482831478118896e-02
5.196267366409301758e-01 7.590464502573013306e-02
5.113226771354675293e-01 7.676114886999130249e-02
5.029777884483337402e-01 7.759656012058258057e-02
4.945493936538696289e-01 7.841456681489944458e-02
4.859659969806671143e-01 7.921953499317169189e-02
4.770838916301727295e-01 8.002385497093200684e-02
4.679607152938842773e-01 8.082147687673568726e-02
4.588137865066528320e-01 8.159567415714263916e-02
4.499997496604919434e-01 8.231469243764877319e-02
4.414343237876892090e-01 8.298938721418380737e-02
4.332027733325958252e-01 8.361430466175079346e-02
4.252042472362518311e-01 8.419439196586608887e-02
4.173227846622467041e-01 8.473925292491912842e-02
4.092666208744049072e-01 8.526925742626190186e-02
4.007556140422821045e-01 8.580175787210464478e-02
3.918409049510955811e-01 8.633321523666381836e-02
3.827338516712188721e-01 8.684852719306945801e-02
3.736490607261657715e-01 8.733454346656799316e-02
3.647723793983459473e-01 8.778310567140579224e-02
3.563417196273803711e-01 8.818285167217254639e-02
3.482545912265777588e-01 8.853802084922790527e-02
3.404907286167144775e-01 8.884917199611663818e-02
3.328461050987243652e-01 8.912821114063262939e-02
3.250887393951416016e-01 8.938445895910263062e-02
3.173284530639648438e-01 8.961837738752365112e-02
3.094329833984375000e-01 8.982876688241958618e-02
3.014647662639617920e-01 9.001412242650985718e-02
2.933861017227172852e-01 9.016625583171844482e-02
2.852088212966918945e-01 9.027973562479019165e-02
2.767673134803771973e-01 9.035231173038482666e-02
2.682637870311737061e-01 9.038718789815902710e-02
2.597794532775878906e-01 9.038262069225311279e-02
2.513760626316070557e-01 9.033611416816711426e-02
2.432923614978790283e-01 9.024193137884140015e-02
2.353436648845672607e-01 9.009556472301483154e-02
2.275308668613433838e-01 8.988570421934127808e-02
2.195424586534500122e-01 8.959639072418212891e-02
2.113629281520843506e-01 8.922721445560455322e-02
2.030462622642517090e-01 8.879044651985168457e-02
1.949479877948760986e-01 8.830088376998901367e-02
1.870305836200714111e-01 8.774096518754959106e-02
1.793113350868225098e-01 8.709707111120223999e-02
1.718075871467590332e-01 8.635838329792022705e-02
1.643842756748199463e-01 8.551789820194244385e-02
1.567619740962982178e-01 8.451271802186965942e-02
1.487344652414321899e-01 8.331032842397689819e-02
1.405163258314132690e-01 8.193682134151458740e-02
1.322946697473526001e-01 8.038859069347381592e-02
1.243905127048492432e-01 7.874429225921630859e-02
1.167391017079353333e-01 7.699141651391983032e-02
1.092765405774116516e-01 7.506078481674194336e-02
1.019211187958717346e-01 7.288740575313568115e-02
9.456431120634078979e-02 7.041254639625549316e-02
8.701464533805847168e-02 6.761650741100311279e-02
7.935877889394760132e-02 6.452379375696182251e-02
7.196554541587829590e-02 6.131690740585327148e-02
6.503909081220626831e-02 5.811419337987899780e-02
5.890641734004020691e-02 5.506936460733413696e-02
5.341387912631034851e-02 5.210710689425468445e-02
4.820727184414863586e-02 4.900639131665229797e-02
4.298302903771400452e-02 4.556817933917045593e-02
3.756970539689064026e-02 4.172012582421302795e-02
3.199413046240806580e-02 3.751291334629058838e-02
2.641135640442371368e-02 3.308636322617530823e-02
2.128113433718681335e-02 2.880493551492691040e-02
1.686006970703601837e-02 2.488946169614791870e-02
1.331482455134391785e-02 2.144834399223327637e-02
1.055397093296051025e-02 1.848172023892402649e-02
8.346452377736568451e-03 1.583894900977611542e-02
6.516007240861654282e-03 1.346795447170734406e-02
4.989539273083209991e-03 1.132550463080406189e-02
3.657801076769828796e-03 9.386145509779453278e-03
2.476182300597429276e-03 7.676459383219480515e-03
1.520739635452628136e-03 6.134318187832832336e-03
7.859510951675474644e-04 4.582962952554225922e-03
3.344349097460508347e-04 2.850338118150830269e-03
1.125754424720071256e-04 8.861221140250563622e-04
1.759354054229333997e-04 -1.330912113189697266e-03
5.394296604208648205e-04 -3.592490684241056442e-03
1.338957576081156731e-03 -5.777318961918354034e-03
2.464414108544588089e-03 -7.644530851393938065e-03
4.025195725262165070e-03 -9.073947556316852570e-03
6.080162245780229568e-03 -1.014341227710247040e-02
8.747713640332221985e-03 -1.094601862132549286e-02
1.209051534533500671e-02 -1.158537529408931732e-02
1.594835333526134491e-02 -1.207658741623163223e-02
2.025915309786796570e-02 -1.246356870979070663e-02
2.491698600351810455e-02 -1.270797848701477051e-02
3.004417940974235535e-02 -1.281824894249439240e-02
3.560375794768333435e-02 -1.271181460469961166e-02
4.175837710499763489e-02 -1.241764053702354431e-02
4.851405695080757141e-02 -1.197657454758882523e-02
5.587631091475486755e-02 -1.142270490527153015e-02
6.392145156860351562e-02 -1.076183654367923737e-02
7.249316573143005371e-02 -9.981231763958930969e-03
8.123013377189636230e-02 -9.143093600869178772e-03
8.997257798910140991e-02 -8.268658071756362915e-03
9.874297678470611572e-02 -7.372624240815639496e-03
1.075238287448883057e-01 -6.459156051278114319e-03
1.162814497947692871e-01 -5.548262502998113632e-03
1.248760968446731567e-01 -4.655452445149421692e-03
1.331726610660552979e-01 -3.798949765041470528e-03
1.414820849895477295e-01 -2.949780318886041641e-03
1.497649699449539185e-01 -2.117341384291648865e-03
1.578608304262161255e-01 -1.315685221925377846e-03
1.661443263292312622e-01 -5.143781309016048908e-04
1.746016293764114380e-01 2.871102769859135151e-04
1.834508776664733887e-01 1.105104456655681133e-03
1.924640536308288574e-01 1.922872150316834450e-03
2.015066295862197876e-01 2.723878016695380211e-03
2.104249894618988037e-01 3.492916701361536980e-03
2.196071892976760864e-01 4.259296227246522903e-03
2.292294353246688843e-01 5.029086954891681671e-03
2.391912192106246948e-01 5.793905816972255707e-03
2.498879879713058472e-01 6.583629176020622253e-03
2.609490156173706055e-01 7.368084043264389038e-03
2.722060382366180420e-01 8.140415884554386139e-03
2.830114960670471191e-01 8.854458108544349670e-03
2.932033538818359375e-01 9.499476291239261627e-03
3.027154505252838135e-01 1.007009297609329224e-02
3.118752241134643555e-01 1.059136260300874710e-02
3.211316466331481934e-01 1.108774822205305099e-02
3.304200768470764160e-01 1.155891176313161850e-02
3.401553332805633545e-01 1.203143224120140076e-02
3.502303361892700195e-01 1.249569188803434372e-02
3.604451417922973633e-01 1.294264476746320724e-02
3.705704510211944580e-01 1.335783395916223526e-02
3.803810775279998779e-01 1.373685989528894424e-02
3.898144960403442383e-01 1.407792512327432632e-02
3.988849818706512451e-01 1.438453327864408493e-02
4.079203009605407715e-01 1.466825511306524277e-02
4.167275726795196533e-01 1.492334529757499695e-02
4.258238375186920166e-01 1.516344491392374039e-02
4.352514445781707764e-01 1.539133395999670029e-02
4.450783133506774902e-01 1.560639590024948120e-02
4.552511572837829590e-01 1.580836623907089233e-02
4.656082689762115479e-01 1.598895527422428131e-02
4.759764075279235840e-01 1.614695601165294647e-02
4.862810671329498291e-01 1.627883687615394592e-02
4.963006079196929932e-01 1.638730801641941071e-02
5.058088898658752441e-01 1.646848954260349274e-02
5.150474309921264648e-01 1.652982831001281738e-02
5.238416790962219238e-01 1.657083444297313690e-02
5.323513150215148926e-01 1.659508794546127319e-02
5.407679080963134766e-01 1.660173013806343079e-02
5.493068099021911621e-01 1.659305021166801453e-02
5.580711364746093750e-01 1.656750775873661041e-02
5.671013593673706055e-01 1.652781479060649872e-02
5.761039853096008301e-01 1.647404953837394714e-02
5.851973295211791992e-01 1.640461944043636322e-02
5.944086909294128418e-01 1.631820201873779297e-02
6.036578416824340820e-01 1.621309667825698853e-02
6.129395365715026855e-01 1.609043031930923462e-02
6.223204135894775391e-01 1.595084369182586670e-02
6.317497491836547852e-01 1.579540222883224487e-02
6.411961913108825684e-01 1.562542282044887543e-02
6.503955125808715820e-01 1.544580142945051193e-02
6.592685580253601074e-01 1.525727007538080215e-02
6.679481863975524902e-01 1.505913678556680679e-02
6.765193343162536621e-01 1.484962180256843567e-02
6.849252581596374512e-01 1.463237591087818146e-02
6.931452155113220215e-01 1.440868712961673737e-02
7.012362480163574219e-01 1.417805813252925873e-02
7.093576788902282715e-01 1.365047506988048553e-02
7.175741791725158691e-01 1.310451515018939972e-02
7.258839011192321777e-01 1.253894437104463577e-02
7.343046665191650391e-01 1.195393968373537064e-02
7.428324222564697266e-01 1.135001797229051590e-02
7.513896226882934570e-01 1.073312107473611832e-02
7.596999406814575195e-01 1.012273225933313370e-02
7.676439881324768066e-01 9.528420865535736084e-03
7.752735614776611328e-01 8.946201764047145844e-03
7.828276753425598145e-01 8.358317427337169647e-03
7.903962731361389160e-01 7.757511455565690994e-03
7.980599999427795410e-01 7.138286717236042023e-03
8.057909607887268066e-01 6.503226701170206070e-03
8.136920332908630371e-01 5.843320395797491074e-03
8.216845989227294922e-01 5.164517555385828018e-03
8.294686079025268555e-01 4.493108019232749939e-03
8.368924856185913086e-01 3.842953359708189964e-03
8.441517949104309082e-01 3.196110483258962631e-03
8.512728810310363770e-01 2.552002668380737305e-03
8.583514094352722168e-01 1.901835086755454540e-03
8.654801845550537109e-01 1.237032236531376839e-03
8.728500008583068848e-01 5.394078907556831837e-04
8.807641863822937012e-01 -2.198740548919886351e-04
8.892117738723754883e-01 -1.040394883602857590e-03
8.978608846664428711e-01 -1.890103914774954319e-03
9.067702889442443848e-01 -2.774163382127881050e-03
9.163656234741210938e-01 -3.733302466571331024e-03
9.266094565391540527e-01 -4.760700277984142303e-03
9.364013075828552246e-01 -5.744216963648796082e-03
9.458172917366027832e-01 -6.688893772661685944e-03
9.549754261970520020e-01 -7.604522630572319031e-03
9.639363884925842285e-01 -8.496351540088653564e-03
9.680867195129394531e-01 -8.908072486519813538e-03
9.761629104614257812e-01 -9.708999656140804291e-03
9.840363860130310059e-01 -1.049093622714281082e-02
9.918232560157775879e-01 -1.126711722463369370e-02
9.996395111083984375e-01 -1.205078046768903732e-02
