9.997930526733398438e-01 1.334330154350027442e-04
9.952093362808227539e-01 1.368495286442339420e-03
9.882664680480957031e-01 2.788942772895097733e-03
9.795387387275695801e-01 4.320986568927764893e-03
9.696006178855895996e-01 5.890838336199522018e-03
9.541154503822326660e-01 8.090039715170860291e-03
9.440153837203979492e-01 9.375767782330513000e-03
9.343763589859008789e-01 1.049668621271848679e-02
9.252284169197082520e-01 1.145940367132425308e-02
9.167091250419616699e-01 1.226532645523548126e-02
9.076535701751708984e-01 1.308945193886756897e-02
8.984474539756774902e-01 1.388942170888185501e-02
8.889189958572387695e-01 1.469049975275993347e-02
8.792445659637451172e-01 1.547803636640310287e-02
8.694109916687011719e-01 1.625504344701766968e-02
8.594679236412048340e-01 1.702284254133701324e-02
8.495580554008483887e-01 1.777319796383380890e-02
8.395243883132934570e-01 1.852160692214965820e-02
8.294833302497863770e-01 1.925854571163654327e-02
8.194385170936584473e-01 1.998705230653285980e-02
8.094195127487182617e-01 2.070514671504497528e-02
7.994207739830017090e-01 2.141538262367248535e-02
7.896923422813415527e-01 2.210084162652492523e-02
7.802423238754272461e-01 2.276220545172691345e-02
7.713156342506408691e-01 2.338316291570663452e-02
7.630042433738708496e-01 2.395791746675968170e-02
7.552049756050109863e-01 2.449476532638072968e-02
7.478624582290649414e-01 2.499781176447868347e-02
7.408428788185119629e-01 2.547665871679782867e-02
7.338331341743469238e-01 2.595288306474685669e-02
7.267963290214538574e-01 2.642935886979103088e-02
7.197043895721435547e-01 2.690793946385383606e-02
7.124243378639221191e-01 2.739763259887695312e-02
7.049564123153686523e-01 2.789790742099285126e-02
6.973016262054443359e-01 2.840861491858959198e-02
6.895177364349365234e-01 2.892579324543476105e-02
6.816683411598205566e-01 2.944513596594333649e-02
6.736826896667480469e-01 2.997093275189399719e-02
6.654802560806274414e-01 3.050832822918891907e-02
6.573101878166198730e-01 3.104072995483875275e-02
6.491308808326721191e-01 3.157047182321548462e-02
6.408731937408447266e-01 3.210178017616271973e-02
6.324538588523864746e-01 3.263962641358375549e-02
6.239718198776245117e-01 3.317739441990852356e-02
6.154667139053344727e-01 3.371201455593109131e-02
6.069690585136413574e-01 3.424118459224700928e-02
5.984175205230712891e-01 3.476871922612190247e-02
5.898584723472595215e-01 3.529126197099685669e-02
5.813894867897033691e-01 3.580186888575553894e-02
5.729224681854248047e-01 3.630578517913818359e-02
5.644174218177795410e-01 3.680495917797088623e-02
5.558155179023742676e-01 3.730228543281555176e-02
5.471885800361633301e-01 3.779299557209014893e-02
5.384977459907531738e-01 3.827888146042823792e-02
5.297080874443054199e-01 3.876055777072906494e-02
5.208235383033752441e-01 3.923694044351577759e-02
5.118661522865295410e-01 3.970593959093093872e-02
5.029178857803344727e-01 4.016355052590370178e-02
4.940395057201385498e-01 4.060647264122962952e-02
4.852254688739776611e-01 4.103399440646171570e-02
4.764611124992370605e-01 4.144602641463279724e-02
4.678277075290679932e-01 4.183880612254142761e-02
4.592157304286956787e-01 4.221634566783905029e-02
4.504887461662292480e-01 4.258400574326515198e-02
4.415861070156097412e-01 4.294312000274658203e-02
4.324947297573089600e-01 4.329320415854454041e-02
4.233473241329193115e-01 4.362810030579566956e-02
4.141651391983032227e-01 4.394558444619178772e-02
4.050611257553100586e-01 4.424296692013740540e-02
3.961708247661590576e-01 4.451580345630645752e-02
3.876575231552124023e-01 4.475890100002288818e-02
3.794453144073486328e-01 4.497535526752471924e-02
3.714872300624847412e-01 4.516753554344177246e-02
3.637325465679168701e-01 4.533806443214416504e-02
3.560988306999206543e-01 4.548918828368186951e-02
3.484963178634643555e-01 4.562204331159591675e-02
3.407850265502929688e-01 4.573931917548179626e-02
3.330589234828948975e-01 4.583911597728729248e-02
3.253257274627685547e-01 4.592076316475868225e-02
3.176278471946716309e-01 4.598324745893478394e-02
3.099398016929626465e-01 4.602684825658798218e-02
3.023087084293365479e-01 4.605081304907798767e-02
2.947218716144561768e-01 4.605344682931900024e-02
2.870499491691589355e-01 4.603227972984313965e-02
2.791354060173034668e-01 4.598405584692955017e-02
2.709558606147766113e-01 4.590853303670883179e-02
2.625474333763122559e-01 4.580214619636535645e-02
2.539336085319519043e-01 4.566349834203720093e-02
2.451481968164443970e-01 4.548776522278785706e-02
2.362891137599945068e-01 4.527373239398002625e-02
2.274911403656005859e-01 4.502123966813087463e-02
2.188519090414047241e-01 4.473306983709335327e-02
2.104883790016174316e-01 4.441908374428749084e-02
2.025224715471267700e-01 4.409082233905792236e-02
1.950193494558334351e-01 4.375075176358222961e-02
1.877747029066085815e-01 4.338523745536804199e-02
1.805222183465957642e-01 4.297330603003501892e-02
1.728896945714950562e-01 4.248649626970291138e-02
1.647161096334457397e-01 4.191134870052337646e-02
1.558560281991958618e-01 4.122640192508697510e-02
1.464449614286422729e-01 4.043135419487953186e-02
1.370246857404708862e-01 3.957880660891532898e-02
1.280059069395065308e-01 3.870192170143127441e-02
1.195127815008163452e-01 3.780522942543029785e-02
1.113885045051574707e-01 3.685939311981201172e-02
1.032946333289146423e-01 3.579516336321830750e-02
9.483679383993148804e-02 3.452969714999198914e-02
8.589886128902435303e-02 3.303949907422065735e-02
7.634782046079635620e-02 3.129713609814643860e-02
6.643315404653549194e-02 2.929920889437198639e-02
5.704432353377342224e-02 2.727603539824485779e-02
4.857654124498367310e-02 2.530212141573429108e-02
4.120409488677978516e-02 2.340206503868103027e-02
3.482210263609886169e-02 2.150665037333965302e-02
2.909102290868759155e-02 1.951991952955722809e-02
2.368772961199283600e-02 1.732206158339977264e-02
1.853075623512268066e-02 1.487262267619371414e-02
1.351153105497360229e-02 1.212244667112827301e-02
8.790810592472553253e-03 9.123545140027999878e-03
5.054500419646501541e-03 6.248051766306161880e-03
2.359528094530105591e-03 3.589141648262739182e-03
7.246748427860438824e-04 1.268084044568240643e-03
-3.105368887190707028e-05 -6.613953737542033195e-04
-1.794768031686544418e-04 -2.138100098818540573e-03
1.091754165827296674e-05 -3.225724445655941963e-03
3.826820466201752424e-04 -4.027570597827434540e-03
7.849993999116122723e-04 -4.702065140008926392e-03
1.196505036205053329e-03 -5.341097712516784668e-03
1.774641219526529312e-03 -5.937642417848110199e-03
2.435692120343446732e-03 -6.584925111383199692e-03
3.138457424938678741e-03 -7.263607345521450043e-03
3.842413192614912987e-03 -7.945419289171695709e-03
4.545395262539386749e-03 -8.590420708060264587e-03
5.433461628854274750e-03 -9.248068556189537048e-03
6.691020913422107697e-03 -9.977332316339015961e-03
8.512452244758605957e-03 -1.083629764616489410e-02
1.110314857214689255e-02 -1.186224538832902908e-02
1.463300921022891998e-02 -1.306796353310346603e-02
1.923363283276557922e-02 -1.440597046166658401e-02
2.490751631557941437e-02 -1.578003540635108948e-02
3.148659318685531616e-02 -1.709788665175437927e-02
3.878024965524673462e-02 -1.829338259994983673e-02
4.673577845096588135e-02 -1.935354992747306824e-02
5.505046620965003967e-02 -2.025366947054862976e-02
6.338609755039215088e-02 -2.098942361772060394e-02
7.142020761966705322e-02 -2.157723903656005859e-02
7.895053178071975708e-02 -2.204200625419616699e-02
8.614907413721084595e-02 -2.240729890763759613e-02
9.314520657062530518e-02 -2.268810197710990906e-02
9.996075928211212158e-02 -2.290004305541515350e-02
1.068096756935119629e-01 -2.306460961699485779e-02
1.139882132411003113e-01 -2.320325560867786407e-02
1.215381473302841187e-01 -2.331084571778774261e-02
1.293376088142395020e-01 -2.338528074324131012e-02
1.372845619916915894e-01 -2.342098578810691833e-02
1.452372372150421143e-01 -2.341995574533939362e-02
1.534034609794616699e-01 -2.338512800633907318e-02
1.616968661546707153e-01 -2.331710234284400940e-02
1.700348556041717529e-01 -2.321475744247436523e-02
1.783741563558578491e-01 -2.308490127325057983e-02
1.869751811027526855e-01 -2.292241156101226807e-02
1.956479698419570923e-01 -2.273566834628582001e-02
2.043416053056716919e-01 -2.252512797713279724e-02
2.132158279418945312e-01 -2.228557132184505463e-02
2.223026156425476074e-01 -2.201540023088455200e-02
2.317975908517837524e-01 -2.171099558472633362e-02
2.416961044073104858e-01 -2.137009613215923309e-02
2.516725957393646240e-01 -2.100786194205284119e-02
2.613138556480407715e-01 -2.064334787428379059e-02
2.707471251487731934e-01 -2.027377299964427948e-02
2.795968949794769287e-01 -1.991321519017219543e-02
2.880656421184539795e-01 -1.955447159707546234e-02
2.965191304683685303e-01 -1.918346993625164032e-02
3.052147924900054932e-01 -1.878967508673667908e-02
3.142183423042297363e-01 -1.837387867271900177e-02
3.235478103160858154e-01 -1.793661527335643768e-02
3.327021300792694092e-01 -1.750134676694869995e-02
3.413954377174377441e-01 -1.708162203431129456e-02
3.497330546379089355e-01 -1.667379960417747498e-02
3.576567471027374268e-01 -1.627967692911624908e-02
3.654594123363494873e-01 -1.588631421327590942e-02
3.734413385391235352e-01 -1.547980215400457382e-02
3.817711770534515381e-01 -1.505246758460998535e-02
3.903407156467437744e-01 -1.461002603173255920e-02
3.991437256336212158e-01 -1.415323745459318161e-02
4.079451262950897217e-01 -1.369373127818107605e-02
4.166336655616760254e-01 -1.323786098510026932e-02
4.252424538135528564e-01 -1.278431992977857590e-02
4.337213933467864990e-01 -1.233620662242174149e-02
4.421544373035430908e-01 -1.188949402421712875e-02
4.506628513336181641e-01 -1.143818907439708710e-02
4.593178629875183105e-01 -1.097877975553274155e-02
4.679990708827972412e-01 -1.051796972751617432e-02
4.767667353153228760e-01 -1.005293615162372589e-02
4.855636656284332275e-01 -9.586997330188751221e-03
4.943720698356628418e-01 -9.121385402977466583e-03
5.030819773674011230e-01 -8.662094362080097198e-03
5.115661621093750000e-01 -8.216054178774356842e-03
5.198438167572021484e-01 -7.782397326081991196e-03
5.280288457870483398e-01 -7.355526089668273926e-03
5.360272526741027832e-01 -6.940136663615703583e-03
5.437642931938171387e-01 -6.540107075124979019e-03
5.514771342277526855e-01 -6.143586244434118271e-03
5.593181252479553223e-01 -5.743248853832483292e-03
5.674487948417663574e-01 -5.331192631274461746e-03
5.758328437805175781e-01 -4.909824579954147339e-03
5.845030546188354492e-01 -4.477935843169689178e-03
5.934236049652099609e-01 -4.037662409245967865e-03
6.024536490440368652e-01 -3.595754969865083694e-03
6.112088561058044434e-01 -3.171595046296715736e-03
6.196013092994689941e-01 -2.769781043753027916e-03
6.278480887413024902e-01 -2.380541758611798286e-03
6.360685229301452637e-01 -1.998751191422343254e-03
6.443263292312622070e-01 -1.621440052986145020e-03
6.526913046836853027e-01 -1.245662686415016651e-03
6.612301468849182129e-01 -8.685842039994895458e-04
6.697749495506286621e-01 -4.971296875737607479e-04
6.780564188957214355e-01 -1.429809490218758583e-04
6.860161423683166504e-01 1.898786285892128944e-04
6.937509179115295410e-01 5.050760810263454914e-04
7.015054225921630859e-01 8.124220184981822968e-04
7.093527317047119141e-01 1.114827929995954037e-03
7.173593640327453613e-01 1.414426951669156551e-03
7.256822586059570312e-01 1.716095372103154659e-03
7.343755960464477539e-01 2.019936917349696159e-03
7.431183457374572754e-01 2.314884448423981667e-03
7.518562674522399902e-01 2.596586011350154877e-03
7.607506513595581055e-01 2.868460258468985558e-03
7.698784470558166504e-01 3.130079712718725204e-03
7.792901992797851562e-01 3.381265327334403992e-03
7.889235019683837891e-01 3.617921378463506699e-03
7.987909317016601562e-01 3.838278120383620262e-03
8.088892102241516113e-01 4.041485488414764404e-03
8.190537691116333008e-01 4.222999326884746552e-03
8.288807272911071777e-01 4.373508039861917496e-03
8.383843898773193359e-01 4.494345281273126602e-03
8.476289510726928711e-01 4.585520830005407333e-03
8.566792011260986328e-01 4.646968562155961990e-03
8.655819296836853027e-01 4.678058438003063202e-03
8.744428753852844238e-01 4.677511751651763916e-03
8.833556771278381348e-01 4.645970184355974197e-03
8.923493027687072754e-01 4.581009969115257263e-03
9.013519883155822754e-01 4.479549359530210495e-03
9.102612137794494629e-01 4.336615093052387238e-03
9.190979599952697754e-01 4.150548484176397324e-03
9.280129075050354004e-01 3.908992279320955276e-03
9.373178482055664062e-01 3.593797795474529266e-03
9.461013078689575195e-01 3.256829455494880676e-03
9.544810652732849121e-01 2.896136837080121040e-03
9.624861478805541992e-01 2.511879196390509605e-03
9.701243638992309570e-01 2.103234175592660904e-03
9.736540317535400391e-01 1.898127840831875801e-03
9.804590940475463867e-01 1.463466789573431015e-03
9.870176315307617188e-01 9.880504803732037544e-04
9.934408068656921387e-01 4.620898689609020948e-04
9.998398423194885254e-01 -1.242041616933420300e-04
