9.995220303535461426e-01 2.108394983224570751e-04
9.943154454231262207e-01 1.798546058125793934e-03
9.875411987304687500e-01 3.405004274100065231e-03
9.794817566871643066e-01 5.006319377571344376e-03
9.704194664955139160e-01 6.578595843166112900e-03
9.558261632919311523e-01 8.794144727289676666e-03
9.455410242080688477e-01 1.018064841628074646e-02
9.350537061691284180e-01 1.148084178566932678e-02
9.245734810829162598e-01 1.268017012625932693e-02
9.145154953002929688e-01 1.374263130128383636e-02
9.039810299873352051e-01 1.481099519878625870e-02
8.933710455894470215e-01 1.584310643374919891e-02
8.828392624855041504e-01 1.683830097317695618e-02
8.725898265838623047e-01 1.778380200266838074e-02
8.626083135604858398e-01 1.868601143360137939e-02
8.528060317039489746e-01 1.955540664494037628e-02
8.433361053466796875e-01 2.038048766553401947e-02
8.340601325035095215e-01 2.117668278515338898e-02
8.250029087066650391e-01 2.194127067923545837e-02
8.159009814262390137e-01 2.269917167723178864e-02
8.067383170127868652e-01 2.345172315835952759e-02
7.975602149963378906e-01 2.419484592974185944e-02
7.884108424186706543e-01 2.492503635585308075e-02
7.792149782180786133e-01 2.564899064600467682e-02
7.701182365417480469e-01 2.635642699897289276e-02
7.613916397094726562e-01 2.702615782618522644e-02
7.531038522720336914e-01 2.765439450740814209e-02
7.452601194381713867e-01 2.824110724031925201e-02
7.377330660820007324e-01 2.879687957465648651e-02
7.304722666740417480e-01 2.932593226432800293e-02
7.232882380485534668e-01 2.984224818646907806e-02
7.159693241119384766e-01 3.036105632781982422e-02
7.083085775375366211e-01 3.089680336415767670e-02
7.003384828567504883e-01 3.144612163305282593e-02
6.920769810676574707e-01 3.200674429535865784e-02
6.836271882057189941e-01 3.257109224796295166e-02
6.750733256340026855e-01 3.313323482871055603e-02
6.665644049644470215e-01 3.368320316076278687e-02
6.581790447235107422e-01 3.421489521861076355e-02
6.498993635177612305e-01 3.472944349050521851e-02
6.416419744491577148e-01 3.523161262273788452e-02
6.333329081535339355e-01 3.572596237063407898e-02
6.249715089797973633e-01 3.621246665716171265e-02
6.165494322776794434e-01 3.669197484850883484e-02
6.081447601318359375e-01 3.715986758470535278e-02
5.998595356941223145e-01 3.761074692010879517e-02
5.918166637420654297e-01 3.803814575076103210e-02
5.839348435401916504e-01 3.844597190618515015e-02
5.761916637420654297e-01 3.883563727140426636e-02
5.684831738471984863e-01 3.921296074986457825e-02
5.607157349586486816e-01 3.958234935998916626e-02
5.528017878532409668e-01 3.994743898510932922e-02
5.446721911430358887e-01 4.031066223978996277e-02
5.363340377807617188e-01 4.067091271281242371e-02
5.279141068458557129e-01 4.102256894111633301e-02
5.194693803787231445e-01 4.136234149336814880e-02
5.109267234802246094e-01 4.169255867600440979e-02
5.023440122604370117e-01 4.200968146324157715e-02
4.937424361705780029e-01 4.231255501508712769e-02
4.851070940494537354e-01 4.260142892599105835e-02
4.764692485332489014e-01 4.287601634860038757e-02
4.678445458412170410e-01 4.313611984252929688e-02
4.592898786067962646e-01 4.337964579463005066e-02
4.509545862674713135e-01 4.360254108905792236e-02
4.428184926509857178e-01 4.380594938993453979e-02
4.347792863845825195e-01 4.399257525801658630e-02
4.268261790275573730e-01 4.416298866271972656e-02
4.188673198223114014e-01 4.431848227977752686e-02
4.109583497047424316e-01 4.445992410182952881e-02
4.031725823879241943e-01 4.458666592836380005e-02
3.954904973506927490e-01 4.469931498169898987e-02
3.878746032714843750e-01 4.479767009615898132e-02
3.803164064884185791e-01 4.488023743033409119e-02
3.727437555789947510e-01 4.494835808873176575e-02
3.649708330631256104e-01 4.500247165560722351e-02
3.569659590721130371e-01 4.504235461354255676e-02
3.486061692237854004e-01 4.506725072860717773e-02
3.400690853595733643e-01 4.507406055927276611e-02
3.315089643001556396e-01 4.506273195147514343e-02
3.230281472206115723e-01 4.503361880779266357e-02
3.146528899669647217e-01 4.498586058616638184e-02
3.064094483852386475e-01 4.491902142763137817e-02
2.982318997383117676e-01 4.482989758253097534e-02
2.899229824542999268e-01 4.471524432301521301e-02
2.814261317253112793e-01 4.457214102149009705e-02
2.727894484996795654e-01 4.440660402178764343e-02
2.641156613826751709e-01 4.421931505203247070e-02
2.554975450038909912e-01 4.400927945971488953e-02
2.468434870243072510e-01 4.376686736941337585e-02
2.380868047475814819e-01 4.348637536168098450e-02
2.292016893625259399e-01 4.316388070583343506e-02
2.200877666473388672e-01 4.279500618577003479e-02
2.108400464057922363e-01 4.238757491111755371e-02
2.017064094543457031e-01 4.195466637611389160e-02
1.931180804967880249e-01 4.151766374707221985e-02
1.850752234458923340e-01 4.107314720749855042e-02
1.774210780858993530e-01 4.060643911361694336e-02
1.697795093059539795e-01 4.009131342172622681e-02
1.620269864797592163e-01 3.952136263251304626e-02
1.540347486734390259e-01 3.888842090964317322e-02
1.458429098129272461e-01 3.820104897022247314e-02
1.377218514680862427e-01 3.747927770018577576e-02
1.299770325422286987e-01 3.674883767962455750e-02
1.228043809533119202e-01 3.602029755711555481e-02
1.160303428769111633e-01 3.527743369340896606e-02
1.093472316861152649e-01 3.447939828038215637e-02
1.024576574563980103e-01 3.358736261725425720e-02
9.537445008754730225e-02 3.260767087340354919e-02
8.798906952142715454e-02 3.151747956871986389e-02
8.034352213144302368e-02 3.029325604438781738e-02
7.267630845308303833e-02 2.897965535521507263e-02
6.515707820653915405e-02 2.757897228002548218e-02
5.782509222626686096e-02 2.607337199151515961e-02
5.066559463739395142e-02 2.443176135420799255e-02
4.366635531187057495e-02 2.267045900225639343e-02
3.692869842052459717e-02 2.081466093659400940e-02
3.066897764801979065e-02 1.891257427632808685e-02
2.484188787639141083e-02 1.693236827850341797e-02
1.947251521050930023e-02 1.485369540750980377e-02
1.482967846095561981e-02 1.277795899659395218e-02
1.085719466209411621e-02 1.067529153078794479e-02
7.515331730246543884e-03 8.563961833715438843e-03
4.778398200869560242e-03 6.506786681711673737e-03
2.703860402107238770e-03 4.687186330556869507e-03
1.262889010831713676e-03 3.181411419063806534e-03
4.069589776918292046e-04 1.990431221202015877e-03
-3.808867768384516239e-05 1.021219417452812195e-03
-1.707910996628925204e-04 1.788499212125316262e-04
-3.496632643873454072e-06 -5.941466079093515873e-04
3.237705677747726440e-04 -1.441233907826244831e-03
7.535601616837084293e-04 -2.393988193944096565e-03
1.234798110090196133e-03 -3.409309778362512589e-03
1.817085663788020611e-03 -4.389200825244188309e-03
2.689508255571126938e-03 -5.356095731258392334e-03
4.145330749452114105e-03 -6.370919756591320038e-03
6.545182783156633377e-03 -7.489802315831184387e-03
9.909140877425670624e-03 -8.720656856894493103e-03
1.438866648823022842e-02 -1.005963608622550964e-02
2.004574239253997803e-02 -1.148519013077020645e-02
2.672113105654716492e-02 -1.289951056241989136e-02
3.409727290272712708e-02 -1.419726572930812836e-02
4.185665026307106018e-02 -1.531532313674688339e-02
4.993253201246261597e-02 -1.626821607351303101e-02
5.827000364661216736e-02 -1.708934642374515533e-02
6.685055047273635864e-02 -1.780910417437553406e-02
7.516235858201980591e-02 -1.842113398015499115e-02
8.330574631690979004e-02 -1.896325498819351196e-02
9.137212485074996948e-02 -1.945554465055465698e-02
9.946224838495254517e-02 -1.989662647247314453e-02
1.076075956225395203e-01 -2.028835192322731018e-02
1.157904490828514099e-01 -2.063913829624652863e-02
1.241484805941581726e-01 -2.096652053296566010e-02
1.327286958694458008e-01 -2.127550914883613586e-02
1.412552446126937866e-01 -2.156163379549980164e-02
1.494150161743164062e-01 -2.180615998804569244e-02
1.571726351976394653e-01 -2.201869338750839233e-02
1.646375805139541626e-01 -2.220375463366508484e-02
1.720069348812103271e-01 -2.236845158040523529e-02
1.795298755168914795e-01 -2.251725643873214722e-02
1.874009817838668823e-01 -2.265339344739913940e-02
1.959485262632369995e-01 -2.278206497430801392e-02
2.050732970237731934e-01 -2.290381491184234619e-02
2.144315987825393677e-01 -2.301235496997833252e-02
2.240803390741348267e-01 -2.310473471879959106e-02
2.337922155857086182e-01 -2.317606098949909210e-02
2.434743046760559082e-01 -2.322675660252571106e-02
2.531369924545288086e-01 -2.325608208775520325e-02
2.626394927501678467e-01 -2.326758578419685364e-02
2.719190716743469238e-01 -2.326360158622264862e-02
2.810336649417877197e-01 -2.324643172323703766e-02
2.897332012653350830e-01 -2.321621403098106384e-02
2.981484234333038330e-01 -2.317125536501407623e-02
3.066834807395935059e-01 -2.311094291508197784e-02
3.154234588146209717e-01 -2.303373813629150391e-02
3.241766393184661865e-01 -2.294480055570602417e-02
3.329563736915588379e-01 -2.284554578363895416e-02
3.414323627948760986e-01 -2.273980714380741119e-02
3.496419489383697510e-01 -2.262619510293006897e-02
3.575793504714965820e-01 -2.250477671623229980e-02
3.652231395244598389e-01 -2.237563021481037140e-02
3.729415237903594971e-01 -2.223370410501956940e-02
3.810706436634063721e-01 -2.207328751683235168e-02
3.896825313568115234e-01 -2.189228497445583344e-02
3.983739018440246582e-01 -2.169908210635185242e-02
4.070853888988494873e-01 -2.149554342031478882e-02
4.156791269779205322e-01 -2.128284610807895660e-02
4.241853952407836914e-01 -2.106104604899883270e-02
4.325335025787353516e-01 -2.083121985197067261e-02
4.407214820384979248e-01 -2.059368044137954712e-02
4.490000605583190918e-01 -2.034200914204120636e-02
4.575710594654083252e-01 -2.007029764354228973e-02
4.664171338081359863e-01 -1.977863349020481110e-02
4.751788377761840820e-01 -1.947852782905101776e-02
4.838680028915405273e-01 -1.917018555104732513e-02
4.924950003623962402e-01 -1.885329000651836395e-02
5.009844899177551270e-01 -1.853052154183387756e-02
5.093033909797668457e-01 -1.820321939885616302e-02
5.175013542175292969e-01 -1.786939054727554321e-02
5.257006287574768066e-01 -1.752563193440437317e-02
5.340224504470825195e-01 -1.716731116175651550e-02
5.423188805580139160e-01 -1.680155843496322632e-02
5.503146648406982422e-01 -1.644074730575084686e-02
5.580579638481140137e-01 -1.608384586870670319e-02
5.655886530876159668e-01 -1.572939567267894745e-02
5.729196071624755859e-01 -1.537703163921833038e-02
5.801573395729064941e-01 -1.502209343016147614e-02
5.875363945960998535e-01 -1.465320494025945663e-02
5.952547788619995117e-01 -1.426036935299634933e-02
6.034076809883117676e-01 -1.383928302675485611e-02
6.118171811103820801e-01 -1.339886430650949478e-02
6.203542351722717285e-01 -1.294555980712175369e-02
6.290674805641174316e-01 -1.247681118547916412e-02
6.378988027572631836e-01 -1.199581474065780640e-02
6.468077898025512695e-01 -1.150488853454589844e-02
6.558786034584045410e-01 -1.099995523691177368e-02
6.652248501777648926e-01 -1.047592051327228546e-02
6.748543381690979004e-01 -9.933358058333396912e-03
6.846277117729187012e-01 -9.381177835166454315e-03
6.943874359130859375e-01 -8.828930556774139404e-03
7.040102481842041016e-01 -8.284856565296649933e-03
7.134297490119934082e-01 -7.753898855298757553e-03
7.225181460380554199e-01 -7.244294043630361557e-03
7.313228249549865723e-01 -6.754417438060045242e-03
7.400130629539489746e-01 -6.275969557464122772e-03
7.487044930458068848e-01 -5.803785286843776703e-03
7.573838829994201660e-01 -5.338876973837614059e-03
7.661145329475402832e-01 -4.878930281847715378e-03
7.749400734901428223e-01 -4.422750789672136307e-03
7.838858366012573242e-01 -3.970935475081205368e-03
7.929162979125976562e-01 -3.526664339005947113e-03
8.020160794258117676e-01 -3.092737402766942978e-03
8.112298250198364258e-01 -2.668400295078754425e-03
8.205518126487731934e-01 -2.254504011943936348e-03
8.299138545989990234e-01 -1.855593523941934109e-03
8.390604853630065918e-01 -1.482449937611818314e-03
8.479251265525817871e-01 -1.136891311034560204e-03
8.565000891685485840e-01 -8.207559003494679928e-04
8.648678064346313477e-01 -5.322488141246140003e-04
8.730263113975524902e-01 -2.712786372285336256e-04
8.811382651329040527e-01 -3.398082117200829089e-05
8.893123865127563477e-01 1.819367607822641730e-04
8.975897431373596191e-01 3.758892707992345095e-04
9.059703350067138672e-01 5.457040388137102127e-04
9.142380952835083008e-01 6.847523036412894726e-04
9.223333001136779785e-01 7.911672582849860191e-04
9.303928613662719727e-01 8.604360045865178108e-04
9.385932087898254395e-01 8.936374797485768795e-04
9.460954070091247559e-01 9.021911537274718285e-04
9.530401229858398438e-01 8.904470596462488174e-04
9.595617651939392090e-01 8.582951850257813931e-04
9.658563137054443359e-01 8.006968419067561626e-04
9.688702225685119629e-01 7.615949143655598164e-04
9.751605987548828125e-01 6.452378584071993828e-04
9.821251630783081055e-01 4.660377162508666515e-04
9.901527166366577148e-01 2.096280950354412198e-04
9.996321797370910645e-01 -1.383574272040277719e-04
