9.994274973869323730e-01 2.997729752678424120e-04
9.934968948364257812e-01 1.683572889305651188e-03
9.862313866615295410e-01 3.112571313977241516e-03
9.779785871505737305e-01 4.564382135868072510e-03
9.690859317779541016e-01 6.016620434820652008e-03
9.556381106376647949e-01 8.105406537652015686e-03
9.469258189201354980e-01 9.435920976102352142e-03
9.384564161300659180e-01 1.073360443115234375e-02
9.301951527595520020e-01 1.201418973505496979e-02
9.222238659858703613e-01 1.326668541878461838e-02
9.136588573455810547e-01 1.462033297866582870e-02
9.050261378288269043e-01 1.598979160189628601e-02
8.964781165122985840e-01 1.734898053109645844e-02
8.881525397300720215e-01 1.867311447858810425e-02
8.799729347229003906e-01 1.997110247611999512e-02
8.717823028564453125e-01 2.126493118703365326e-02
8.633356690406799316e-01 2.258938364684581757e-02
8.544346094131469727e-01 2.397394366562366486e-02
8.450786471366882324e-01 2.541599422693252563e-02
8.352122902870178223e-01 2.692113257944583893e-02
8.250416517257690430e-01 2.845549397170543671e-02
8.148385882377624512e-01 2.997508458793163300e-02
8.049250245094299316e-01 3.143271058797836304e-02
7.953751087188720703e-01 3.281744942069053650e-02
7.862605452537536621e-01 3.411944210529327393e-02
7.773891091346740723e-01 3.536461666226387024e-02
7.687950730323791504e-01 3.654998168349266052e-02
7.603229284286499023e-01 3.769733756780624390e-02
7.517592906951904297e-01 3.883682563900947571e-02
7.430396080017089844e-01 3.997550532221794128e-02
7.341168522834777832e-01 4.111733660101890564e-02
7.251659035682678223e-01 4.223778471350669861e-02
7.161217331886291504e-01 4.334303736686706543e-02
7.070046067237854004e-01 4.442805796861648560e-02
6.977490782737731934e-01 4.550034925341606140e-02
6.886845827102661133e-01 4.652186855673789978e-02
6.798397302627563477e-01 4.749102517962455750e-02
6.713275909423828125e-01 4.839839041233062744e-02
6.631275415420532227e-01 4.924623668193817139e-02
6.552290320396423340e-01 5.003743246197700500e-02
6.475490927696228027e-01 5.077737942337989807e-02
6.399737000465393066e-01 5.148269236087799072e-02
6.323668360710144043e-01 5.216757580637931824e-02
6.246681809425354004e-01 5.283923819661140442e-02
6.169611811637878418e-01 5.348671972751617432e-02
6.091139316558837891e-01 5.411892384290695190e-02
6.011582016944885254e-01 5.473032966256141663e-02
5.930150151252746582e-01 5.532651767134666443e-02
5.847098827362060547e-01 5.590410530567169189e-02
5.761861801147460938e-01 5.646680295467376709e-02
5.676810741424560547e-01 5.699892342090606689e-02
5.592669248580932617e-01 5.749700963497161865e-02
5.510042905807495117e-01 5.795529857277870178e-02
5.428662300109863281e-01 5.837453156709671021e-02
5.347634553909301758e-01 5.876128375530242920e-02
5.266516804695129395e-01 5.911690741777420044e-02
5.184888839721679688e-01 5.944592133164405823e-02
5.101959705352783203e-01 5.975044146180152893e-02
5.017526745796203613e-01 6.003155931830406189e-02
4.932924509048461914e-01 6.028119847178459167e-02
4.849097132682800293e-01 6.049927696585655212e-02
4.765827357769012451e-01 6.068627908825874329e-02
4.683487117290496826e-01 6.084324046969413757e-02
4.601761400699615479e-01 6.096996366977691650e-02
4.520098865032196045e-01 6.106727942824363708e-02
4.437118172645568848e-01 6.113241612911224365e-02
4.352422356605529785e-01 6.116960570216178894e-02
4.264788627624511719e-01 6.117465347051620483e-02
4.176203012466430664e-01 6.115199252963066101e-02
4.087919294834136963e-01 6.110031902790069580e-02
4.000163376331329346e-01 6.102063134312629700e-02
3.912176191806793213e-01 6.090475618839263916e-02
3.822213709354400635e-01 6.074583530426025391e-02
3.729224205017089844e-01 6.053964048624038696e-02
3.632641732692718506e-01 6.028813496232032776e-02
3.535362780094146729e-01 6.000230088829994202e-02
3.436506390571594238e-01 5.967805907130241394e-02
3.340823352336883545e-01 5.932890996336936951e-02
3.248561024665832520e-01 5.895302072167396545e-02
3.160482048988342285e-01 5.855498462915420532e-02
3.074568510055541992e-01 5.812945216894149780e-02
2.989984750747680664e-01 5.767841637134552002e-02
2.906024754047393799e-01 5.720032379031181335e-02
2.823817431926727295e-01 5.670487880706787109e-02
2.743595838546752930e-01 5.618850514292716980e-02
2.664313018321990967e-01 5.565252527594566345e-02
2.586384713649749756e-01 5.509205907583236694e-02
2.507374882698059082e-01 5.449059605598449707e-02
2.426708042621612549e-01 5.383967235684394836e-02
2.343704253435134888e-01 5.313571915030479431e-02
2.258635610342025757e-01 5.237690359354019165e-02
2.170483767986297607e-01 5.154605954885482788e-02
2.080084830522537231e-01 5.064205080270767212e-02
1.988347172737121582e-01 4.967549815773963928e-02
1.899159699678421021e-01 4.869030416011810303e-02
1.812996715307235718e-01 4.769348353147506714e-02
1.731075793504714966e-01 4.670372977852821350e-02
1.654036343097686768e-01 4.572918638586997986e-02
1.581870317459106445e-01 4.476801306009292603e-02
1.512834876775741577e-01 4.380020871758460999e-02
1.443903595209121704e-01 4.279134795069694519e-02
1.372614800930023193e-01 4.169983789324760437e-02
1.300321966409683228e-01 4.055309668183326721e-02
1.227499619126319885e-01 3.934383019804954529e-02
1.153901219367980957e-01 3.807007893919944763e-02
1.080936416983604431e-01 3.675161674618721008e-02
1.008478924632072449e-01 3.537854552268981934e-02
9.354212135076522827e-02 3.391134738922119141e-02
8.623316138982772827e-02 3.237313777208328247e-02
7.881549745798110962e-02 3.072934970259666443e-02
7.110688090324401855e-02 2.891695871949195862e-02
6.332774460315704346e-02 2.695996686816215515e-02
5.541598051786422729e-02 2.484949491918087006e-02
4.755653068423271179e-02 2.261881902813911438e-02
3.987982496619224548e-02 2.026582323014736176e-02
3.244637697935104370e-02 1.777562499046325684e-02
2.536412514746189117e-02 1.515175402164459229e-02
1.903976127505302429e-02 1.253362651914358139e-02
1.350693311542272568e-02 9.943074546754360199e-03
8.820555172860622406e-03 7.440648972988128662e-03
5.175794474780559540e-03 5.149659235030412674e-03
2.606724388897418976e-03 3.213961608707904816e-03
1.045055571012198925e-03 1.690748147666454315e-03
2.381950616836547852e-04 5.546170868910849094e-04
-7.047684630379080772e-05 -2.576370607130229473e-04
-8.005191921256482601e-05 -8.291839621961116791e-04
1.258199336007237434e-04 -1.206996035762131214e-03
3.544446080923080444e-04 -1.520586549304425716e-03
5.508706090040504932e-04 -1.834418973885476589e-03
7.319595315493643284e-04 -2.178666880354285240e-03
1.009067404083907604e-03 -2.549211028963327408e-03
1.459169317968189716e-03 -2.977573545649647713e-03
2.110108500346541405e-03 -3.460067557170987129e-03
3.024914767593145370e-03 -4.000250715762376785e-03
4.391612019389867783e-03 -4.607146140187978745e-03
6.450994405895471573e-03 -5.276130512356758118e-03
9.002873674035072327e-03 -5.977095104753971100e-03
1.202424801886081696e-02 -6.675174925476312637e-03
1.556868012994527817e-02 -7.352265994995832443e-03
1.984123513102531433e-02 -8.009917102754116058e-03
2.506488375365734100e-02 -8.649093098938465118e-03
3.131545707583427429e-02 -9.256858378648757935e-03
3.866933286190032959e-02 -9.843897074460983276e-03
4.733809456229209900e-02 -1.043274067342281342e-02
5.709002912044525146e-02 -1.101946085691452026e-02
6.701081246137619019e-02 -1.155263464897871017e-02
7.681152969598770142e-02 -1.201888453215360641e-02
8.617655187845230103e-02 -1.241309847682714462e-02
9.508495777845382690e-02 -1.274580322206020355e-02
1.036235466599464417e-01 -1.302836928516626358e-02
1.120029091835021973e-01 -1.327192317694425583e-02
1.205520182847976685e-01 -1.349564827978610992e-02
1.296446919441223145e-01 -1.371918618679046631e-02
1.391537487506866455e-01 -1.393754407763481140e-02
1.488933116197586060e-01 -1.413700263947248459e-02
1.587479561567306519e-01 -1.432129833847284317e-02
1.683713346719741821e-01 -1.448440458625555038e-02
1.775577068328857422e-01 -1.462536398321390152e-02
1.861732602119445801e-01 -1.474384590983390808e-02
1.942899972200393677e-01 -1.484252512454986572e-02
2.019699811935424805e-01 -1.492492202669382095e-02
2.094215005636215210e-01 -1.499512884765863419e-02
2.167682796716690063e-01 -1.505516842007637024e-02
2.244008183479309082e-01 -1.510881446301937103e-02
2.321908921003341675e-01 -1.515568699687719345e-02
2.401846796274185181e-01 -1.519487146288156509e-02
2.483056038618087769e-01 -1.522602327167987823e-02
2.565066516399383545e-01 -1.524903904646635056e-02
2.648686468601226807e-01 -1.526320539414882660e-02
2.732438147068023682e-01 -1.526810601353645325e-02
2.817615270614624023e-01 -1.526310853660106659e-02
2.904565334320068359e-01 -1.524795126169919968e-02
2.995740175247192383e-01 -1.522185839712619781e-02
3.088588714599609375e-01 -1.518466509878635406e-02
3.183073699474334717e-01 -1.513718813657760620e-02
3.276644647121429443e-01 -1.508076023310422897e-02
3.366902172565460205e-01 -1.501811575144529343e-02
3.454247713088989258e-01 -1.494903769344091415e-02
3.537106513977050781e-01 -1.487481314688920975e-02
3.616648316383361816e-01 -1.479600649327039719e-02
3.694442808628082275e-01 -1.471143774688243866e-02
3.773796558380126953e-01 -1.461830921471118927e-02
3.854947984218597412e-01 -1.451581344008445740e-02
3.938367664813995361e-01 -1.440408173948526382e-02
4.023298323154449463e-01 -1.428355369716882706e-02
4.108931124210357666e-01 -1.415477693080902100e-02
4.195625185966491699e-01 -1.401768252253532410e-02
4.281860589981079102e-01 -1.387401204556226730e-02
4.366695582866668701e-01 -1.372565701603889465e-02
4.449912309646606445e-01 -1.357386168092489243e-02
4.532757401466369629e-01 -1.341664139181375504e-02
4.614386856555938721e-01 -1.325612422078847885e-02
4.695411920547485352e-01 -1.309089269489049911e-02
4.776695668697357178e-01 -1.291949488222599030e-02
4.861014783382415771e-01 -1.273522060364484787e-02
4.949526488780975342e-01 -1.253541745245456696e-02
5.043351054191589355e-01 -1.231680903583765030e-02
5.142119526863098145e-01 -1.207969430834054947e-02
5.243898630142211914e-01 -1.182887796312570572e-02
5.347851514816284180e-01 -1.156636793166399002e-02
5.450288057327270508e-01 -1.130137871950864792e-02
5.549370646476745605e-01 -1.103923004120588303e-02
5.643286705017089844e-01 -1.078533381223678589e-02
5.732741355895996094e-01 -1.053899805992841721e-02
5.816894173622131348e-01 -1.030342187732458115e-02
5.898126363754272461e-01 -1.007280778139829636e-02
5.978370904922485352e-01 -9.842075407505035400e-03
6.059291362762451172e-01 -9.606515057384967804e-03
6.143483519554138184e-01 -9.358999319374561310e-03
6.230767965316772461e-01 -9.100026451051235199e-03
6.321203112602233887e-01 -8.829684928059577942e-03
6.413902640342712402e-01 -8.550704456865787506e-03
6.506940722465515137e-01 -8.269207552075386047e-03
6.597613096237182617e-01 -7.993496023118495941e-03
6.686248183250427246e-01 -7.722896523773670197e-03
6.772994399070739746e-01 -7.457267958670854568e-03
6.857875585556030273e-01 -7.196905557066202164e-03
6.941432356834411621e-01 -6.940487772226333618e-03
7.023410797119140625e-01 -6.689048372209072113e-03
7.104889154434204102e-01 -6.439517252147197723e-03
7.185626029968261719e-01 -6.192775443196296692e-03
7.264869809150695801e-01 -5.951259750872850418e-03
7.342201471328735352e-01 -5.716393701732158661e-03
7.418792843818664551e-01 -5.484758410602807999e-03
7.495464086532592773e-01 -5.253976676613092422e-03
7.573078870773315430e-01 -5.021804478019475937e-03
7.653082013130187988e-01 -4.784324206411838531e-03
7.736392021179199219e-01 -4.539157263934612274e-03
7.824236154556274414e-01 -4.283076152205467224e-03
7.915859222412109375e-01 -4.018873907625675201e-03
8.010595440864562988e-01 -3.749071853235363960e-03
8.106795549392700195e-01 -3.478933125734329224e-03
8.202325105667114258e-01 -3.214593278244137764e-03
8.295368552207946777e-01 -2.961318008601665497e-03
8.385579586029052734e-01 -2.720357617363333702e-03
8.472835421562194824e-01 -2.492180792614817619e-03
8.556529283523559570e-01 -2.277993131428956985e-03
8.637120127677917480e-01 -2.076161792501807213e-03
8.716171979904174805e-01 -1.883264514617621899e-03
8.795861601829528809e-01 -1.694728503935039043e-03
8.878087401390075684e-01 -1.507951063103973866e-03
8.962466716766357422e-01 -1.324513345025479794e-03
9.049109220504760742e-01 -1.144972629845142365e-03
9.137970209121704102e-01 -9.703650139272212982e-04
9.226948022842407227e-01 -8.051869808696210384e-04
9.313076138496398926e-01 -6.562609924003481865e-04
9.398564696311950684e-01 -5.229784292168915272e-04
9.475899338722229004e-01 -4.106258274987339973e-04
9.547911882400512695e-01 -3.154648875351995230e-04
9.617593288421630859e-01 -2.354636671952903271e-04
9.686331152915954590e-01 -1.727171620586887002e-04
9.719728827476501465e-01 -1.495825563324615359e-04
9.786870479583740234e-01 -1.249080087291076779e-04
9.855731129646301270e-01 -1.337204303126782179e-04
9.927816987037658691e-01 -1.816527801565825939e-04
1.000463724136352539e+00 -2.743379736784845591e-04
