9.999428391456604004e-01 1.151840333477593958e-04
9.929656982421875000e-01 1.788644352927803993e-03
9.847906231880187988e-01 3.469038289040327072e-03
9.757980704307556152e-01 5.116364918649196625e-03
9.663686156272888184e-01 6.690622307360172272e-03
9.526692032814025879e-01 8.766130544245243073e-03
9.441426992416381836e-01 9.937869384884834290e-03
9.361252784729003906e-01 1.095453277230262756e-02
9.285002350807189941e-01 1.184138655662536621e-02
9.211319684982299805e-01 1.262508984655141830e-02
9.128319025039672852e-01 1.347975712269544601e-02
9.039646983146667480e-01 1.436147838830947876e-02
8.946158885955810547e-01 1.526288315653800964e-02
8.850927352905273438e-01 1.615192368626594543e-02
8.755538463592529297e-01 1.702008582651615143e-02
8.661870360374450684e-01 1.785553805530071259e-02
8.572030663490295410e-01 1.864116080105304718e-02
8.485155701637268066e-01 1.938896067440509796e-02
8.399659991264343262e-01 2.011486701667308807e-02
8.312892913818359375e-01 2.084408514201641083e-02
8.223903179168701172e-01 2.158450521528720856e-02
8.131416440010070801e-01 2.234803326427936554e-02
8.036578297615051270e-01 2.312579005956649780e-02
7.940387129783630371e-01 2.391002699732780457e-02
7.845634222030639648e-01 2.467838115990161896e-02
7.753875851631164551e-01 2.541835419833660126e-02
7.666014432907104492e-01 2.612341754138469696e-02
7.581390738487243652e-01 2.679933048784732819e-02
7.498806715011596680e-01 2.745619975030422211e-02
7.416939735412597656e-01 2.810485847294330597e-02
7.334989309310913086e-01 2.875205129384994507e-02
7.252540588378906250e-01 2.940104529261589050e-02
7.169396877288818359e-01 3.005353175103664398e-02
7.085559368133544922e-01 3.070916421711444855e-02
7.000853419303894043e-01 3.136928379535675049e-02
6.916247010231018066e-01 3.202622756361961365e-02
6.831712722778320312e-01 3.268020227551460266e-02
6.747272014617919922e-01 3.333089500665664673e-02
6.663069128990173340e-01 3.397715464234352112e-02
6.580129265785217285e-01 3.461099043488502502e-02
6.498386859893798828e-01 3.523274138569831848e-02
6.418272256851196289e-01 3.583909943699836731e-02
6.339082717895507812e-01 3.643546625971794128e-02
6.260843276977539062e-01 3.702149540185928345e-02
6.183198690414428711e-01 3.759950771927833557e-02
6.105182766914367676e-01 3.817633166909217834e-02
6.026384830474853516e-01 3.875505179166793823e-02
5.946166515350341797e-01 3.933967277407646179e-02
5.863779783248901367e-01 3.993460908532142639e-02
5.778784751892089844e-01 4.054243862628936768e-02
5.691947937011718750e-01 4.115698114037513733e-02
5.603864789009094238e-01 4.177344962954521179e-02
5.515069365501403809e-01 4.238709807395935059e-02
5.426315069198608398e-01 4.299250245094299316e-02
5.338297486305236816e-01 4.358461871743202209e-02
5.251565575599670410e-01 4.415872693061828613e-02
5.164353251457214355e-01 4.472501575946807861e-02
5.075132250785827637e-01 4.529242962598800659e-02
4.983474910259246826e-01 4.586241021752357483e-02
4.889653623104095459e-01 4.643222689628601074e-02
4.794215261936187744e-01 4.699775576591491699e-02
4.698096215724945068e-01 4.755301401019096375e-02
4.603214263916015625e-01 4.808558523654937744e-02
4.511475265026092529e-01 4.858492687344551086e-02
4.423061311244964600e-01 4.904959350824356079e-02
4.336266219615936279e-01 4.948836937546730042e-02
4.250772297382354736e-01 4.990367218852043152e-02
4.165497422218322754e-01 5.030006170272827148e-02
4.080186188220977783e-01 5.067930370569229126e-02
3.994435369968414307e-01 5.104278400540351868e-02
3.908680677413940430e-01 5.138856917619705200e-02
3.823089599609375000e-01 5.171406641602516174e-02
3.738592565059661865e-01 5.201436579227447510e-02
3.655003011226654053e-01 5.229077488183975220e-02
3.571760654449462891e-01 5.254508554935455322e-02
3.489809334278106689e-01 5.277427658438682556e-02
3.408687114715576172e-01 5.298028513789176941e-02
3.328875005245208740e-01 5.316112190485000610e-02
3.250457048416137695e-01 5.331799760460853577e-02
3.173314034938812256e-01 5.345027893781661987e-02
3.096160292625427246e-01 5.355938524007797241e-02
3.018250167369842529e-01 5.364354699850082397e-02
2.939010262489318848e-01 5.370233207941055298e-02
2.857514619827270508e-01 5.373376607894897461e-02
2.774484157562255859e-01 5.373554676771163940e-02
2.690496742725372314e-01 5.370764061808586121e-02
2.606815993785858154e-01 5.364957824349403381e-02
2.524470388889312744e-01 5.355919897556304932e-02
2.442701160907745361e-01 5.343008413910865784e-02
2.360526770353317261e-01 5.325722694396972656e-02
2.277074009180068970e-01 5.303552001714706421e-02
2.192161232233047485e-01 5.276215448975563049e-02
2.105760127305984497e-01 5.243789404630661011e-02
2.019855976104736328e-01 5.207163468003273010e-02
1.936221420764923096e-01 5.167117342352867126e-02
1.855625957250595093e-01 5.123466625809669495e-02
1.777000129222869873e-01 5.074655264616012573e-02
1.698072701692581177e-01 5.018744990229606628e-02
1.617715060710906982e-01 4.954851418733596802e-02
1.534749567508697510e-01 4.881706833839416504e-02
1.448755413293838501e-01 4.798008501529693604e-02
1.361117362976074219e-01 4.704623669385910034e-02
1.274232417345046997e-01 4.602723568677902222e-02
1.190253943204879761e-01 4.494703561067581177e-02
1.109420657157897949e-01 4.380429536104202271e-02
1.030642539262771606e-01 4.257931560277938843e-02
9.526170790195465088e-02 4.123502969741821289e-02
8.754266798496246338e-02 3.977273404598236084e-02
7.977572828531265259e-02 3.815431147813796997e-02
7.188739627599716187e-02 3.634952381253242493e-02
6.403279304504394531e-02 3.439188376069068909e-02
5.631069093942642212e-02 3.228197246789932251e-02
4.894507676362991333e-02 3.007484041154384613e-02
4.198822379112243652e-02 2.777124010026454926e-02
3.548117727041244507e-02 2.539704367518424988e-02
2.940772660076618195e-02 2.293828129768371582e-02
2.387164346873760223e-02 2.043108269572257996e-02
1.879049092531204224e-02 1.783914305269718170e-02
1.419134531170129776e-02 1.517170574516057968e-02
1.021356880664825439e-02 1.251520402729511261e-02
6.863354705274105072e-03 9.902664460241794586e-03
4.251144360750913620e-03 7.437241263687610626e-03
2.332935342565178871e-03 5.186709575355052948e-03
1.077361288480460644e-03 3.277515294030308723e-03
3.453203535173088312e-04 1.741291373036801815e-03
3.789438051171600819e-05 5.791097646579146385e-04
-1.161087038781261072e-05 -3.039855509996414185e-04
1.120381784858182073e-04 -9.983546333387494087e-04
3.430276992730796337e-04 -1.574365422129631042e-03
6.653994205407798290e-04 -2.153590088710188866e-03
1.086935400962829590e-03 -2.789463615044951439e-03
1.564303296618163586e-03 -3.491739276796579361e-03
2.090083900839090347e-03 -4.233292769640684128e-03
2.855013590306043625e-03 -5.026753060519695282e-03
4.084792919456958771e-03 -5.890285596251487732e-03
6.133181508630514145e-03 -6.841480266302824020e-03
9.278449229896068573e-03 -7.871864363551139832e-03
1.378303393721580505e-02 -8.949044160544872284e-03
1.979310624301433563e-02 -1.005211751908063889e-02
2.709189802408218384e-02 -1.109731383621692657e-02
3.519721701741218567e-02 -1.199662126600742340e-02
4.352767392992973328e-02 -1.270442735403776169e-02
5.188949406147003174e-02 -1.322215422987937927e-02
6.000067293643951416e-02 -1.357301417738199234e-02
6.796578317880630493e-02 -1.379510574042797089e-02
7.582598179578781128e-02 -1.392825786024332047e-02
8.377412706613540649e-02 -1.401289179921150208e-02
9.193686395883560181e-02 -1.407808344811201096e-02
1.002706661820411682e-01 -1.411749050021171570e-02
1.086401641368865967e-01 -1.412638276815414429e-02
1.168543472886085510e-01 -1.410619448870420456e-02
1.249822899699211121e-01 -1.406425423920154572e-02
1.329461336135864258e-01 -1.399989984929561615e-02
1.407967358827590942e-01 -1.391929574310779572e-02
1.485238373279571533e-01 -1.382317394018173218e-02
1.560924500226974487e-01 -1.371636800467967987e-02
1.635905802249908447e-01 -1.359826046973466873e-02
1.710905134677886963e-01 -1.346836332231760025e-02
1.787387430667877197e-01 -1.332325208932161331e-02
1.865309774875640869e-01 -1.316339243203401566e-02
1.946530789136886597e-01 -1.298518944531679153e-02
2.030970156192779541e-01 -1.278869342058897018e-02
2.117012739181518555e-01 -1.257833000272512436e-02
2.205153107643127441e-01 -1.235146168619394302e-02
2.293739169836044312e-01 -1.211148593574762344e-02
2.382074296474456787e-01 -1.186139229685068130e-02
2.469690293073654175e-01 -1.160272676497697830e-02
2.556126415729522705e-01 -1.133824512362480164e-02
2.639783322811126709e-01 -1.107370387762784958e-02
2.721844613552093506e-01 -1.080639287829399109e-02
2.801845073699951172e-01 -1.053816918283700943e-02
2.880274951457977295e-01 -1.026713289320468903e-02
2.959886193275451660e-01 -9.984791278839111328e-03
3.041347563266754150e-01 -9.688277728855609894e-03
3.122957646846771240e-01 -9.385219775140285492e-03
3.204653859138488770e-01 -9.076353162527084351e-03
3.285816013813018799e-01 -8.763717487454414368e-03
3.366569876670837402e-01 -8.446030318737030029e-03
3.447483181953430176e-01 -8.121502585709095001e-03
3.528529703617095947e-01 -7.790079340338706970e-03
3.611372709274291992e-01 -7.445194292813539505e-03
3.696653246879577637e-01 -7.084952201694250107e-03
3.784111142158508301e-01 -6.710428744554519653e-03
3.869414925575256348e-01 -6.340353284031152725e-03
3.952306210994720459e-01 -5.976296495646238327e-03
4.032931029796600342e-01 -5.617736838757991791e-03
4.111700356006622314e-01 -5.263423547148704529e-03
4.188683331012725830e-01 -4.913367796689271927e-03
4.265710413455963135e-01 -4.559492692351341248e-03
4.345032274723052979e-01 -4.191955085843801498e-03
4.427450001239776611e-01 -3.807178232818841934e-03
4.513249397277832031e-01 -3.404026385396718979e-03
4.599844515323638916e-01 -2.994450042024254799e-03
4.687756896018981934e-01 -2.576423110440373421e-03
4.776380360126495361e-01 -2.153171692043542862e-03
4.863996803760528564e-01 -1.733187353238463402e-03
4.949572384357452393e-01 -1.321758260019123554e-03
5.033817291259765625e-01 -9.160362533293664455e-04
5.117350220680236816e-01 -5.136503605172038078e-04
5.200582742691040039e-01 -1.131366225308738649e-04
5.283516645431518555e-01 2.851413737516850233e-04
5.365469455718994141e-01 6.776244845241308212e-04
5.447133779525756836e-01 1.067202887497842312e-03
5.528365969657897949e-01 1.452739234082400799e-03
5.608597993850708008e-01 1.830987283028662205e-03
5.688180327415466309e-01 2.202974399551749229e-03
5.768542289733886719e-01 2.574650337919592857e-03
5.850816369056701660e-01 2.950560767203569412e-03
5.935101509094238281e-01 3.330711508169770241e-03
6.021014451980590820e-01 3.712468082085251808e-03
6.107969880104064941e-01 4.092293791472911835e-03
6.196274757385253906e-01 4.469922278076410294e-03
6.285684108734130859e-01 4.842928610742092133e-03
6.375846862792968750e-01 5.208568181842565536e-03
6.467304229736328125e-01 5.567228887230157852e-03
6.560604572296142578e-01 5.919747985899448395e-03
6.654601097106933594e-01 6.262005772441625595e-03
6.747816801071166992e-01 6.587787065654993057e-03
6.840076446533203125e-01 6.894414778798818588e-03
6.931244134902954102e-01 7.179875858128070831e-03
7.022079229354858398e-01 7.445542607456445694e-03
7.112236618995666504e-01 7.690357510000467300e-03
7.202106714248657227e-01 7.914857007563114166e-03
7.292541265487670898e-01 8.121226914227008820e-03
7.383285164833068848e-01 8.308165706694126129e-03
7.471747398376464844e-01 8.471207693219184875e-03
7.557851076126098633e-01 8.609300479292869568e-03
7.642788887023925781e-01 8.724053390324115753e-03
7.727133035659790039e-01 8.815783075988292694e-03
7.811486124992370605e-01 8.885661140084266663e-03
7.896152734756469727e-01 8.932446129620075226e-03
7.982071042060852051e-01 8.957006037235260010e-03
8.069867491722106934e-01 8.958852849900722504e-03
8.159102797508239746e-01 8.935978636145591736e-03
8.247274756431579590e-01 8.888239040970802307e-03
8.334769010543823242e-01 8.816745132207870483e-03
8.422510027885437012e-01 8.718221448361873627e-03
8.510741591453552246e-01 8.589930832386016846e-03
8.599931597709655762e-01 8.427803404629230499e-03
8.690576553344726562e-01 8.229562081396579742e-03
8.782196640968322754e-01 7.996947504580020905e-03
8.874866366386413574e-01 7.726459298282861710e-03
8.967259526252746582e-01 7.419252768158912659e-03
9.056428670883178711e-01 7.084017153829336166e-03
9.142087697982788086e-01 6.720651872456073761e-03
9.226785302162170410e-01 6.304776761680841446e-03
9.313040971755981445e-01 5.821463651955127716e-03
9.392941594123840332e-01 5.339171271771192551e-03
9.467864036560058594e-01 4.854365251958370209e-03
9.539176821708679199e-01 4.356579389423131943e-03
9.609394669532775879e-01 3.822129219770431519e-03
9.643214344978332520e-01 3.544844686985015869e-03
9.713939428329467773e-01 2.907021669670939445e-03
9.792068600654602051e-01 2.118169097229838371e-03
9.881546497344970703e-01 1.130257034674286842e-03
9.986318945884704590e-01 -1.047444238793104887e-04
