9.998536109924316406e-01 1.022191354422830045e-04
9.923333525657653809e-01 1.553390291519463062e-03
9.840242862701416016e-01 2.966599073261022568e-03
9.751791357994079590e-01 4.324931185692548752e-03
9.660505056381225586e-01 5.611472763121128082e-03
9.526782035827636719e-01 7.334581110626459122e-03
9.441683888435363770e-01 8.345046080648899078e-03
9.359929561614990234e-01 9.257643483579158783e-03
9.280397891998291016e-01 1.009004749357700348e-02
9.203373789787292480e-01 1.084427628666162491e-02
9.119675755500793457e-01 1.164024695754051208e-02
9.034141302108764648e-01 1.242432277649641037e-02
8.946406245231628418e-01 1.320669520646333694e-02
8.858665823936462402e-01 1.396828982979059219e-02
8.771403431892395020e-01 1.470803190022706985e-02
8.685693740844726562e-01 1.542100124061107635e-02
8.601084947586059570e-01 1.611358858644962311e-02
8.514588475227355957e-01 1.681292057037353516e-02
8.425688743591308594e-01 1.752325892448425293e-02
8.334010243415832520e-01 1.824918016791343689e-02
8.239962458610534668e-01 1.898756995797157288e-02
8.144088983535766602e-01 1.973537914454936981e-02
8.049353361129760742e-01 2.046994492411613464e-02
7.957634925842285156e-01 2.117736078798770905e-02
7.871441245079040527e-01 2.183857001364231110e-02
7.790162563323974609e-01 2.245878800749778748e-02
7.712435126304626465e-01 2.304934151470661163e-02
7.636947631835937500e-01 2.362035587430000305e-02
7.562023997306823730e-01 2.418472804129123688e-02
7.485731840133666992e-01 2.475713007152080536e-02
7.408265471458435059e-01 2.533634752035140991e-02
7.330497503280639648e-01 2.591565996408462524e-02
7.252151966094970703e-01 2.649681456387042999e-02
7.173230648040771484e-01 2.707930095493793488e-02
7.092982530593872070e-01 2.766846679151058197e-02
7.012678384780883789e-01 2.825495414435863495e-02
6.931842565536499023e-01 2.884198538959026337e-02
6.850449442863464355e-01 2.942961640655994415e-02
6.768175363540649414e-01 3.001978062093257904e-02
6.686930656433105469e-01 3.059850446879863739e-02
6.605978012084960938e-01 3.117025084793567657e-02
6.524577140808105469e-01 3.174020349979400635e-02
6.441774368286132812e-01 3.231453523039817810e-02
6.357850432395935059e-01 3.289121761918067932e-02
6.273197531700134277e-01 3.346632793545722961e-02
6.186792254447937012e-01 3.404613211750984192e-02
6.098717451095581055e-01 3.462913632392883301e-02
6.008929014205932617e-01 3.521487489342689514e-02
5.918298959732055664e-01 3.579615801572799683e-02
5.825926661491394043e-01 3.637825697660446167e-02
5.732725262641906738e-01 3.695436567068099976e-02
5.639680624008178711e-01 3.751859068870544434e-02
5.548318028450012207e-01 3.806103020906448364e-02
5.458196997642517090e-01 3.858385607600212097e-02
5.368722677230834961e-01 3.908974304795265198e-02
5.279117822647094727e-01 3.958152607083320618e-02
5.189019441604614258e-01 4.006113484501838684e-02
5.097749233245849609e-01 4.053194075822830200e-02
5.004699230194091797e-01 4.099671915173530579e-02
4.909937381744384766e-01 4.145298153162002563e-02
4.814930260181427002e-01 4.189273342490196228e-02
4.720535278320312500e-01 4.231123998761177063e-02
4.626696109771728516e-01 4.270861670374870300e-02
4.532638192176818848e-01 4.308624938130378723e-02
4.437735378742218018e-01 4.344576969742774963e-02
4.342145621776580811e-01 4.378459602594375610e-02
4.246428608894348145e-01 4.410178214311599731e-02
4.150454103946685791e-01 4.439685121178627014e-02
4.055784046649932861e-01 4.466787353157997131e-02
3.964244127273559570e-01 4.490895196795463562e-02
3.877001106739044189e-01 4.511877894401550293e-02
3.793132305145263672e-01 4.529858380556106567e-02
3.710724115371704102e-01 4.545317962765693665e-02
3.628384470939636230e-01 4.558549076318740845e-02
3.544684946537017822e-01 4.569787904620170593e-02
3.459446132183074951e-01 4.579023644328117371e-02
3.372012674808502197e-01 4.586352780461311340e-02
3.285084664821624756e-01 4.591462761163711548e-02
3.199518620967864990e-01 4.594196006655693054e-02
3.116618394851684570e-01 4.594416916370391846e-02
3.035262525081634521e-01 4.592135548591613770e-02
2.955594360828399658e-01 4.587557539343833923e-02
2.876548767089843750e-01 4.580494761466979980e-02
2.797379791736602783e-01 4.571000486612319946e-02
2.717368304729461670e-01 4.558879509568214417e-02
2.636182308197021484e-01 4.544086754322052002e-02
2.554262280464172363e-01 4.526211693882942200e-02
2.471434623003005981e-01 4.505200311541557312e-02
2.387790977954864502e-01 4.480742290616035461e-02
2.303191572427749634e-01 4.452714696526527405e-02
2.218731641769409180e-01 4.421116784214973450e-02
2.134365439414978027e-01 4.385965690016746521e-02
2.051818817853927612e-01 4.348091036081314087e-02
1.972479373216629028e-01 4.308651760220527649e-02
1.896781623363494873e-01 4.267838224768638611e-02
1.823981255292892456e-01 4.225359484553337097e-02
1.752969324588775635e-01 4.180326685309410095e-02
1.681195050477981567e-01 4.130760952830314636e-02
1.606393754482269287e-01 4.074543341994285583e-02
1.526715159416198730e-01 4.009640216827392578e-02
1.441940069198608398e-01 3.935264423489570618e-02
1.355097889900207520e-01 3.854454308748245239e-02
1.268133372068405151e-01 3.767739608883857727e-02
1.181778386235237122e-01 3.675141930580139160e-02
1.096013113856315613e-01 3.574619069695472717e-02
1.009965837001800537e-01 3.463520482182502747e-02
9.215339273214340210e-02 3.336706012487411499e-02
8.295492827892303467e-02 3.190974146127700806e-02
7.345285266637802124e-02 3.027348220348358154e-02
6.385629624128341675e-02 2.846205234527587891e-02
5.468558147549629211e-02 2.657498419284820557e-02
4.608829692006111145e-02 2.461343631148338318e-02
3.826730698347091675e-02 2.263001725077629089e-02
3.121001273393630981e-02 2.059941925108432770e-02
2.485996671020984650e-02 1.850226335227489471e-02
1.906086318194866180e-02 1.626369729638099670e-02
1.382597628980875015e-02 1.385863404721021652e-02
9.289348497986793518e-03 1.130518969148397446e-02
5.524311214685440063e-03 8.621507324278354645e-03
2.796190790832042694e-03 5.961872637271881104e-03
1.030040672048926353e-03 3.412576625123620033e-03
2.149343636119738221e-04 1.160104875452816486e-03
1.139124433393590152e-04 -7.161495741456747055e-04
4.906592075712978840e-04 -2.156896982342004776e-03
1.065221847966313362e-03 -3.205236978828907013e-03
1.725351088680326939e-03 -3.949508536607027054e-03
2.446574624627828598e-03 -4.528909455984830856e-03
3.194385906681418419e-03 -5.071870051324367523e-03
4.079762846231460571e-03 -5.655505694448947906e-03
5.078114569187164307e-03 -6.317931227385997772e-03
6.248458288609981537e-03 -7.037898991256952286e-03
7.553287781774997711e-03 -7.796460296958684921e-03
8.991179987788200378e-03 -8.561802096664905548e-03
1.060117501765489578e-02 -9.325018152594566345e-03
1.253755204379558563e-02 -1.012243051081895828e-02
1.500601507723331451e-02 -1.100312732160091400e-02
1.819149032235145569e-02 -1.199007127434015274e-02
2.225169166922569275e-02 -1.309924200177192688e-02
2.724218741059303284e-02 -1.429228391498327255e-02
3.326574340462684631e-02 -1.554372347891330719e-02
4.007105156779289246e-02 -1.677883043885231018e-02
4.741930216550827026e-02 -1.794120483100414276e-02
5.512277409434318542e-02 -1.898928359150886536e-02
6.303679943084716797e-02 -1.991034299135208130e-02
7.094456255435943604e-02 -2.070082537829875946e-02
7.869700342416763306e-02 -2.136716060340404510e-02
8.622983098030090332e-02 -2.192580699920654297e-02
9.369850158691406250e-02 -2.239734865725040436e-02
1.012592762708663940e-01 -2.280889637768268585e-02
1.087506785988807678e-01 -2.315548807382583618e-02
1.162334084510803223e-01 -2.344935759902000427e-02
1.238848865032196045e-01 -2.370114251971244812e-02
1.317749619483947754e-01 -2.391392178833484650e-02
1.397832781076431274e-01 -2.408413589000701904e-02
1.478807777166366577e-01 -2.421093732118606567e-02
1.559738218784332275e-01 -2.429738454520702362e-02
1.641466617584228516e-01 -2.435001917183399200e-02
1.722895205020904541e-01 -2.437034435570240021e-02
1.801890730857849121e-01 -2.435690909624099731e-02
1.877487897872924805e-01 -2.431778982281684875e-02
1.950996369123458862e-01 -2.425676025450229645e-02
2.021976113319396973e-01 -2.417899109423160553e-02
2.091577798128128052e-01 -2.408247441053390503e-02
2.162634581327438354e-01 -2.396328188478946686e-02
2.237300574779510498e-01 -2.381607331335544586e-02
2.318510562181472778e-01 -2.363477647304534912e-02
2.406501024961471558e-01 -2.341693826019763947e-02
2.498377114534378052e-01 -2.317073941230773926e-02
2.589557468891143799e-01 -2.291052229702472687e-02
2.678688168525695801e-01 -2.264056168496608734e-02
2.762702703475952148e-01 -2.236972935497760773e-02
2.842183709144592285e-01 -2.209779061377048492e-02
2.920162081718444824e-01 -2.181502245366573334e-02
2.999829053878784180e-01 -2.151128649711608887e-02
3.083724677562713623e-01 -2.118019200861454010e-02
3.172339797019958496e-01 -2.082106284797191620e-02
3.263252973556518555e-01 -2.044319920241832733e-02
3.353215754032135010e-01 -2.005990780889987946e-02
3.441730737686157227e-01 -1.967431977391242981e-02
3.527484238147735596e-01 -1.929127611219882965e-02
3.610722124576568604e-01 -1.891104318201541901e-02
3.692978918552398682e-01 -1.852845400571823120e-02
3.775718808174133301e-01 -1.813800074160099030e-02
3.859441578388214111e-01 -1.773812063038349152e-02
3.945328593254089355e-01 -1.732339896261692047e-02
4.033015072345733643e-01 -1.689548604190349579e-02
4.121162891387939453e-01 -1.646139286458492279e-02
4.209909141063690186e-01 -1.602106541395187378e-02
4.298523366451263428e-01 -1.557868067175149918e-02
4.386459589004516602e-01 -1.513727102428674698e-02
4.473562240600585938e-01 -1.469818782061338425e-02
4.560403525829315186e-01 -1.425882242619991302e-02
4.646635651588439941e-01 -1.382144354283809662e-02
4.733628928661346436e-01 -1.337957568466663361e-02
4.820738434791564941e-01 -1.293685846030712128e-02
4.907952845096588135e-01 -1.249357592314481735e-02
4.994944036006927490e-01 -1.205174811184406281e-02
5.081395506858825684e-01 -1.161324884742498398e-02
5.167382359504699707e-01 -1.117791794240474701e-02
5.253746509552001953e-01 -1.074182242155075073e-02
5.340144038200378418e-01 -1.030685193836688995e-02
5.425904989242553711e-01 -9.876481257379055023e-03
5.511643290519714355e-01 -9.447865188121795654e-03
5.597365498542785645e-01 -9.021328762173652649e-03
5.683798193931579590e-01 -8.593427948653697968e-03
5.770834684371948242e-01 -8.165095001459121704e-03
5.858941674232482910e-01 -7.734257262200117111e-03
5.948017835617065430e-01 -7.301612291485071182e-03
6.037781834602355957e-01 -6.868390366435050964e-03
6.126586198806762695e-01 -6.442937068641185760e-03
6.213868260383605957e-01 -6.028231233358383179e-03
6.300534605979919434e-01 -5.620469804853200912e-03
6.387360095977783203e-01 -5.216343794018030167e-03
6.474322676658630371e-01 -4.816017579287290573e-03
6.562197804450988770e-01 -4.416210576891899109e-03
6.651130914688110352e-01 -4.016591235995292664e-03
6.740016341209411621e-01 -3.622243180871009827e-03
6.826638579368591309e-01 -3.242743667215108871e-03
6.911002993583679199e-01 -2.878861734643578529e-03
6.993554830551147461e-01 -2.529164310544729233e-03
7.075586318969726562e-01 -2.188332378864288330e-03
7.156831622123718262e-01 -1.857072697021067142e-03
7.237060070037841797e-01 -1.536240451969206333e-03
7.317564487457275391e-01 -1.220741542056202888e-03
7.399066686630249023e-01 -9.085891069844365120e-04
7.480552792549133301e-01 -6.038077990524470806e-04
7.562435865402221680e-01 -3.070688399020582438e-04
7.647545337677001953e-01 -9.420566129847429693e-06
7.737581729888916016e-01 2.926863089669495821e-04
7.832589149475097656e-01 5.980958812870085239e-04
7.930814623832702637e-01 8.989017223939299583e-04
8.030664324760437012e-01 1.188840717077255249e-03
8.130884766578674316e-01 1.462992047891020775e-03
8.229354619979858398e-01 1.714655663818120956e-03
8.323367834091186523e-01 1.935646287165582180e-03
8.413712382316589355e-01 2.127692569047212601e-03
8.501316905021667480e-01 2.293820725753903389e-03
8.587290644645690918e-01 2.436954993754625320e-03
8.672029972076416016e-01 2.556477673351764679e-03
8.756419420242309570e-01 2.651563147082924843e-03
8.840668797492980957e-01 2.722136210650205612e-03
8.925448656082153320e-01 2.765518613159656525e-03
9.010182619094848633e-01 2.778312889859080315e-03
9.094796180725097656e-01 2.755686175078153610e-03
9.179696440696716309e-01 2.696328796446323395e-03
9.264620542526245117e-01 2.595870289951562881e-03
9.352238774299621582e-01 2.445193240419030190e-03
9.433774948120117188e-01 2.275932813063263893e-03
9.510375857353210449e-01 2.088745823130011559e-03
9.582855701446533203e-01 1.881774747744202614e-03
9.653044939041137695e-01 1.648742007091641426e-03
9.686430692672729492e-01 1.524644438177347183e-03
9.754574894905090332e-01 1.237663906067609787e-03
9.827140569686889648e-01 8.851512102410197258e-04
9.907235503196716309e-01 4.505248507484793663e-04
9.997969269752502441e-01 -8.279681060230359435e-05
