9.999817013740539551e-01 3.833748633041977882e-04
9.919323325157165527e-01 1.812770613469183445e-03
9.838526844978332520e-01 3.174951300024986267e-03
9.757429361343383789e-01 4.473311826586723328e-03
9.676032662391662598e-01 5.711248144507408142e-03
9.553379416465759277e-01 7.462239824235439301e-03
9.471241831779479980e-01 8.563864044845104218e-03
9.388812184333801270e-01 9.616963565349578857e-03
9.306091666221618652e-01 1.062506996095180511e-02
9.223082661628723145e-01 1.159177348017692566e-02
9.139789342880249023e-01 1.252072211354970932e-02
9.056212902069091797e-01 1.341562811285257339e-02
8.972357511520385742e-01 1.428026333451271057e-02
8.888226151466369629e-01 1.511847134679555893e-02
8.803811073303222656e-01 1.593430899083614349e-02
8.719108104705810547e-01 1.673210971057415009e-02
8.634142279624938965e-01 1.751591637730598450e-02
8.548957109451293945e-01 1.828911900520324707e-02
8.463609814643859863e-01 1.905423216521739960e-02
8.378160595893859863e-01 1.981281302869319916e-02
8.292665481567382812e-01 2.056550979614257812e-02
8.207167983055114746e-01 2.131225168704986572e-02
8.121691346168518066e-01 2.205258421599864960e-02
8.036229014396667480e-01 2.278612740337848663e-02
7.950770258903503418e-01 2.351279184222221375e-02
7.865313887596130371e-01 2.423244901001453400e-02
7.779859900474548340e-01 2.494497597217559814e-02
7.694407701492309570e-01 2.565024234354496002e-02
7.608958482742309570e-01 2.634812518954277039e-02
7.523510456085205078e-01 2.703849598765373230e-02
7.438064217567443848e-01 2.772123552858829498e-02
7.352619171142578125e-01 2.839621901512145996e-02
7.267175912857055664e-01 2.906331419944763184e-02
7.181735634803771973e-01 2.972237765789031982e-02
7.096298933029174805e-01 3.037323988974094391e-02
7.010866403579711914e-01 3.101572394371032715e-02
6.925439238548278809e-01 3.164963424205780029e-02
6.840017437934875488e-01 3.227476775646209717e-02
6.754602193832397461e-01 3.289091214537620544e-02
6.669192314147949219e-01 3.349786996841430664e-02
6.583787798881530762e-01 3.409544378519058228e-02
6.498388648033142090e-01 3.468342497944831848e-02
6.412995457649230957e-01 3.526161983609199524e-02
6.327607631683349609e-01 3.582982346415519714e-02
6.242225766181945801e-01 3.638784214854240417e-02
6.156849265098571777e-01 3.693547099828720093e-02
6.071478128433227539e-01 3.747251257300376892e-02
5.986112356185913086e-01 3.799876570701599121e-02
5.900751948356628418e-01 3.851403295993804932e-02
5.815397500991821289e-01 3.901811316609382629e-02
5.730047821998596191e-01 3.951080888509750366e-02
5.644704103469848633e-01 3.999192267656326294e-02
5.559366345405578613e-01 4.046125337481498718e-02
5.474033355712890625e-01 4.091860353946685791e-02
5.388705730438232422e-01 4.136377573013305664e-02
5.303384065628051758e-01 4.179656878113746643e-02
5.218067169189453125e-01 4.221678897738456726e-02
5.132756233215332031e-01 4.262423515319824219e-02
5.047450065612792969e-01 4.301870986819267273e-02
4.962149858474731445e-01 4.340001940727233887e-02
4.876855015754699707e-01 4.376796260476112366e-02
4.791565239429473877e-01 4.412234574556350708e-02
4.706280231475830078e-01 4.446297138929367065e-02
4.620997905731201172e-01 4.478968679904937744e-02
4.535720348358154297e-01 4.510231316089630127e-02
4.450452029705047607e-01 4.540061205625534058e-02
4.365200102329254150e-01 4.568424448370933533e-02
4.279972016811370850e-01 4.595274850726127625e-02
4.194774925708770752e-01 4.620554670691490173e-02
4.109615385532379150e-01 4.644195735454559326e-02
4.024497866630554199e-01 4.666122794151306152e-02
3.939422667026519775e-01 4.686258733272552490e-02
3.854388892650604248e-01 4.704529419541358948e-02
3.769396543502807617e-01 4.720862209796905518e-02
3.684446215629577637e-01 4.735184833407402039e-02
3.599538803100585938e-01 4.747424274682998657e-02
3.514674603939056396e-01 4.757508635520935059e-02
3.429854214191436768e-01 4.765366390347480774e-02
3.345077931880950928e-01 4.770925641059875488e-02
3.260346949100494385e-01 4.774114862084388733e-02
3.175661265850067139e-01 4.774862527847290039e-02
3.091021478176116943e-01 4.773098230361938477e-02
3.006427884101867676e-01 4.768750444054603577e-02
2.921881377696990967e-01 4.761749505996704102e-02
2.837382555007934570e-01 4.752024635672569275e-02
2.752931416034698486e-01 4.739505425095558167e-02
2.668528854846954346e-01 4.724122583866119385e-02
2.584175467491149902e-01 4.705806076526641846e-02
2.499871104955673218e-01 4.684486612677574158e-02
2.415616810321807861e-01 4.660094529390335083e-02
2.331412583589553833e-01 4.632561281323432922e-02
2.247259318828582764e-01 4.601817950606346130e-02
2.163157016038894653e-01 4.567795619368553162e-02
2.079105824232101440e-01 4.530425369739532471e-02
1.995081454515457153e-01 4.489638656377792358e-02
1.911078691482543945e-01 4.445413500070571899e-02
1.827142834663391113e-01 4.397724941372871399e-02
1.743356436491012573e-01 4.346472397446632385e-02
1.659824252128601074e-01 4.291432723402976990e-02
1.576659530401229858e-01 4.232234135270118713e-02
1.493968814611434937e-01 4.168358072638511658e-02
1.411836743354797363e-01 4.099158570170402527e-02
1.330311745405197144e-01 4.023909196257591248e-02
1.249390393495559692e-01 3.941864520311355591e-02
1.169067025184631348e-01 3.852342441678047180e-02
1.089347079396247864e-01 3.754700347781181335e-02
1.010230630636215210e-01 3.648313507437705994e-02
9.317114204168319702e-02 3.532573580741882324e-02
8.537769317626953125e-02 3.406884893774986267e-02
7.764099538326263428e-02 3.270663321018218994e-02
6.993577629327774048e-02 3.122762776911258698e-02
6.221635639667510986e-02 2.961917035281658173e-02
5.455018207430839539e-02 2.789516746997833252e-02
4.707216098904609680e-02 2.607714757323265076e-02
3.994681313633918762e-02 2.418603003025054932e-02
3.332928568124771118e-02 2.223490364849567413e-02
2.734149247407913208e-02 2.022841013967990875e-02
2.204576134681701660e-02 1.815881393849849701e-02
1.739774271845817566e-02 1.597180962562561035e-02
1.322260871529579163e-02 1.353608816862106323e-02
9.510076604783535004e-03 1.095532439649105072e-02
6.350816693156957626e-03 8.394266478717327118e-03
3.833959810435771942e-03 6.055661011487245560e-03
1.991166500374674797e-03 4.087033215910196304e-03
7.921467185951769352e-04 2.565268194302916527e-03
1.526111882412806153e-04 1.489123213104903698e-03
-7.418011227855458856e-05 7.851382251828908920e-04
-9.296341158915311098e-05 2.709989785216748714e-04
-6.754367495886981487e-05 -3.009051142726093531e-04
9.372425120091065764e-05 -1.004680525511503220e-03
4.490417195484042168e-04 -1.894104061648249626e-03
1.034853630699217319e-03 -2.929471898823976517e-03
1.796205993741750717e-03 -4.052150528877973557e-03
2.914195181801915169e-03 -5.283056292682886124e-03
4.662107210606336594e-03 -6.652609910815954208e-03
7.204315625131130219e-03 -8.124885149300098419e-03
1.061532553285360336e-02 -9.650329127907752991e-03
1.491059642285108566e-02 -1.119799073785543442e-02
2.005269378423690796e-02 -1.274687331169843674e-02
2.591223455965518951e-02 -1.421612501144409180e-02
3.232974931597709656e-02 -1.551287434995174408e-02
3.910825401544570923e-02 -1.657174341380596161e-02
4.627282917499542236e-02 -1.744713447988033295e-02
5.383608862757682800e-02 -1.819821447134017944e-02
6.170555204153060913e-02 -1.884919404983520508e-02
6.977376341819763184e-02 -1.941730268299579620e-02
7.793740183115005493e-02 -1.991162449121475220e-02
8.611730486154556274e-02 -2.033368684351444244e-02
9.428467601537704468e-02 -2.068200521171092987e-02
1.024724245071411133e-01 -2.096019871532917023e-02
1.106894910335540771e-01 -2.117295749485492706e-02
1.189360991120338440e-01 -2.132446877658367157e-02
1.272124797105789185e-01 -2.141901105642318726e-02
1.355188488960266113e-01 -2.146094664931297302e-02
1.438554227352142334e-01 -2.145474217832088470e-02
1.522223651409149170e-01 -2.140495553612709045e-02
1.606199592351913452e-01 -2.131624706089496613e-02
1.690501421689987183e-01 -2.119348756968975067e-02
1.775128096342086792e-01 -2.104190364480018616e-02
1.860048621892929077e-01 -2.086660079658031464e-02
1.945211142301559448e-01 -2.067211456596851349e-02
2.030552029609680176e-01 -2.046209946274757385e-02
2.116005569696426392e-01 -2.023916691541671753e-02
2.201512604951858521e-01 -2.000489272177219391e-02
2.287030667066574097e-01 -1.975996047258377075e-02
2.372542619705200195e-01 -1.950448192656040192e-02
2.458063662052154541e-01 -1.923848129808902740e-02
2.543600797653198242e-01 -1.896224170923233032e-02
2.629154026508331299e-01 -1.867609657347202301e-02
2.714723646640777588e-01 -1.838037744164466858e-02
2.800309658050537109e-01 -1.807541400194168091e-02
2.885912358760833740e-01 -1.776153966784477234e-02
2.971531748771667480e-01 -1.743908971548080444e-02
3.057167530059814453e-01 -1.710839383304119110e-02
3.142820298671722412e-01 -1.676978729665279388e-02
3.228490054607391357e-01 -1.642360351979732513e-02
3.314176797866821289e-01 -1.607017964124679565e-02
3.399880528450012207e-01 -1.570984907448291779e-02
3.485601842403411865e-01 -1.534294709563255310e-02
3.571340441703796387e-01 -1.496980991214513779e-02
3.657096624374389648e-01 -1.459077559411525726e-02
3.742870390415191650e-01 -1.420618034899234772e-02
3.828661739826202393e-01 -1.381636131554841995e-02
3.914471268653869629e-01 -1.342165656387805939e-02
4.000298380851745605e-01 -1.302240416407585144e-02
4.086143672466278076e-01 -1.261894404888153076e-02
4.172007143497467041e-01 -1.221161615103483200e-02
4.257888793945312500e-01 -1.180075854063034058e-02
4.343788921833038330e-01 -1.138671208173036575e-02
4.429707527160644531e-01 -1.096981856971979141e-02
4.515644609928131104e-01 -1.055041979998350143e-02
4.601600468158721924e-01 -1.012885663658380508e-02
4.687575399875640869e-01 -9.705469943583011627e-03
4.773572087287902832e-01 -9.280587546527385712e-03
4.859589338302612305e-01 -8.854556828737258911e-03
4.945622682571411133e-01 -8.427741937339305878e-03
5.031664967536926270e-01 -8.000520057976245880e-03
5.117706656455993652e-01 -7.573273498564958572e-03
5.203741192817687988e-01 -7.146388292312622070e-03
5.289759039878845215e-01 -6.720241159200668335e-03
5.375756025314331055e-01 -6.295198574662208557e-03
5.461730957031250000e-01 -5.871608387678861618e-03
5.547685623168945312e-01 -5.449796561151742935e-03
5.633621811866760254e-01 -5.030099302530288696e-03
5.719538331031799316e-01 -4.612853750586509705e-03
5.805436968803405762e-01 -4.198396578431129456e-03
5.891317129135131836e-01 -3.787065157666802406e-03
5.977178812026977539e-01 -3.379195462912321091e-03
6.063023209571838379e-01 -2.975123235955834389e-03
6.148849725723266602e-01 -2.575183520093560219e-03
6.234658956527709961e-01 -2.179711591452360153e-03
6.320450901985168457e-01 -1.789041212759912014e-03
6.406226158142089844e-01 -1.403506728820502758e-03
6.491984128952026367e-01 -1.023441203869879246e-03
6.577725410461425781e-01 -6.491777603514492512e-04
6.663451194763183594e-01 -2.810489677358418703e-04
6.749160289764404297e-01 8.061330299824476242e-05
6.834853887557983398e-01 4.354775010142475367e-04
6.920531988143920898e-01 7.832124829292297363e-04
7.006194591522216797e-01 1.123488531447947025e-03
7.091846466064453125e-01 1.456023426726460457e-03
7.177488207817077637e-01 1.780573278665542603e-03
7.263112068176269531e-01 2.096795476973056793e-03
7.348703742027282715e-01 2.404150785878300667e-03
7.434248328208923340e-01 2.701843623071908951e-03
7.519729137420654297e-01 2.988802269101142883e-03
7.605130672454833984e-01 3.263697493821382523e-03
7.690441608428955078e-01 3.525002161040902138e-03
7.775657176971435547e-01 3.771086921915411949e-03
7.860779762268066406e-01 4.000353626906871796e-03
7.945811748504638672e-01 4.211273510009050369e-03
8.030752539634704590e-01 4.402328748255968094e-03
8.115601539611816406e-01 4.572011996060609818e-03
8.200358748435974121e-01 4.718826618045568466e-03
8.285024166107177734e-01 4.841284360736608505e-03
8.369597196578979492e-01 4.937907680869102478e-03
8.454077243804931641e-01 5.007228348404169083e-03
8.538464903831481934e-01 5.047788377851247787e-03
8.622758388519287109e-01 5.058138165622949600e-03
8.706958889961242676e-01 5.036839284002780914e-03
8.791065216064453125e-01 4.982460755854845047e-03
8.875077962875366211e-01 4.893581848591566086e-03
8.958995938301086426e-01 4.768790677189826965e-03
9.042820334434509277e-01 4.606684669852256775e-03
9.126549363136291504e-01 4.405868705362081528e-03
9.210184216499328613e-01 4.164958372712135315e-03
9.293724894523620605e-01 3.882576478645205498e-03
9.377170205116271973e-01 3.557354211807250977e-03
9.460520148277282715e-01 3.187930909916758537e-03
9.543776512145996094e-01 2.772953361272811890e-03
9.626937508583068848e-01 2.311076270416378975e-03
9.668483138084411621e-01 2.062133047729730606e-03
9.751502871513366699e-01 1.527409185655415058e-03
9.834429025650024414e-01 9.424558375030755997e-04
9.917261600494384766e-01 3.059381560888141394e-04
1.000000000000000000e+00 -3.834789968095719814e-04
