9.997368454933166504e-01 3.811037749983370304e-04
9.895011782646179199e-01 1.781961764208972454e-03
9.792751669883728027e-01 3.110021585598587990e-03
9.692007303237915039e-01 4.356461577117443085e-03
9.594197869300842285e-01 5.512460134923458099e-03
9.459179043769836426e-01 7.024559192359447479e-03
9.376345872879028320e-01 7.901011966168880463e-03
9.298762083053588867e-01 8.686586283147335052e-03
9.225424528121948242e-01 9.395373985171318054e-03
9.157536029815673828e-01 1.002138946205377579e-02
9.082945585250854492e-01 1.070254575461149216e-02
9.007191061973571777e-01 1.137338485568761826e-02
8.927031755447387695e-01 1.206922344863414764e-02
8.845029473304748535e-01 1.276947092264890671e-02
8.760332465171813965e-01 1.348078809678554535e-02
8.672550320625305176e-01 1.420978643000125885e-02
8.581206202507019043e-01 1.495995558798313141e-02
8.485751748085021973e-01 1.573657058179378510e-02
8.387951850891113281e-01 1.652447320520877838e-02
8.287343382835388184e-01 1.732883416116237640e-02
8.184383511543273926e-01 1.814533770084381104e-02
8.078940510749816895e-01 1.897504553198814392e-02
7.975000739097595215e-01 1.978572458028793335e-02
7.872351408004760742e-01 2.057977020740509033e-02
7.773059606552124023e-01 2.134112641215324402e-02
7.676432132720947266e-01 2.207515202462673187e-02
7.584776282310485840e-01 2.276511490345001221e-02
7.497718334197998047e-01 2.341382205486297607e-02
7.413272261619567871e-01 2.403574623167514801e-02
7.327904105186462402e-01 2.465595677495002747e-02
7.239750623703002930e-01 2.528758533298969269e-02
7.149084210395812988e-01 2.592794783413410187e-02
7.055496573448181152e-01 2.657980285584926605e-02
6.959187388420104980e-01 2.723990380764007568e-02
6.861029863357543945e-01 2.790173515677452087e-02
6.765033006668090820e-01 2.853697352111339569e-02
6.672348976135253906e-01 2.913874760270118713e-02
6.582630276679992676e-01 2.970941178500652313e-02
6.494696736335754395e-01 3.025730326771736145e-02
6.409103274345397949e-01 3.077952563762664795e-02
6.325996518135070801e-01 3.127574548125267029e-02
6.243833899497985840e-01 3.175494819879531860e-02
6.160873174667358398e-01 3.222820162773132324e-02
6.077233552932739258e-01 3.269465267658233643e-02
5.994079113006591797e-01 3.314746171236038208e-02
5.911453962326049805e-01 3.358619660139083862e-02
5.828888416290283203e-01 3.401394188404083252e-02
5.746558904647827148e-01 3.442957252264022827e-02
5.666148066520690918e-01 3.482499718666076660e-02
5.587438941001892090e-01 3.520114719867706299e-02
5.509020686149597168e-01 3.556542471051216125e-02
5.430345535278320312e-01 3.592034056782722473e-02
5.350828170776367188e-01 3.626776486635208130e-02
5.270138978958129883e-01 3.660852089524269104e-02
5.187594294548034668e-01 3.694570437073707581e-02
5.102510452270507812e-01 3.728099539875984192e-02
5.014804601669311523e-01 3.761333599686622620e-02
4.926053881645202637e-01 3.793545812368392944e-02
4.836410582065582275e-01 3.824676200747489929e-02
4.747390747070312500e-01 3.854316845536231995e-02
4.659307599067687988e-01 3.882268071174621582e-02
4.572357535362243652e-01 3.908483684062957764e-02
4.485933482646942139e-01 3.933013230562210083e-02
4.400012791156768799e-01 3.955921903252601624e-02
4.312753677368164062e-01 3.977641090750694275e-02
4.223328232765197754e-01 3.998326137661933899e-02
4.132618904113769531e-01 4.017747566103935242e-02
4.042331874370574951e-01 4.035665839910507202e-02
3.955484330654144287e-01 4.051552340388298035e-02
3.872357308864593506e-01 4.065440595149993896e-02
3.793670833110809326e-01 4.077243804931640625e-02
3.718237876892089844e-01 4.087185487151145935e-02
3.645392656326293945e-01 4.095356538891792297e-02
3.572585582733154297e-01 4.102256149053573608e-02
3.498288393020629883e-01 4.108073562383651733e-02
3.423542082309722900e-01 4.112929478287696838e-02
3.348505496978759766e-01 4.116593301296234131e-02
3.273628354072570801e-01 4.118851199746131897e-02
3.197801113128662109e-01 4.119567945599555969e-02
3.121643066406250000e-01 4.118726029992103577e-02
3.044284284114837646e-01 4.116206616163253784e-02
2.967180013656616211e-01 4.112305119633674622e-02
2.890376448631286621e-01 4.106993228197097778e-02
2.814365625381469727e-01 4.100237786769866943e-02
2.740205824375152588e-01 4.091721400618553162e-02
2.668042182922363281e-01 4.082038998603820801e-02
2.596519589424133301e-01 4.070925712585449219e-02
2.522062957286834717e-01 4.057326540350914001e-02
2.442790418863296509e-01 4.040168225765228271e-02
2.356300950050354004e-01 4.018371179699897766e-02
2.264699786901473999e-01 3.991992026567459106e-02
2.167349457740783691e-01 3.960225731134414673e-02
2.067217528820037842e-01 3.923874348402023315e-02
1.968464404344558716e-01 3.884421288967132568e-02
1.878905594348907471e-01 3.845588117837905884e-02
1.798829883337020874e-01 3.807357698678970337e-02
1.727985590696334839e-01 3.770644217729568481e-02
1.663966476917266846e-01 3.734279051423072815e-02
1.603630930185317993e-01 3.697016090154647827e-02
1.543342173099517822e-01 3.656023740768432617e-02
1.478386819362640381e-01 3.608846291899681091e-02
1.407524198293685913e-01 3.553454577922821045e-02
1.333997249603271484e-01 3.493334725499153137e-02
1.261030137538909912e-01 3.429463505744934082e-02
1.187618225812911987e-01 3.360967338085174561e-02
1.115534305572509766e-01 3.287183120846748352e-02
1.044991835951805115e-01 3.209149464964866638e-02
9.757521748542785645e-02 3.126158937811851501e-02
9.049671888351440430e-02 3.034477867186069489e-02
8.302261680364608765e-02 2.926831133663654327e-02
7.517640292644500732e-02 2.805290557444095612e-02
6.733480840921401978e-02 2.671848423779010773e-02
5.938695371150970459e-02 2.521914429962635040e-02
5.141670256853103638e-02 2.356156148016452789e-02
4.347944632172584534e-02 2.170462906360626221e-02
3.595361486077308655e-02 1.971364021301269531e-02
2.896197699010372162e-02 1.760152354836463928e-02
2.253273874521255493e-02 1.537849288433790207e-02
1.664177328348159790e-02 1.303008850663900375e-02
1.168851926922798157e-02 1.073453482240438461e-02
7.749580312520265579e-03 8.509242907166481018e-03
4.730734974145889282e-03 6.434857845306396484e-03
2.610536292195320129e-03 4.620588850229978561e-03
1.158400205895304680e-03 3.094164188951253891e-03
3.736269136425107718e-04 1.900617382489144802e-03
2.903393396991305053e-05 9.838714031502604485e-04
-4.971670568920671940e-05 2.573434030637145042e-04
6.712889899063156918e-06 -3.960866015404462814e-04
2.870880416594445705e-04 -1.016861759126186371e-03
6.912498502060770988e-04 -1.721360022202134132e-03
1.089180121198296547e-03 -2.441614167764782906e-03
1.412076759152114391e-03 -3.136191051453351974e-03
1.735848723910748959e-03 -3.791912226006388664e-03
2.314318437129259109e-03 -4.448227118700742722e-03
3.503157990053296089e-03 -5.171785596758127213e-03
5.595583934336900711e-03 -6.019642576575279236e-03
8.683436550199985504e-03 -7.034440990537405014e-03
1.276737172156572342e-02 -8.210264146327972412e-03
1.774112507700920105e-02 -9.479967877268791199e-03
2.311402373015880585e-02 -1.066496316343545914e-02
2.883813902735710144e-02 -1.169320009648799896e-02
3.503644838929176331e-02 -1.254427991807460785e-02
4.201340675354003906e-02 -1.325638964772224426e-02
5.010228604078292847e-02 -1.388197205960750580e-02
5.934534221887588501e-02 -1.445505768060684204e-02
6.929505616426467896e-02 -1.498962659388780594e-02
7.962396740913391113e-02 -1.548672653734683990e-02
8.991427719593048096e-02 -1.592240110039710999e-02
9.989186376333236694e-02 -1.625190116465091705e-02
1.092414408922195435e-01 -1.649587228894233704e-02
1.179201602935791016e-01 -1.667570322751998901e-02
1.263250708580017090e-01 -1.681518554687500000e-02
1.348911225795745850e-01 -1.693345420062541962e-02
1.436529904603958130e-01 -1.703372970223426819e-02
1.525882631540298462e-01 -1.710980385541915894e-02
1.617059409618377686e-01 -1.716691628098487854e-02
1.710322499275207520e-01 -1.720595918595790863e-02
1.805860400199890137e-01 -1.722895912826061249e-02
1.897607594728469849e-01 -1.723431982100009918e-02
1.985489130020141602e-01 -1.722222007811069489e-02
2.072815299034118652e-01 -1.719354838132858276e-02
2.158599644899368286e-01 -1.715297251939773560e-02
2.241187691688537598e-01 -1.710229180753231049e-02
2.323953360319137573e-01 -1.703873090445995331e-02
2.407133877277374268e-01 -1.696279831230640411e-02
2.492685467004776001e-01 -1.687362417578697205e-02
2.581508755683898926e-01 -1.676926203072071075e-02
2.670644521713256836e-01 -1.665191724896430969e-02
2.758864164352416992e-01 -1.652708649635314941e-02
2.847309410572052002e-01 -1.639358140528202057e-02
2.931456863880157471e-01 -1.625758782029151917e-02
3.013207614421844482e-01 -1.611403562128543854e-02
3.097185194492340088e-01 -1.595496386289596558e-02
3.183116316795349121e-01 -1.578076370060443878e-02
3.270378410816192627e-01 -1.559535227715969086e-02
3.359008431434631348e-01 -1.539959385991096497e-02
3.444422185420989990e-01 -1.520475745201110840e-02
3.525225520133972168e-01 -1.501258835196495056e-02
3.603310286998748779e-01 -1.481833122670650482e-02
3.678021430969238281e-01 -1.462236326187849045e-02
3.752906024456024170e-01 -1.441814005374908447e-02
3.830695152282714844e-01 -1.419952046126127243e-02
3.909626305103302002e-01 -1.397200766950845718e-02
3.988865315914154053e-01 -1.373716164380311966e-02
4.067828059196472168e-01 -1.349707320332527161e-02
4.145059883594512939e-01 -1.325395237654447556e-02
4.222332239151000977e-01 -1.300291810184717178e-02
4.301300346851348877e-01 -1.273883227258920670e-02
4.380514621734619141e-01 -1.246742624789476395e-02
4.460218548774719238e-01 -1.218807511031627655e-02
4.540956318378448486e-01 -1.189862750470638275e-02
4.621331989765167236e-01 -1.160302106291055679e-02
4.701380133628845215e-01 -1.130166370421648026e-02
4.780730903148651123e-01 -1.099589653313159943e-02
4.860964417457580566e-01 -1.067978236824274063e-02
4.943219423294067383e-01 -1.034864783287048340e-02
5.027663111686706543e-01 -1.000189036130905151e-02
5.112706422805786133e-01 -9.645158424973487854e-03
5.198355913162231445e-01 -9.279085323214530945e-03
5.284852981567382812e-01 -8.902648463845252991e-03
5.370199084281921387e-01 -8.525081910192966461e-03
5.452824234962463379e-01 -8.153756149113178253e-03
5.532550811767578125e-01 -7.789750117808580399e-03
5.610935091972351074e-01 -7.426457013934850693e-03
5.689611434936523438e-01 -7.056483998894691467e-03
5.769464969635009766e-01 -6.675888784229755402e-03
5.851115584373474121e-01 -6.281971465796232224e-03
5.934846401214599609e-01 -5.873829592019319534e-03
6.020458936691284180e-01 -5.452963057905435562e-03
6.105598211288452148e-01 -5.031018983572721481e-03
6.189411282539367676e-01 -4.612405318766832352e-03
6.271609067916870117e-01 -4.199117422103881836e-03
6.352875828742980957e-01 -3.788319416344165802e-03
6.434049606323242188e-01 -3.376541659235954285e-03
6.515444517135620117e-01 -2.962784608826041222e-03
6.596636176109313965e-01 -2.550016390159726143e-03
6.677557229995727539e-01 -2.139269141480326653e-03
6.757847666740417480e-01 -1.733147189952433109e-03
6.837205886840820312e-01 -1.333747175522148609e-03
6.915550231933593750e-01 -9.419911075383424759e-04
6.992843151092529297e-01 -5.585883045569062233e-04
7.070526480674743652e-01 -1.777638826752081513e-04
7.150418162345886230e-01 2.074741205433383584e-04
7.232815027236938477e-01 5.974188097752630711e-04
7.317889928817749023e-01 9.909282671287655830e-04
7.406296730041503906e-01 1.388732460327446461e-03
7.497886419296264648e-01 1.787881366908550262e-03
7.591863274574279785e-01 2.182086231186985970e-03
7.685688734054565430e-01 2.559737069532275200e-03
7.778173685073852539e-01 2.914059907197952271e-03
7.870455980300903320e-01 3.245664061978459358e-03
7.963485121726989746e-01 3.554561873897910118e-03
8.055760264396667480e-01 3.835823386907577515e-03
8.147794604301452637e-01 4.089999478310346603e-03
8.240068554878234863e-01 4.317558370530605316e-03
8.332432508468627930e-01 4.516640212386846542e-03
8.423618674278259277e-01 4.684481769800186157e-03
8.511192798614501953e-01 4.816828761249780655e-03
8.595720529556274414e-01 4.913940094411373138e-03
8.679311871528625488e-01 4.978287499397993088e-03
8.763251304626464844e-01 5.006823223084211349e-03
8.846971988677978516e-01 4.994211718440055847e-03
8.932023644447326660e-01 4.937961697578430176e-03
9.018678069114685059e-01 4.835675470530986786e-03
9.104899764060974121e-01 4.695787094533443451e-03
9.188114404678344727e-01 4.524264484643936157e-03
9.272439479827880859e-01 4.284901544451713562e-03
9.349885582923889160e-01 4.027120303362607956e-03
9.424121379852294922e-01 3.735064528882503510e-03
9.498699903488159180e-01 3.387115197256207466e-03
9.576394557952880859e-01 2.960790880024433136e-03
9.616280198097229004e-01 2.717666095122694969e-03
9.700171947479248047e-01 2.151221502572298050e-03
9.791234731674194336e-01 1.461009727790951729e-03
9.891480207443237305e-01 6.268220022320747375e-04
1.000292062759399414e+00 -3.715499187819659710e-04
