9.997237920761108398e-01 -4.884941154159605503e-05
9.932726621627807617e-01 1.484130509197711945e-03
9.850268363952636719e-01 3.108520060777664185e-03
9.754538536071777344e-01 4.772383254021406174e-03
9.650213122367858887e-01 6.423784885555505753e-03
9.491549134254455566e-01 8.711845614016056061e-03
9.388722181320190430e-01 1.006875466555356979e-02
9.291034936904907227e-01 1.127094216644763947e-02
9.199882149696350098e-01 1.231354940682649612e-02
9.115927815437316895e-01 1.320071611553430557e-02
9.025803804397583008e-01 1.412556599825620651e-02
8.933683633804321289e-01 1.503429375588893890e-02
8.839825391769409180e-01 1.593168079853057861e-02
8.745290637016296387e-01 1.681504398584365845e-02
8.651043772697448730e-01 1.767800189554691315e-02
8.558232188224792480e-01 1.851189509034156799e-02
8.468413352966308594e-01 1.930233091115951538e-02
8.381254673004150391e-01 2.005569823086261749e-02
8.295611739158630371e-01 2.078394778072834015e-02
8.209288716316223145e-01 2.150876261293888092e-02
8.122273683547973633e-01 2.223015576601028442e-02
8.035161495208740234e-01 2.294460497796535492e-02
7.949290871620178223e-01 2.364195697009563446e-02
7.864419221878051758e-01 2.432466298341751099e-02
7.781592607498168945e-01 2.498495578765869141e-02
7.700949907302856445e-01 2.562195248901844025e-02
7.622233629226684570e-01 2.623824961483478546e-02
7.544208765029907227e-01 2.684412896633148193e-02
7.465662956237792969e-01 2.744956500828266144e-02
7.386404871940612793e-01 2.805625088512897491e-02
7.307198643684387207e-01 2.865846268832683563e-02
7.229142785072326660e-01 2.924818918108940125e-02
7.151992917060852051e-01 2.982763759791851044e-02
7.075948119163513184e-01 3.039498254656791687e-02
7.000650763511657715e-01 3.095309808850288391e-02
6.925697326660156250e-01 3.150505200028419495e-02
6.849806308746337891e-01 3.206031769514083862e-02
6.772140264511108398e-01 3.262503817677497864e-02
6.692534685134887695e-01 3.320030122995376587e-02
6.612046360969543457e-01 3.377840295433998108e-02
6.531241536140441895e-01 3.435489907860755920e-02
6.449725031852722168e-01 3.493237867951393127e-02
6.367225050926208496e-01 3.551249951124191284e-02
6.284365057945251465e-01 3.609066456556320190e-02
6.201096773147583008e-01 3.666697442531585693e-02
6.117044687271118164e-01 3.724395483732223511e-02
6.032660603523254395e-01 3.781842812895774841e-02
5.948649644851684570e-01 3.838550671935081482e-02
5.865561962127685547e-01 3.894091024994850159e-02
5.783128738403320312e-01 3.948643803596496582e-02
5.700521469116210938e-01 4.002716019749641418e-02
5.617232918739318848e-01 4.056609794497489929e-02
5.532999038696289062e-01 4.110433533787727356e-02
5.447058677673339844e-01 4.164626076817512512e-02
5.359198451042175293e-01 4.219256713986396790e-02
5.269641280174255371e-01 4.274071007966995239e-02
5.178824663162231445e-01 4.328692331910133362e-02
5.087537169456481934e-01 4.382627829909324646e-02
4.996752142906188965e-01 4.435247927904129028e-02
4.906888306140899658e-01 4.486290365457534790e-02
4.818792641162872314e-01 4.535255953669548035e-02
4.732727706432342529e-01 4.582005366683006287e-02
4.647922813892364502e-01 4.626877233386039734e-02
4.563759267330169678e-01 4.670171439647674561e-02
4.479458928108215332e-01 4.712311923503875732e-02
4.394038319587707520e-01 4.753685742616653442e-02
4.308154582977294922e-01 4.793982952833175659e-02
4.221069216728210449e-01 4.833345487713813782e-02
4.133416116237640381e-01 4.871475324034690857e-02
4.045578539371490479e-01 4.908019676804542542e-02
3.958127498626708984e-01 4.942702874541282654e-02
3.870192766189575195e-01 4.975718259811401367e-02
3.782348930835723877e-01 5.006776750087738037e-02
3.695565760135650635e-01 5.035596713423728943e-02
3.610317707061767578e-01 5.062134936451911926e-02
3.528403937816619873e-01 5.085963383316993713e-02
3.448142111301422119e-01 5.107512697577476501e-02
3.369322717189788818e-01 5.126587301492691040e-02
3.290047943592071533e-01 5.143482610583305359e-02
3.209093809127807617e-01 5.158242955803871155e-02
3.124937415122985840e-01 5.171215906739234924e-02
3.038676977157592773e-01 5.182220041751861572e-02
2.952568233013153076e-01 5.191052705049514771e-02
2.868111133575439453e-01 5.197327584028244019e-02
2.786290347576141357e-01 5.200429260730743408e-02
2.705894410610198975e-01 5.200446024537086487e-02
2.626256942749023438e-01 5.197338759899139404e-02
2.545057535171508789e-01 5.190818756818771362e-02
2.459599077701568604e-01 5.179851874709129333e-02
2.369876950979232788e-01 5.164267122745513916e-02
2.277556955814361572e-01 5.143922194838523865e-02
2.184460014104843140e-01 5.118462815880775452e-02
2.091239094734191895e-01 5.087430402636528015e-02
1.999735385179519653e-01 5.051669105887413025e-02
1.911923587322235107e-01 5.011930316686630249e-02
1.828883141279220581e-01 4.968789219856262207e-02
1.749254912137985229e-01 4.921673238277435303e-02
1.670775562524795532e-01 4.869318380951881409e-02
1.594242751598358154e-01 4.812265187501907349e-02
1.518948525190353394e-01 4.749795794486999512e-02
1.443565934896469116e-01 4.680829867720603943e-02
1.366997659206390381e-01 4.603901132941246033e-02
1.291713714599609375e-01 4.522131010890007019e-02
1.217716783285140991e-01 4.434017464518547058e-02
1.145446002483367920e-01 4.340193420648574829e-02
1.073242947459220886e-01 4.237002134323120117e-02
1.000662371516227722e-01 4.123749583959579468e-02
9.282518178224563599e-02 3.999734297394752502e-02
8.553992211818695068e-02 3.864383324980735779e-02
7.808497548103332520e-02 3.712156042456626892e-02
7.050692290067672729e-02 3.544358164072036743e-02
6.300543993711471558e-02 3.360834717750549316e-02
5.545391142368316650e-02 3.155324235558509827e-02
4.796109348535537720e-02 2.926043607294559479e-02
4.051057994365692139e-02 2.672335132956504822e-02
3.334764763712882996e-02 2.400780841708183289e-02
2.665247581899166107e-02 2.117361314594745636e-02
2.062496542930603027e-02 1.830651611089706421e-02
1.530423108488321304e-02 1.542113255709409714e-02
1.092266105115413666e-02 1.267805788666009903e-02
7.458812091499567032e-03 1.007678918540477753e-02
4.786132834851741791e-03 7.630026433616876602e-03
2.823112066835165024e-03 5.384468473494052887e-03
1.453872537240386009e-03 3.447034396231174469e-03
6.081905448809266090e-04 1.861902652308344841e-03
1.524384570075199008e-04 6.318265222944319248e-04
-1.688192787696607411e-05 -2.803830720949918032e-04
-1.762043211783748120e-05 -9.806009475141763687e-04
1.380217145197093487e-04 -1.497920486144721508e-03
3.422287991270422935e-04 -1.983690308406949043e-03
5.564739112742245197e-04 -2.497908892109990120e-03
7.337584393098950386e-04 -3.054336179047822952e-03
9.365658042952418327e-04 -3.641734365373849869e-03
1.322237658314406872e-03 -4.310499876737594604e-03
2.091855742037296295e-03 -5.083723925054073334e-03
3.427456133067607880e-03 -5.977415479719638824e-03
5.481733474880456924e-03 -7.006878498941659927e-03
8.415218442678451538e-03 -8.125831373035907745e-03
1.235170848667621613e-02 -9.292173199355602264e-03
1.727998442947864532e-02 -1.040019281208515167e-02
2.315298281610012054e-02 -1.135518401861190796e-02
2.997216954827308655e-02 -1.211762893944978714e-02
3.784390911459922791e-02 -1.268544513732194901e-02
4.664667695760726929e-02 -1.306644268333911896e-02
5.615621805191040039e-02 -1.328079216182231903e-02
6.598003208637237549e-02 -1.336919888854026794e-02
7.581499963998794556e-02 -1.336161326617002487e-02
8.534073084592819214e-02 -1.328729558736085892e-02
9.441316872835159302e-02 -1.314831152558326721e-02
1.030080541968345642e-01 -1.295830868184566498e-02
1.112622916698455811e-01 -1.273568160831928253e-02
1.194582656025886536e-01 -1.249084901064634323e-02
1.276658475399017334e-01 -1.222773548215627670e-02
1.358739435672760010e-01 -1.194994244724512100e-02
1.439764201641082764e-01 -1.166152488440275192e-02
1.518223434686660767e-01 -1.137157343327999115e-02
1.594097465276718140e-01 -1.108020916581153870e-02
1.668992340564727783e-01 -1.078286767005920410e-02
1.744320839643478394e-01 -1.047483831644058228e-02
1.822013854980468750e-01 -1.014908682554960251e-02
1.905272006988525391e-01 -9.792931377887725830e-03
1.994151324033737183e-01 -9.406381286680698395e-03
2.086582481861114502e-01 -8.999418467283248901e-03
2.181116193532943726e-01 -8.578442968428134918e-03
2.274688035249710083e-01 -8.157489821314811707e-03
2.365720570087432861e-01 -7.744346279650926590e-03
2.453449517488479614e-01 -7.343290839344263077e-03
2.536934316158294678e-01 -6.959322839975357056e-03
2.617512047290802002e-01 -6.587440613657236099e-03
2.699618041515350342e-01 -6.207998376339673996e-03
2.783909440040588379e-01 -5.818434990942478180e-03
2.871355414390563965e-01 -5.414611194282770157e-03
2.962973713874816895e-01 -4.992292262613773346e-03
3.057462871074676514e-01 -4.557791631668806076e-03
3.150537610054016113e-01 -4.131061956286430359e-03
3.239905536174774170e-01 -3.722768509760499001e-03
3.323040008544921875e-01 -3.344737226143479347e-03
3.401913046836853027e-01 -2.988401567563414574e-03
3.479590117931365967e-01 -2.640185644850134850e-03
3.556406795978546143e-01 -2.298544626682996750e-03
3.635192513465881348e-01 -1.950964331626892090e-03
3.717133104801177979e-01 -1.592318178154528141e-03
3.801797330379486084e-01 -1.224783947691321373e-03
3.885143995285034180e-01 -8.662085747346282005e-04
3.966158926486968994e-01 -5.210394738242030144e-04
4.044569432735443115e-01 -1.909481652546674013e-04
4.121708869934082031e-01 1.299913419643417001e-04
4.197780191898345947e-01 4.426817176863551140e-04
4.272348880767822266e-01 7.452536374330520630e-04
4.347012042999267578e-01 1.044545439071953297e-03
4.422782063484191895e-01 1.344304881058633327e-03
4.499713778495788574e-01 1.644538948312401772e-03
4.576066732406616211e-01 1.938201254233717918e-03
4.652707874774932861e-01 2.228414174169301987e-03
4.730999767780303955e-01 2.520015230402350426e-03
4.810586273670196533e-01 2.811519661918282509e-03
4.891420304775238037e-01 3.102248068898916245e-03
4.974149465560913086e-01 3.393484512344002724e-03
5.058935284614562988e-01 3.685676492750644684e-03
5.146215558052062988e-01 3.979894332587718964e-03
5.234373807907104492e-01 4.270527977496385574e-03
5.321355462074279785e-01 4.550642333924770355e-03
5.407333374023437500e-01 4.820793867111206055e-03
5.492030382156372070e-01 5.080121569335460663e-03
5.574661493301391602e-01 5.325798410922288895e-03
5.655570030212402344e-01 5.559318698942661285e-03
5.736311078071594238e-01 5.785461049526929855e-03
5.817405581474304199e-01 6.005347240716218948e-03
5.899013876914978027e-01 6.220265291631221771e-03
5.980402231216430664e-01 6.427876651287078857e-03
6.062079668045043945e-01 6.628575734794139862e-03
6.145797371864318848e-01 6.825722288340330124e-03
6.231842041015625000e-01 7.019280921667814255e-03
6.320511698722839355e-01 7.209062110632658005e-03
6.411616802215576172e-01 7.393941748887300491e-03
6.505658030509948730e-01 7.574009243398904800e-03
6.600385904312133789e-01 7.745729759335517883e-03
6.693142056465148926e-01 7.904019206762313843e-03
6.784015297889709473e-01 8.047496899962425232e-03
6.874364614486694336e-01 8.177400566637516022e-03
6.965834498405456543e-01 8.295441977679729462e-03
7.058706879615783691e-01 8.401546627283096313e-03
7.153956294059753418e-01 8.496437221765518188e-03
7.251947522163391113e-01 8.579755201935768127e-03
7.351871132850646973e-01 8.650885894894599915e-03
7.448936104774475098e-01 8.706699125468730927e-03
7.541403174400329590e-01 8.745702914893627167e-03
7.630032300949096680e-01 8.768706582486629486e-03
7.714541554450988770e-01 8.777650073170661926e-03
7.795782089233398438e-01 8.773692883551120758e-03
7.875464558601379395e-01 8.756270632147789001e-03
7.957057356834411621e-01 8.723560720682144165e-03
8.042247295379638672e-01 8.675542660057544708e-03
8.131424784660339355e-01 8.610073477029800415e-03
8.222911357879638672e-01 8.525365963578224182e-03
8.317021131515502930e-01 8.420252241194248199e-03
8.413144350051879883e-01 8.293236605823040009e-03
8.508129715919494629e-01 8.146713487803936005e-03
8.601174354553222656e-01 7.979643531143665314e-03
8.692396283149719238e-01 7.790858857333660126e-03
8.782334923744201660e-01 7.579301949590444565e-03
8.869590163230895996e-01 7.347451988607645035e-03
8.954312801361083984e-01 7.093836553394794464e-03
9.035594463348388672e-01 6.823374889791011810e-03
9.113768339157104492e-01 6.536858621984720230e-03
9.191204905509948730e-01 6.211987230926752090e-03
9.270958900451660156e-01 5.828522611409425735e-03
9.345718026161193848e-01 5.443381145596504211e-03
9.418230056762695312e-01 5.043123848736286163e-03
9.490931630134582520e-01 4.607959650456905365e-03
9.565553069114685059e-01 4.112020600587129593e-03
9.602895379066467285e-01 3.841841826215386391e-03
9.682366251945495605e-01 3.202281426638364792e-03
9.771040081977844238e-01 2.392381662502884865e-03
9.872303605079650879e-01 1.366458251141011715e-03
9.989543557167053223e-01 7.882748468546196818e-05
