1.000146031379699707e+00 -2.529090670577716082e-05
9.944686889648437500e-01 1.200898084789514542e-03
9.868583679199218750e-01 2.567433053627610207e-03
9.778265953063964844e-01 4.009017255157232285e-03
9.678846001625061035e-01 5.460354965180158615e-03
9.528912901878356934e-01 7.441774010658264160e-03
9.433739781379699707e-01 8.565858937799930573e-03
9.341676831245422363e-01 9.548960253596305847e-03
9.250583052635192871e-01 1.042344793677330017e-02
9.160478711128234863e-01 1.120440755039453506e-02
9.060555696487426758e-01 1.204503607004880905e-02
8.958408832550048828e-01 1.287834625691175461e-02
8.857767581939697266e-01 1.368407439440488815e-02
8.764140009880065918e-01 1.440795604139566422e-02
8.676757216453552246e-01 1.506477966904640198e-02
8.594446778297424316e-01 1.566921174526214600e-02
8.514086008071899414e-01 1.625132188200950623e-02
8.431044816970825195e-01 1.684991456568241119e-02
8.343136906623840332e-01 1.747894659638404846e-02
8.247951269149780273e-01 1.815797202289104462e-02
8.148177266120910645e-01 1.886611431837081909e-02
8.049341440200805664e-01 1.956551522016525269e-02
7.954596281051635742e-01 2.023409865796566010e-02
7.865167856216430664e-01 2.086377516388893127e-02
7.781744599342346191e-01 2.144975587725639343e-02
7.702803611755371094e-01 2.200293540954589844e-02
7.626118063926696777e-01 2.253934741020202637e-02
7.548789381980895996e-01 2.307952754199504852e-02
7.468047738075256348e-01 2.364285662770271301e-02
7.384543418884277344e-01 2.422459423542022705e-02
7.300845384597778320e-01 2.480656653642654419e-02
7.217456698417663574e-01 2.538521960377693176e-02
7.133884429931640625e-01 2.596347779035568237e-02
7.050779461860656738e-01 2.653671987354755402e-02
6.967900991439819336e-01 2.710642851889133453e-02
6.887078881263732910e-01 2.766007743775844574e-02
6.807520389556884766e-01 2.820273116230964661e-02
6.728315949440002441e-01 2.874040417373180389e-02
6.648808121681213379e-01 2.927673049271106720e-02
6.569713950157165527e-01 2.980667911469936371e-02
6.489620208740234375e-01 3.033890202641487122e-02
6.407160162925720215e-01 3.088245913386344910e-02
6.323757767677307129e-01 3.142741322517395020e-02
6.241620779037475586e-01 3.196018189191818237e-02
6.162023544311523438e-01 3.247109428048133850e-02
6.083545088768005371e-01 3.296853974461555481e-02
6.004874706268310547e-01 3.345942497253417969e-02
5.924972891807556152e-01 3.395038470625877380e-02
5.843796133995056152e-01 3.444068506360054016e-02
5.758838057518005371e-01 3.494473546743392944e-02
5.670816302299499512e-01 3.545752167701721191e-02
5.582001805305480957e-01 3.596471250057220459e-02
5.495969653129577637e-01 3.644531220197677612e-02
5.412180423736572266e-01 3.690212219953536987e-02
5.330200195312500000e-01 3.733712807297706604e-02
5.248983502388000488e-01 3.775488585233688354e-02
5.169467329978942871e-01 3.815133869647979736e-02
5.090324282646179199e-01 3.853311017155647278e-02
5.009342432022094727e-01 3.891089186072349548e-02
4.925666153430938721e-01 3.928503394126892090e-02
4.841288626194000244e-01 3.964777663350105286e-02
4.758149385452270508e-01 3.999023139476776123e-02
4.676097631454467773e-01 4.031451418995857239e-02
4.594056904315948486e-01 4.062186926603317261e-02
4.511893689632415771e-01 4.091273993253707886e-02
4.429234862327575684e-01 4.118295758962631226e-02
4.345960319042205811e-01 4.143651202321052551e-02
4.259011149406433105e-01 4.167878627777099609e-02
4.169402122497558594e-01 4.191112518310546875e-02
4.080343246459960938e-01 4.212168604135513306e-02
3.994396924972534180e-01 4.230729117989540100e-02
3.910392820835113525e-01 4.246534779667854309e-02
3.826060593128204346e-01 4.259868711233139038e-02
3.740737736225128174e-01 4.270530119538307190e-02
3.652958869934082031e-01 4.279009997844696045e-02
3.564084470272064209e-01 4.285192489624023438e-02
3.469439148902893066e-01 4.289070516824722290e-02
3.372954130172729492e-01 4.290096461772918701e-02
3.274715244770050049e-01 4.287481307983398438e-02
3.178479969501495361e-01 4.281395673751831055e-02
3.083035647869110107e-01 4.272081330418586731e-02
2.990390062332153320e-01 4.260201007127761841e-02
2.901583611965179443e-01 4.245914146304130554e-02
2.819048464298248291e-01 4.230132326483726501e-02
2.741462290287017822e-01 4.212213307619094849e-02
2.664553821086883545e-01 4.191840440034866333e-02
2.588176727294921875e-01 4.168452695012092590e-02
2.509325146675109863e-01 4.141763597726821899e-02
2.428569942712783813e-01 4.111322388052940369e-02
2.345825731754302979e-01 4.077639058232307434e-02
2.262752950191497803e-01 4.040768742561340332e-02
2.180513590574264526e-01 4.001195356249809265e-02
2.101172506809234619e-01 3.959348797798156738e-02
2.024685442447662354e-01 3.916209563612937927e-02
1.951076835393905640e-01 3.871866315603256226e-02
1.880200356245040894e-01 3.826594352722167969e-02
1.809768825769424438e-01 3.778382390737533569e-02
1.737521886825561523e-01 3.725403174757957458e-02
1.662065833806991577e-01 3.665694221854209900e-02
1.581930667161941528e-01 3.598088398575782776e-02
1.497139930725097656e-01 3.521758317947387695e-02
1.410736292600631714e-01 3.440426662564277649e-02
1.326120048761367798e-01 3.356574475765228271e-02
1.244654878973960876e-01 3.271545842289924622e-02
1.166535019874572754e-01 3.184182569384574890e-02
1.088448911905288696e-01 3.089851699769496918e-02
1.007452458143234253e-01 2.982915192842483521e-02
9.207616746425628662e-02 2.858812361955642700e-02
8.288005739450454712e-02 2.718073688447475433e-02
7.323092222213745117e-02 2.559246495366096497e-02
6.396464258432388306e-02 2.400301024317741394e-02
5.530155822634696960e-02 2.240724489092826843e-02
4.752689972519874573e-02 2.089095115661621094e-02
4.050312936305999756e-02 1.935953460633754730e-02
3.395236283540725708e-02 1.775000244379043579e-02
2.753710187971591949e-02 1.591632328927516937e-02
2.118652686476707458e-02 1.377949025481939316e-02
1.508528646081686020e-02 1.131495926529169083e-02
9.467246942222118378e-03 8.580565452575683594e-03
5.146498791873455048e-03 5.884483456611633301e-03
2.114631002768874168e-03 3.317156108096241951e-03
5.626698257401585579e-04 1.157322316430509090e-03
1.404768991051241755e-04 -5.699460743926465511e-04
4.592649056576192379e-04 -1.763025298714637756e-03
1.034114393405616283e-03 -2.516094828024506569e-03
1.657209242694079876e-03 -2.962030703201889992e-03
2.217780798673629761e-03 -3.282722318544983864e-03
2.727095503360033035e-03 -3.595073241740465164e-03
3.428294323384761810e-03 -3.958997782319784164e-03
4.231405910104513168e-03 -4.444404505193233490e-03
5.305584054440259933e-03 -5.021777004003524780e-03
6.501669995486736298e-03 -5.672633182257413864e-03
7.698587607592344284e-03 -6.303129717707633972e-03
8.986607193946838379e-03 -6.919416133314371109e-03
1.064799632877111435e-02 -7.572762668132781982e-03
1.305764634162187576e-02 -8.328762836754322052e-03
1.633047498762607574e-02 -9.209761396050453186e-03
2.063793689012527466e-02 -1.024614181369543076e-02
2.605007030069828033e-02 -1.139202620834112167e-02
3.278161212801933289e-02 -1.262774411588907242e-02
4.037582874298095703e-02 -1.382650434970855713e-02
4.848100990056991577e-02 -1.490656193345785141e-02
5.696022883057594299e-02 -1.584172248840332031e-02
6.571689248085021973e-02 -1.663454622030258179e-02
7.438047230243682861e-02 -1.728946715593338013e-02
8.227912336587905884e-02 -1.779512315988540649e-02
8.922167867422103882e-02 -1.817859895527362823e-02
9.550508856773376465e-02 -1.846460066735744476e-02
1.015291512012481689e-01 -1.869343407452106476e-02
1.073354110121726990e-01 -1.885573379695415497e-02
1.134091913700103760e-01 -1.897351443767547607e-02
1.202667653560638428e-01 -1.906754262745380402e-02
1.281982809305191040e-01 -1.914074830710887909e-02
1.369275599718093872e-01 -1.917765103280544281e-02
1.461112052202224731e-01 -1.915615424513816833e-02
1.554719656705856323e-01 -1.907952129840850830e-02
1.649394035339355469e-01 -1.895336993038654327e-02
1.742001175880432129e-01 -1.878443919122219086e-02
1.829764246940612793e-01 -1.857892796397209167e-02
1.911777555942535400e-01 -1.835339516401290894e-02
1.990097463130950928e-01 -1.810814253985881805e-02
2.065380513668060303e-01 -1.784987188875675201e-02
2.139226198196411133e-01 -1.757199317216873169e-02
2.216125577688217163e-01 -1.725845970213413239e-02
2.298487722873687744e-01 -1.689828373491764069e-02
2.388807684183120728e-01 -1.648099534213542938e-02
2.486853599548339844e-01 -1.600448042154312134e-02
2.587332129478454590e-01 -1.549794897437095642e-02
2.684280872344970703e-01 -1.499454863369464874e-02
2.777265310287475586e-01 -1.449725590646266937e-02
2.863324880599975586e-01 -1.402264088392257690e-02
2.943831682205200195e-01 -1.356612145900726318e-02
3.024423718452453613e-01 -1.309752929955720901e-02
3.108904361724853516e-01 -1.259681396186351776e-02
3.199205994606018066e-01 -1.205658540129661560e-02
3.294872343540191650e-01 -1.148165389895439148e-02
3.389182686805725098e-01 -1.091293618083000183e-02
3.479211628437042236e-01 -1.036776509135961533e-02
3.565392494201660156e-01 -9.845637716352939606e-03
3.646298050880432129e-01 -9.355227462947368622e-03
3.723670244216918945e-01 -8.887550793588161469e-03
3.800828754901885986e-01 -8.423607796430587769e-03
3.879554867744445801e-01 -7.953941822052001953e-03
3.959843814373016357e-01 -7.479130290448665619e-03
4.042157232761383057e-01 -6.997812539339065552e-03
4.124175608158111572e-01 -6.524283904582262039e-03
4.205650985240936279e-01 -6.060613319277763367e-03
4.286787807941436768e-01 -5.605823360383510590e-03
4.366495907306671143e-01 -5.166394170373678207e-03
4.443692266941070557e-01 -4.747252445667982101e-03
4.518247246742248535e-01 -4.349583294242620468e-03
4.591385126113891602e-01 -3.967033699154853821e-03
4.664646685123443604e-01 -3.592734457924962044e-03
4.741311967372894287e-01 -3.210765542462468147e-03
4.822340309619903564e-01 -2.817531116306781769e-03
4.910061359405517578e-01 -2.404471160843968391e-03
5.005028247833251953e-01 -1.970456680282950401e-03
5.106235742568969727e-01 -1.523032668046653271e-03
5.209878683090209961e-01 -1.080024638213217258e-03
5.315120220184326172e-01 -6.475811242125928402e-04
5.418108701705932617e-01 -2.397298085270449519e-04
5.516281723976135254e-01 1.349851954728364944e-04
5.609033107757568359e-01 4.756906419061124325e-04
5.696932673454284668e-01 7.844235515221953392e-04
5.782651305198669434e-01 1.072788494639098644e-03
5.867273807525634766e-01 1.345638069324195385e-03
5.953173041343688965e-01 1.611439511179924011e-03
6.040781140327453613e-01 1.871104468591511250e-03
6.131201386451721191e-01 2.130211796611547470e-03
6.220274567604064941e-01 2.376247895881533623e-03
6.306581497192382812e-01 2.605665009468793869e-03
6.391075253486633301e-01 2.820090390741825104e-03
6.475163698196411133e-01 3.022987861186265945e-03
6.558308005332946777e-01 3.214333672076463699e-03
6.640478968620300293e-01 3.394702915102243423e-03
6.723623275756835938e-01 3.568938001990318298e-03
6.807798147201538086e-01 3.737516701221466064e-03
6.890536546707153320e-01 3.896584734320640564e-03
6.970435380935668945e-01 4.042058251798152924e-03
7.048195004463195801e-01 4.175369162112474442e-03
7.125045657157897949e-01 4.299930296838283539e-03
7.200571298599243164e-01 4.416002426296472549e-03
7.272667288780212402e-01 4.520947113633155823e-03
7.342629432678222656e-01 4.616789985448122025e-03
7.412737011909484863e-01 4.706877283751964569e-03
7.482323646545410156e-01 4.791283514350652695e-03
7.552285790443420410e-01 4.869037307798862457e-03
7.626497149467468262e-01 4.943332169204950333e-03
7.708254456520080566e-01 5.015028174966573715e-03
7.797587513923645020e-01 5.082920193672180176e-03
7.892974615097045898e-01 5.143606103956699371e-03
7.992402911186218262e-01 5.192571319639682770e-03
8.094275593757629395e-01 5.228570196777582169e-03
8.194671273231506348e-01 5.250454880297183990e-03
8.288897871971130371e-01 5.255997180938720703e-03
8.377583026885986328e-01 5.245154723525047302e-03
8.462346792221069336e-01 5.217792931944131851e-03
8.545920252799987793e-01 5.171898286789655685e-03
8.628693222999572754e-01 5.106459371745586395e-03
8.712762594223022461e-01 5.018161144107580185e-03
8.799678087234497070e-01 4.904390778392553329e-03
8.888391852378845215e-01 4.764200653880834579e-03
8.975862264633178711e-01 4.600549116730690002e-03
9.061099886894226074e-01 4.410531371831893921e-03
9.144157767295837402e-01 4.195628687739372253e-03
9.227668642997741699e-01 3.938535694032907486e-03
9.315669536590576172e-01 3.623659024015069008e-03
9.399005770683288574e-01 3.298456780612468719e-03
9.480168819427490234e-01 2.957383636385202408e-03
9.560326337814331055e-01 2.596512902528047562e-03
9.639253020286560059e-01 2.212461316958069801e-03
9.676517844200134277e-01 2.019577659666538239e-03
9.750759601593017578e-01 1.604865770787000656e-03
9.825996160507202148e-01 1.139594474807381630e-03
9.903882741928100586e-01 6.094038253650069237e-04
9.986073374748229980e-01 -6.628236803862819215e-08
