9.999999403953552246e-01 3.608257102314382792e-04
9.911735653877258301e-01 2.249196171760559082e-03
9.816349744796752930e-01 4.054144024848937988e-03
9.716743230819702148e-01 5.753679201006889343e-03
9.615817666053771973e-01 7.325812708586454391e-03
9.472018480300903320e-01 9.347935207188129425e-03
9.383455514907836914e-01 1.046893745660781860e-02
9.300141930580139160e-01 1.143545936793088913e-02
9.220494627952575684e-01 1.227968279272317886e-02
9.143391251564025879e-01 1.302609033882617950e-02
9.056196212768554688e-01 1.385156158357858658e-02
8.965704441070556641e-01 1.467268075793981552e-02
8.872473239898681641e-01 1.549168769270181656e-02
8.780081272125244141e-01 1.627697236835956573e-02
8.688990473747253418e-01 1.703013852238655090e-02
8.600860238075256348e-01 1.774107664823532104e-02
8.515644669532775879e-01 1.841322146356105804e-02
8.431951403617858887e-01 1.906293816864490509e-02
8.348242044448852539e-01 1.970382779836654663e-02
8.262372016906738281e-01 2.035547979176044464e-02
8.175440430641174316e-01 2.100850082933902740e-02
8.088262677192687988e-01 2.165907621383666992e-02
8.003236055374145508e-01 2.228972502052783966e-02
7.920383810997009277e-01 2.290121279656887054e-02
7.840721607208251953e-01 2.348621375858783722e-02
7.763221859931945801e-01 2.405276335775852203e-02
7.687044739723205566e-01 2.460756339132785797e-02
7.610123753547668457e-01 2.516620419919490814e-02
7.530146241188049316e-01 2.574582584202289581e-02
7.447286248207092285e-01 2.634537406265735626e-02
7.362866401672363281e-01 2.695534750819206238e-02
7.278825044631958008e-01 2.756186015903949738e-02
7.195591330528259277e-01 2.816200628876686096e-02
7.113960981369018555e-01 2.875012345612049103e-02
7.034385204315185547e-01 2.932310663163661957e-02
6.957722902297973633e-01 2.987487055361270905e-02
6.882652044296264648e-01 3.041502647101879120e-02
6.807103753089904785e-01 3.095852211117744446e-02
6.730163693428039551e-01 3.151189163327217102e-02
6.651813983917236328e-01 3.207524493336677551e-02
6.571706533432006836e-01 3.265099972486495972e-02
6.488928198814392090e-01 3.324563801288604736e-02
6.403822302818298340e-01 3.385658189654350281e-02
6.318330168724060059e-01 3.446987643837928772e-02
6.233303546905517578e-01 3.507904335856437683e-02
6.148626208305358887e-01 3.568479046225547791e-02
6.063565611839294434e-01 3.629188984632492065e-02
5.977965593338012695e-01 3.690134361386299133e-02
5.891503095626831055e-01 3.751495108008384705e-02
5.802758932113647461e-01 3.814220428466796875e-02
5.710766315460205078e-01 3.878892213106155396e-02
5.616416931152343750e-01 3.944826498627662659e-02
5.521588921546936035e-01 4.010643810033798218e-02
5.426361560821533203e-01 4.076254740357398987e-02
5.331665873527526855e-01 4.140908643603324890e-02
5.236775279045104980e-01 4.204945638775825500e-02
5.142540335655212402e-01 4.267661646008491516e-02
5.048587918281555176e-01 4.329253733158111572e-02
4.954116046428680420e-01 4.390176385641098022e-02
4.858602881431579590e-01 4.450664296746253967e-02
4.764042198657989502e-01 4.509429261088371277e-02
4.671952724456787109e-01 4.565493762493133545e-02
4.582875967025756836e-01 4.618539661169052124e-02
4.495860040187835693e-01 4.668936505913734436e-02
4.409041702747344971e-01 4.717687517404556274e-02
4.321260154247283936e-01 4.765100032091140747e-02
4.232945144176483154e-01 4.811149835586547852e-02
4.142949581146240234e-01 4.856302589178085327e-02
4.052264988422393799e-01 4.900183901190757751e-02
3.962729871273040771e-01 4.941581189632415771e-02
3.876455128192901611e-01 4.979599267244338989e-02
3.793437480926513672e-01 5.014001205563545227e-02
3.712181746959686279e-01 5.045468732714653015e-02
3.631786108016967773e-01 5.074421688914299011e-02
3.551540374755859375e-01 5.101394653320312500e-02
3.473234474658966064e-01 5.125823244452476501e-02
3.394424617290496826e-01 5.148376151919364929e-02
3.315284848213195801e-01 5.168621987104415894e-02
3.234087526798248291e-01 5.186570808291435242e-02
3.151066899299621582e-01 5.201716721057891846e-02
3.064177334308624268e-01 5.214153602719306946e-02
2.975016534328460693e-01 5.223894119262695312e-02
2.886464595794677734e-01 5.230880156159400940e-02
2.802007198333740234e-01 5.235010385513305664e-02
2.723123431205749512e-01 5.235750973224639893e-02
2.648208737373352051e-01 5.233198776841163635e-02
2.575960755348205566e-01 5.227072164416313171e-02
2.503519058227539062e-01 5.217452347278594971e-02
2.427723705768585205e-01 5.203435570001602173e-02
2.346925586462020874e-01 5.185222625732421875e-02
2.263301014900207520e-01 5.162753909826278687e-02
2.179180979728698730e-01 5.136143043637275696e-02
2.096047699451446533e-01 5.104908719658851624e-02
2.014619559049606323e-01 5.069584026932716370e-02
1.935147047042846680e-01 5.030005797743797302e-02
1.857778578996658325e-01 4.986367747187614441e-02
1.781505197286605835e-01 4.937952011823654175e-02
1.704174131155014038e-01 4.883567616343498230e-02
1.626370102167129517e-01 4.823123663663864136e-02
1.547935605049133301e-01 4.755746200680732727e-02
1.468718349933624268e-01 4.680860415101051331e-02
1.388235688209533691e-01 4.597786813974380493e-02
1.307733803987503052e-01 4.507145658135414124e-02
1.226937249302864075e-01 4.407572001218795776e-02
1.146345064043998718e-01 4.298543557524681091e-02
1.065535545349121094e-01 4.178820922970771790e-02
9.844462573528289795e-02 4.047480970621109009e-02
9.038562327623367310e-02 3.904857486486434937e-02
8.241342753171920776e-02 3.752043843269348145e-02
7.453916966915130615e-02 3.587026521563529968e-02
6.684742867946624756e-02 3.411932289600372314e-02
5.934717133641242981e-02 3.222792223095893860e-02
5.203322321176528931e-02 3.022405318915843964e-02
4.488925635814666748e-02 2.806733548641204834e-02
3.789652138948440552e-02 2.573935687541961670e-02
3.107898496091365814e-02 2.319077029824256897e-02
2.456284314393997192e-02 2.041260339319705963e-02
1.853053271770477295e-02 1.742286793887615204e-02
1.309900730848312378e-02 1.424350216984748840e-02
8.535602129995822906e-03 1.102946791797876358e-02
4.906360525637865067e-03 7.890097796916961670e-03
2.387730171903967857e-03 5.090117920190095901e-03
8.599564898759126663e-04 2.722710138186812401e-03
1.573983463458716869e-04 8.982811705209314823e-04
1.731894008116796613e-05 -4.147940489929169416e-04
2.175029658246785402e-04 -1.290653599426150322e-03
5.538273835554718971e-04 -1.865528523921966553e-03
9.045834303833544254e-04 -2.305186353623867035e-03
1.243777340278029442e-03 -2.693034010007977486e-03
1.573979970999062061e-03 -3.126491094008088112e-03
1.996856881305575371e-03 -3.602821612730622292e-03
2.429493004456162453e-03 -4.139011260122060776e-03
2.887410577386617661e-03 -4.713237285614013672e-03
3.525713225826621056e-03 -5.359931848943233490e-03
4.585319664329290390e-03 -6.113856099545955658e-03
6.309325806796550751e-03 -7.012243848294019699e-03
9.005789645016193390e-03 -8.091038092970848083e-03
1.273562014102935791e-02 -9.309648536145687103e-03
1.765219308435916901e-02 -1.063659600913524628e-02
2.376009710133075714e-02 -1.198598090559244156e-02
3.076014108955860138e-02 -1.323602534830570221e-02
3.842042759060859680e-02 -1.432258542627096176e-02
4.679546877741813660e-02 -1.522846333682537079e-02
5.582109093666076660e-02 -1.595761813223361969e-02
6.526401638984680176e-02 -1.652839966118335724e-02
7.493469864130020142e-02 -1.697473600506782532e-02
8.443985879421234131e-02 -1.730525679886341095e-02
9.370983392000198364e-02 -1.755212619900703430e-02
1.026751101016998291e-01 -1.771794632077217102e-02
1.111401468515396118e-01 -1.780072040855884552e-02
1.192351505160331726e-01 -1.781792566180229187e-02
1.273842602968215942e-01 -1.778896898031234741e-02
1.357798874378204346e-01 -1.771846041083335876e-02
1.443928778171539307e-01 -1.760958135128021240e-02
1.532197594642639160e-01 -1.746418140828609467e-02
1.620482355356216431e-01 -1.728458143770694733e-02
1.707996428012847900e-01 -1.707813143730163574e-02
1.793386042118072510e-01 -1.685008034110069275e-02
1.875251531600952148e-01 -1.660348847508430481e-02
1.953317970037460327e-01 -1.634559221565723419e-02
2.029826194047927856e-01 -1.607373915612697601e-02
2.106490284204483032e-01 -1.578237116336822510e-02
2.183771282434463501e-01 -1.547090522944927216e-02
2.263624966144561768e-01 -1.513227820396423340e-02
2.345899045467376709e-01 -1.476719975471496582e-02
2.430276572704315186e-01 -1.437773182988166809e-02
2.515065968036651611e-01 -1.397282350808382034e-02
2.598360478878021240e-01 -1.356264483183622360e-02
2.677565813064575195e-01 -1.316152233630418777e-02
2.754786312580108643e-01 -1.275905035436153412e-02
2.830839157104492188e-01 -1.235219556838274002e-02
2.906551659107208252e-01 -1.193718891590833664e-02
2.984657883644104004e-01 -1.150023378431797028e-02
3.065433204174041748e-01 -1.104052830487489700e-02
3.147445619106292725e-01 -1.056789886206388474e-02
3.228514492511749268e-01 -1.009545102715492249e-02
3.306969404220581055e-01 -9.633230976760387421e-03
3.382114171981811523e-01 -9.185024537146091461e-03
3.455933928489685059e-01 -8.740550838410854340e-03
3.528312146663665771e-01 -8.300929330289363861e-03
3.601100742816925049e-01 -7.855735719203948975e-03
3.675626218318939209e-01 -7.398137822747230530e-03
3.751892447471618652e-01 -6.928492803126573563e-03
3.828454315662384033e-01 -6.455848924815654755e-03
3.905388414859771729e-01 -5.980135872960090637e-03
3.982872366905212402e-01 -5.500752013176679611e-03
4.060356616973876953e-01 -5.021683406084775925e-03
4.137339890003204346e-01 -4.546334967017173767e-03
4.213357269763946533e-01 -4.078155849128961563e-03
4.289354383945465088e-01 -3.611783497035503387e-03
4.365301132202148438e-01 -3.148125950247049332e-03
4.441820979118347168e-01 -2.683913335204124451e-03
4.519157409667968750e-01 -2.218255074694752693e-03
4.599146544933319092e-01 -1.740689389407634735e-03
4.682328999042510986e-01 -1.248890999704599380e-03
4.767581820487976074e-01 -7.504156674258410931e-04
4.853982627391815186e-01 -2.514887601137161255e-04
4.941816926002502441e-01 2.482218551449477673e-04
5.030429363250732422e-01 7.444342481903731823e-04
5.119758844375610352e-01 1.235539442859590054e-03
5.208969712257385254e-01 1.716566737741231918e-03
5.297389626502990723e-01 2.183709526434540749e-03
5.385400652885437012e-01 2.638833131641149521e-03
5.473288297653198242e-01 3.082373645156621933e-03
5.560848712921142578e-01 3.512161783874034882e-03
5.648056268692016602e-01 3.927820362150669098e-03
5.735927224159240723e-01 4.334108438342809677e-03
5.823934674263000488e-01 4.727924242615699768e-03
5.911764502525329590e-01 5.108946934342384338e-03
5.998107790946960449e-01 5.470953881740570068e-03
6.082417964935302734e-01 5.811387207359075546e-03
6.165540814399719238e-01 6.132733076810836792e-03
6.248260736465454102e-01 6.438134703785181046e-03
6.330748796463012695e-01 6.728617474436759949e-03
6.413396000862121582e-01 7.005460094660520554e-03
6.497659087181091309e-01 7.272415328770875931e-03
6.582158207893371582e-01 7.526446599513292313e-03
6.665387153625488281e-01 7.763488683849573135e-03
6.748003363609313965e-01 7.983089424669742584e-03
6.831062436103820801e-01 8.186254650354385376e-03
6.916192173957824707e-01 8.375956676900386810e-03
7.002993822097778320e-01 8.551506325602531433e-03
7.091166377067565918e-01 8.711827918887138367e-03
7.181439995765686035e-01 8.857030421495437622e-03
7.273846864700317383e-01 8.986975997686386108e-03
7.364255189895629883e-01 9.095945395529270172e-03
7.451927661895751953e-01 9.181585162878036499e-03
7.538324594497680664e-01 9.245874360203742981e-03
7.623484134674072266e-01 9.290888905525207520e-03
7.707939743995666504e-01 9.318078868091106415e-03
7.792109251022338867e-01 9.325647726655006409e-03
7.878521084785461426e-01 9.311104193329811096e-03
7.968841195106506348e-01 9.274869225919246674e-03
8.062838315963745117e-01 9.215784259140491486e-03
8.158954977989196777e-01 9.130149148404598236e-03
8.258441090583801270e-01 9.014979936182498932e-03
8.360854387283325195e-01 8.868109434843063354e-03
8.463384509086608887e-01 8.691203780472278595e-03
8.565129041671752930e-01 8.481995202600955963e-03
8.665429949760437012e-01 8.242029696702957153e-03
8.764432072639465332e-01 7.971693761646747589e-03
8.860401511192321777e-01 7.673991378396749496e-03
8.952506780624389648e-01 7.349533028900623322e-03
9.040791392326354980e-01 6.998944096267223358e-03
9.126093983650207520e-01 6.622227374464273453e-03
9.210169315338134766e-01 6.200801581144332886e-03
9.296193718910217285e-01 5.710233934223651886e-03
9.376630783081054688e-01 5.218506790697574615e-03
9.453104138374328613e-01 4.719230346381664276e-03
9.527359008789062500e-01 4.197680857032537460e-03
9.600641131401062012e-01 3.632983891293406487e-03
9.636180400848388672e-01 3.337497590109705925e-03
9.710193872451782227e-01 2.666151151061058044e-03
9.791043996810913086e-01 1.852916786447167397e-03
9.882240295410156250e-01 8.561259601265192032e-04
9.987290501594543457e-01 -3.658896603155881166e-04
