1.000001549720764160e+00 7.920582429505884647e-04
9.883108139038085938e-01 3.135266480967402458e-03
9.769110083580017090e-01 5.213691852986812592e-03
9.659208655357360840e-01 7.038825657218694687e-03
9.554591178894042969e-01 8.622158318758010864e-03
9.413414001464843750e-01 1.053120661526918411e-02
9.329490661621093750e-01 1.153932884335517883e-02
9.251744747161865234e-01 1.238816697150468826e-02
9.177688360214233398e-01 1.312288269400596619e-02
9.105811715126037598e-01 1.377343013882637024e-02
9.022730588912963867e-01 1.452101487666368484e-02
8.936568498611450195e-01 1.525791455060243607e-02
8.847068548202514648e-01 1.599705219268798828e-02
8.758209943771362305e-01 1.670692488551139832e-02
8.670191764831542969e-01 1.738954149186611176e-02
8.584516048431396484e-01 1.803761348128318787e-02
8.500367403030395508e-01 1.865972578525543213e-02
8.416332006454467773e-01 1.927102729678153992e-02
8.331046104431152344e-01 1.988343894481658936e-02
8.242715001106262207e-01 2.051335386931896210e-02
8.152900338172912598e-01 2.114880830049514771e-02
8.062751293182373047e-01 2.178395166993141174e-02
7.976201176643371582e-01 2.239140681922435760e-02
7.893096804618835449e-01 2.297322824597358704e-02
7.814579010009765625e-01 2.352165989577770233e-02
7.738866209983825684e-01 2.404980175197124481e-02
7.665691971778869629e-01 2.456012740731239319e-02
7.592514753341674805e-01 2.507072314620018005e-02
7.516603469848632812e-01 2.560109458863735199e-02
7.436822652816772461e-01 2.615948952734470367e-02
7.353728413581848145e-01 2.674220688641071320e-02
7.269625663757324219e-01 2.733317203819751740e-02
7.185056209564208984e-01 2.792879752814769745e-02
7.100858688354492188e-01 2.852338366210460663e-02
7.018024921417236328e-01 2.910999208688735962e-02
6.938675045967102051e-01 2.967358753085136414e-02
6.862016916275024414e-01 3.021969273686408997e-02
6.786214709281921387e-01 3.076128289103507996e-02
6.709778904914855957e-01 3.130895271897315979e-02
6.632466316223144531e-01 3.186437115073204041e-02
6.554614305496215820e-01 3.242504224181175232e-02
6.474921107292175293e-01 3.300025686621665955e-02
6.392869949340820312e-01 3.359358385205268860e-02
6.309971213340759277e-01 3.419403359293937683e-02
6.227227449417114258e-01 3.479410335421562195e-02
6.144432425498962402e-01 3.539504483342170715e-02
6.061025261878967285e-01 3.600040823221206665e-02
5.977022647857666016e-01 3.660986572504043579e-02
5.892877578735351562e-01 3.721982613205909729e-02
5.808091163635253906e-01 3.783329203724861145e-02
5.721133351325988770e-01 3.846037015318870544e-02
5.632317662239074707e-01 3.909814357757568359e-02
5.542757511138916016e-01 3.973796591162681580e-02
5.452100038528442383e-01 4.038180410861968994e-02
5.360686182975769043e-01 4.102632030844688416e-02
5.267768502235412598e-01 4.167511686682701111e-02
5.174326896667480469e-01 4.231985285878181458e-02
5.081092119216918945e-01 4.295473173260688782e-02
4.987887740135192871e-01 4.358028620481491089e-02
4.895097613334655762e-01 4.419386759400367737e-02
4.804286658763885498e-01 4.478444904088973999e-02
4.716758131980895996e-01 4.534343257546424866e-02
4.632430970668792725e-01 4.587129876017570496e-02
4.550229907035827637e-01 4.637349396944046021e-02
4.467462003231048584e-01 4.686566442251205444e-02
4.382746219635009766e-01 4.735317081212997437e-02
4.296778440475463867e-01 4.783355444669723511e-02
4.209167361259460449e-01 4.830830916762351990e-02
4.121745228767395020e-01 4.876805469393730164e-02
4.035532176494598389e-01 4.920506477355957031e-02
3.952490091323852539e-01 4.960947483777999878e-02
3.871878981590270996e-01 4.998214542865753174e-02
3.791790008544921875e-01 5.033104494214057922e-02
3.710398972034454346e-01 5.066462233662605286e-02
3.627000451087951660e-01 5.098718777298927307e-02
3.544449806213378906e-01 5.128926411271095276e-02
3.461468219757080078e-01 5.157318338751792908e-02
3.378671109676361084e-01 5.183218792080879211e-02
3.294364511966705322e-01 5.206644907593727112e-02
3.208989500999450684e-01 5.227046087384223938e-02
3.120307028293609619e-01 5.244748294353485107e-02
3.030101358890533447e-01 5.259919539093971252e-02
2.941001951694488525e-01 5.272474139928817749e-02
2.856394946575164795e-01 5.282086506485939026e-02
2.778659760951995850e-01 5.288030952215194702e-02
2.705738246440887451e-01 5.290613695979118347e-02
2.635641992092132568e-01 5.289745703339576721e-02
2.564079761505126953e-01 5.285380780696868896e-02
2.487706094980239868e-01 5.276843532919883728e-02
2.404671907424926758e-01 5.264291539788246155e-02
2.318297624588012695e-01 5.247719213366508484e-02
2.230398207902908325e-01 5.226580426096916199e-02
2.142969518899917603e-01 5.200300738215446472e-02
2.058117538690567017e-01 5.169708281755447388e-02
1.977210938930511475e-01 5.135490745306015015e-02
1.900520175695419312e-01 5.097966268658638000e-02
1.826802194118499756e-01 5.057124048471450806e-02
1.754479110240936279e-01 5.012430250644683838e-02
1.683989614248275757e-01 4.964208975434303284e-02
1.614670008420944214e-01 4.911125451326370239e-02
1.544297635555267334e-01 4.851703345775604248e-02
1.471435427665710449e-01 4.784064739942550659e-02
1.398066431283950806e-01 4.710264876484870911e-02
1.323946565389633179e-01 4.628672823309898376e-02
1.249526664614677429e-01 4.539468511939048767e-02
1.174876019358634949e-01 4.441554099321365356e-02
1.100689843297004700e-01 4.335755482316017151e-02
1.027793213725090027e-01 4.222485795617103577e-02
9.552300721406936646e-02 4.100649803876876831e-02
8.814001083374023438e-02 3.964263573288917542e-02
8.057825267314910889e-02 3.812136128544807434e-02
7.288289070129394531e-02 3.638532757759094238e-02
6.498596817255020142e-02 3.445746004581451416e-02
5.695767328143119812e-02 3.232471644878387451e-02
4.878014326095581055e-02 2.991861663758754730e-02
4.064287245273590088e-02 2.720213122665882111e-02
3.272810950875282288e-02 2.414680644869804382e-02
2.523954212665557861e-02 2.076919004321098328e-02
1.829527132213115692e-02 1.707701571285724640e-02
1.225561462342739105e-02 1.326230820268392563e-02
7.288854569196701050e-03 9.466639719903469086e-03
3.719265107065439224e-03 6.081147119402885437e-03
1.496755750849843025e-03 3.275087801739573479e-03
3.723504778463393450e-04 1.123681431636214256e-03
9.059629519470036030e-05 -3.937445289921015501e-04
3.173542500007897615e-04 -1.376489410176873207e-03
7.478563929907977581e-04 -1.972956815734505653e-03
1.163344131782650948e-03 -2.393746282905340195e-03
1.524254097603261471e-03 -2.742999466136097908e-03
1.817709999158978462e-03 -3.140062792226672173e-03
2.170107094570994377e-03 -3.533942857757210732e-03
2.504376228898763657e-03 -3.960391040891408920e-03
2.846215153113007545e-03 -4.429840482771396637e-03
3.368869656696915627e-03 -4.980376455932855606e-03
4.342465195804834366e-03 -5.639541428536176682e-03
5.958980415016412735e-03 -6.426943931728601456e-03
8.463641628623008728e-03 -7.372252643108367920e-03
1.184895914047956467e-02 -8.430804125964641571e-03
1.623613759875297546e-02 -9.563275612890720367e-03
2.154769748449325562e-02 -1.066686678677797318e-02
2.774506062269210815e-02 -1.164879277348518372e-02
3.481125831604003906e-02 -1.246372982859611511e-02
4.302981868386268616e-02 -1.310639455914497375e-02
5.253616347908973694e-02 -1.358701288700103760e-02
6.307233870029449463e-02 -1.392041984945535660e-02
7.430259883403778076e-02 -1.413643546402454376e-02
8.557655662298202515e-02 -1.424338016659021378e-02
9.650967270135879517e-02 -1.426667813211679459e-02
1.067619919776916504e-01 -1.420349068939685822e-02
1.161736100912094116e-01 -1.407092437148094177e-02
1.248425915837287903e-01 -1.388933975249528885e-02
1.333103924989700317e-01 -1.367331203073263168e-02
1.419270783662796021e-01 -1.342653855681419373e-02
1.507240235805511475e-01 -1.315049920231103897e-02
1.597252935171127319e-01 -1.284721121191978455e-02
1.686865538358688354e-01 -1.252313144505023956e-02
1.774564236402511597e-01 -1.218793448060750961e-02
1.858683675527572632e-01 -1.184945739805698395e-02
1.937841773033142090e-01 -1.151469629257917404e-02
2.012397050857543945e-01 -1.118467655032873154e-02
2.085148990154266357e-01 -1.085112616419792175e-02
2.158689647912979126e-01 -1.050259266048669815e-02
2.233375757932662964e-01 -1.013849023729562759e-02
2.311195284128189087e-01 -9.749645367264747620e-03
2.391024231910705566e-01 -9.342124685645103455e-03
2.471982091665267944e-01 -8.920638822019100189e-03
2.552032768726348877e-01 -8.496524766087532043e-03
2.630084455013275146e-01 -8.075509220361709595e-03
2.704792916774749756e-01 -7.666116114705801010e-03
2.778550386428833008e-01 -7.255341857671737671e-03
2.853359580039978027e-01 -6.832760293036699295e-03
2.930156588554382324e-01 -6.393080111593008041e-03
3.010952472686767578e-01 -5.925644189119338989e-03
3.094026446342468262e-01 -5.440663546323776245e-03
3.177194297313690186e-01 -4.951833281666040421e-03
3.257703483104705811e-01 -4.475617781281471252e-03
3.333943784236907959e-01 -4.022176843136548996e-03
3.405603170394897461e-01 -3.593196626752614975e-03
3.475366532802581787e-01 -3.173548961058259010e-03
3.544280529022216797e-01 -2.757387701421976089e-03
3.614327013492584229e-01 -2.333369338884949684e-03
3.686182498931884766e-01 -1.898089190945029259e-03
3.758895099163055420e-01 -1.457441947422921658e-03
3.831438124179840088e-01 -1.017829868942499161e-03
3.903576433658599854e-01 -5.809849826619029045e-04
3.975664377212524414e-01 -1.451955904485657811e-04
4.048115909099578857e-01 2.917274250648915768e-04
4.121186435222625732e-01 7.311268709599971771e-04
4.194481074810028076e-01 1.170161529444158077e-03
4.268581271171569824e-01 1.612020190805196762e-03
4.342795908451080322e-01 2.052049152553081512e-03
4.416687786579132080e-01 2.487300196662545204e-03
4.490441679954528809e-01 2.918523969128727913e-03
4.565207064151763916e-01 3.352087922394275665e-03
4.642527997493743896e-01 3.796018194407224655e-03
4.722203910350799561e-01 4.248295910656452179e-03
4.804356098175048828e-01 4.708709195256233215e-03
4.889812171459197998e-01 5.180381238460540771e-03
4.978023171424865723e-01 5.659746471792459488e-03
5.068253278732299805e-01 6.141576450318098068e-03
5.158948898315429688e-01 6.616646889597177505e-03
5.248810648918151855e-01 7.077660411596298218e-03
5.337404608726501465e-01 7.521925494074821472e-03
5.425382256507873535e-01 7.951798848807811737e-03
5.512551665306091309e-01 8.365108631551265717e-03
5.599364042282104492e-01 8.763944730162620544e-03
5.687167048454284668e-01 9.154317900538444519e-03
5.775252580642700195e-01 9.532370604574680328e-03
5.863354206085205078e-01 9.897548705339431763e-03
5.950781106948852539e-01 1.024577021598815918e-02
6.036835908889770508e-01 1.057354826480150223e-02
6.121948361396789551e-01 1.088143605738878250e-02
6.206684708595275879e-01 1.117181964218616486e-02
6.290953159332275391e-01 1.144460495561361313e-02
6.375000476837158203e-01 1.170031260699033737e-02
6.460179686546325684e-01 1.194148696959018707e-02
6.545100212097167969e-01 1.216524094343185425e-02
6.629097461700439453e-01 1.236994005739688873e-02
6.713385581970214844e-01 1.255611144006252289e-02
6.798576116561889648e-01 1.272330526262521744e-02
6.886066794395446777e-01 1.287242397665977478e-02
6.975519061088562012e-01 1.300210040062665939e-02
7.066679000854492188e-01 1.311055105179548264e-02
7.159887552261352539e-01 1.319663319736719131e-02
7.254770398139953613e-01 1.326011493802070618e-02
7.347744703292846680e-01 1.329770125448703766e-02
7.438006997108459473e-01 1.330859772861003876e-02
7.526599168777465820e-01 1.329335756599903107e-02
7.612050175666809082e-01 1.325687021017074585e-02
7.695028185844421387e-01 1.320114452391862869e-02
7.776744365692138672e-01 1.312296837568283081e-02
7.860534787178039551e-01 1.301516965031623840e-02
7.948201894760131836e-01 1.287657581269741058e-02
8.040505051612854004e-01 1.270343828946352005e-02
8.137263059616088867e-01 1.249080989509820938e-02
8.239338994026184082e-01 1.223369035869836807e-02
8.345638513565063477e-01 1.193168293684720993e-02
8.450920581817626953e-01 1.159745641052722931e-02
8.554136157035827637e-01 1.123080775141716003e-02
8.654941320419311523e-01 1.083292160183191299e-02
8.754176497459411621e-01 1.039920561015605927e-02
8.850284218788146973e-01 9.933721274137496948e-03
8.943802118301391602e-01 9.431841783225536346e-03
9.034911990165710449e-01 8.896232582628726959e-03
9.123383760452270508e-01 8.336180821061134338e-03
9.209182858467102051e-01 7.745239883661270142e-03
9.294965267181396484e-01 7.085299585014581680e-03
9.373658895492553711e-01 6.440830882638692856e-03
9.447976946830749512e-01 5.791096482425928116e-03
9.520953297615051270e-01 5.104667507112026215e-03
9.594544768333435059e-01 4.349764902144670486e-03
9.631224274635314941e-01 3.947973251342773438e-03
9.707896113395690918e-01 3.046797821298241615e-03
9.791339039802551270e-01 1.980609726160764694e-03
9.884379506111145020e-01 7.075397297739982605e-04
9.989845156669616699e-01 -8.142805309034883976e-04
