9.998238682746887207e-01 -4.709751374321058393e-05
9.908215999603271484e-01 1.629754551686346531e-03
9.812571406364440918e-01 3.264697035774588585e-03
9.713847041130065918e-01 4.833943210542201996e-03
9.614585041999816895e-01 6.313707679510116577e-03
9.473860263824462891e-01 8.265803568065166473e-03
9.386618733406066895e-01 9.389570914208889008e-03
9.304526448249816895e-01 1.038557477295398712e-02
9.226837754249572754e-01 1.126891002058982849e-02
9.153199791908264160e-01 1.205067522823810577e-02
9.072201848030090332e-01 1.288852002471685410e-02
8.988568782806396484e-01 1.372304838150739670e-02
8.901671171188354492e-01 1.456538494676351547e-02
8.814352750778198242e-01 1.538768690079450607e-02
8.727149367332458496e-01 1.618834771215915680e-02
8.640762567520141602e-01 1.696560159325599670e-02
8.555876016616821289e-01 1.771394908428192139e-02
8.470710515975952148e-01 1.845091395080089569e-02
8.384051918983459473e-01 1.918831840157508850e-02
8.294141888618469238e-01 1.994306221604347229e-02
8.201044201850891113e-01 2.071452699601650238e-02
8.104310035705566406e-01 2.150776050984859467e-02
8.007400631904602051e-01 2.229489944875240326e-02
7.911906242370605469e-01 2.306396514177322388e-02
7.821027636528015137e-01 2.379000931978225708e-02
7.735483050346374512e-01 2.446796745061874390e-02
7.655401825904846191e-01 2.509837038815021515e-02
7.578923106193542480e-01 2.569625899195671082e-02
7.503437399864196777e-01 2.628267183899879456e-02
7.426527738571166992e-01 2.687671966850757599e-02
7.347201704978942871e-01 2.748667262494564056e-02
7.266227006912231445e-01 2.810633741319179535e-02
7.183935046195983887e-01 2.873337268829345703e-02
7.101241350173950195e-01 2.936023846268653870e-02
7.018325924873352051e-01 2.998545579612255096e-02
6.936899423599243164e-01 3.059604018926620483e-02
6.856008172035217285e-01 3.119925409555435181e-02
6.775501966476440430e-01 3.179636597633361816e-02
6.695138216018676758e-01 3.238922357559204102e-02
6.616371870040893555e-01 3.296714276075363159e-02
6.538951396942138672e-01 3.353175520896911621e-02
6.462884545326232910e-01 3.408299386501312256e-02
6.387208104133605957e-01 3.462784737348556519e-02
6.311625242233276367e-01 3.516837581992149353e-02
6.236056685447692871e-01 3.570472821593284607e-02
6.159185767173767090e-01 3.624605014920234680e-02
6.081228852272033691e-01 3.679071366786956787e-02
6.001577973365783691e-01 3.734223544597625732e-02
5.920749902725219727e-01 3.789627552032470703e-02
5.838171243667602539e-01 3.845642507076263428e-02
5.754177570343017578e-01 3.901958465576171875e-02
5.669137835502624512e-01 3.958308324217796326e-02
5.583171248435974121e-01 4.014509543776512146e-02
5.496243834495544434e-01 4.070527479052543640e-02
5.408484935760498047e-01 4.126253724098205566e-02
5.319809317588806152e-01 4.181583970785140991e-02
5.228273868560791016e-01 4.237539693713188171e-02
5.133490562438964844e-01 4.294192790985107422e-02
5.035292506217956543e-01 4.351505264639854431e-02
4.934799075126647949e-01 4.408774524927139282e-02
4.833543896675109863e-01 4.465018212795257568e-02
4.732327759265899658e-01 4.519695043563842773e-02
4.632636904716491699e-01 4.571875557303428650e-02
4.536116719245910645e-01 4.620679095387458801e-02
4.442316293716430664e-01 4.666330665349960327e-02
4.349699914455413818e-01 4.709616675972938538e-02
4.258869588375091553e-01 4.750405624508857727e-02
4.169715344905853271e-01 4.788806289434432983e-02
4.083890616893768311e-01 4.824327304959297180e-02
4.001013636589050293e-01 4.857128486037254333e-02
3.920445144176483154e-01 4.887535050511360168e-02
3.840717077255249023e-01 4.915872216224670410e-02
3.760728836059570312e-01 4.942361637949943542e-02
3.679234981536865234e-01 4.967598244547843933e-02
3.595111370086669922e-01 4.991925135254859924e-02
3.509481251239776611e-01 5.014887452125549316e-02
3.422322273254394531e-01 5.036269128322601318e-02
3.335407376289367676e-01 5.055250972509384155e-02
3.248347640037536621e-01 5.071780085563659668e-02
3.161229491233825684e-01 5.085620284080505371e-02
3.073042035102844238e-01 5.096914991736412048e-02
2.984426915645599365e-01 5.105555802583694458e-02
2.897414565086364746e-01 5.111474916338920593e-02
2.812705934047698975e-01 5.114700272679328918e-02
2.731494307518005371e-01 5.115154758095741272e-02
2.653561234474182129e-01 5.113025754690170288e-02
2.578764557838439941e-01 5.108378082513809204e-02
2.505081295967102051e-01 5.100987851619720459e-02
2.430112659931182861e-01 5.090361833572387695e-02
2.351723164319992065e-01 5.075937509536743164e-02
2.269276231527328491e-01 5.057070031762123108e-02
2.183171510696411133e-01 5.033037438988685608e-02
2.094169855117797852e-01 5.003733560442924500e-02
2.004760354757308960e-01 4.969826340675354004e-02
1.917767077684402466e-01 4.932460188865661621e-02
1.834772229194641113e-01 4.891912266612052917e-02
1.755874305963516235e-01 4.848403111100196838e-02
1.679969877004623413e-01 4.801135882735252380e-02
1.605904251337051392e-01 4.749757796525955200e-02
1.531148403882980347e-01 4.691865667700767517e-02
1.453210264444351196e-01 4.624836519360542297e-02
1.371166855096817017e-01 4.546707123517990112e-02
1.285977065563201904e-01 4.457204788923263550e-02
1.199103668332099915e-01 4.356548562645912170e-02
1.111579537391662598e-01 4.245288297533988953e-02
1.025067195296287537e-01 4.124238714575767517e-02
9.404168277978897095e-02 3.993286564946174622e-02
8.589489758014678955e-02 3.853610903024673462e-02
7.795830816030502319e-02 3.702982887625694275e-02
7.012440264225006104e-02 3.537596017122268677e-02
6.234452128410339355e-02 3.354634717106819153e-02
5.467912554740905762e-02 3.153657168149948120e-02
4.727645963430404663e-02 2.941733971238136292e-02
4.027183353900909424e-02 2.724248729646205902e-02
3.373403847217559814e-02 2.500727958977222443e-02
2.770084142684936523e-02 2.269389107823371887e-02
2.222591266036033630e-02 2.027975767850875854e-02
1.725035160779953003e-02 1.771680079400539398e-02
1.271637715399265289e-02 1.493570581078529358e-02
8.662213571369647980e-03 1.194828934967517853e-02
5.237411707639694214e-03 8.857451379299163818e-03
2.690747845917940140e-03 5.916474852710962296e-03
1.069950871169567108e-03 3.302671248093247414e-03
2.594433608464896679e-04 1.127708237618207932e-03
1.038100454024970531e-04 -5.421808455139398575e-04
3.862864105030894279e-04 -1.715659862384200096e-03
8.889943710528314114e-04 -2.493284177035093307e-03
1.439583254978060722e-03 -3.046791069209575653e-03
1.942651695571839809e-03 -3.500232240185141563e-03
2.443884499371051788e-03 -3.955565392971038818e-03
3.064036602154374123e-03 -4.442649893462657928e-03
3.786080749705433846e-03 -4.991637077182531357e-03
4.661349579691886902e-03 -5.611705128103494644e-03
5.764210131019353867e-03 -6.297236774116754532e-03
7.281452417373657227e-03 -7.049990352243185043e-03
9.410796687006950378e-03 -7.877104915678501129e-03
1.232024561613798141e-02 -8.782166987657546997e-03
1.611411944031715393e-02 -9.730605408549308777e-03
2.088969014585018158e-02 -1.070877443999052048e-02
2.664648927748203278e-02 -1.167319342494010925e-02
3.310921043157577515e-02 -1.255708932876586914e-02
4.007630050182342529e-02 -1.332741882652044296e-02
4.744192957878112793e-02 -1.396800484508275986e-02
5.527187511324882507e-02 -1.449055317789316177e-02
6.355930864810943604e-02 -1.490919943898916245e-02
7.227002084255218506e-02 -1.524149999022483826e-02
8.140715956687927246e-02 -1.550043560564517975e-02
9.092607349157333374e-02 -1.570561155676841736e-02
1.007421314716339111e-01 -1.585878804326057434e-02
1.104936450719833374e-01 -1.595470495522022247e-02
1.200376451015472412e-01 -1.600001938641071320e-02
1.293781548738479614e-01 -1.600112766027450562e-02
1.385727971792221069e-01 -1.596701703965663910e-02
1.474773138761520386e-01 -1.590484939515590668e-02
1.561008691787719727e-01 -1.581906899809837341e-02
1.644484698772430420e-01 -1.571622677147388458e-02
1.726028025150299072e-01 -1.559767127037048340e-02
1.806485950946807861e-01 -1.546457502990961075e-02
1.885850876569747925e-01 -1.531565655022859573e-02
1.965540200471878052e-01 -1.515025645494461060e-02
2.046566456556320190e-01 -1.496857497841119766e-02
2.129065394401550293e-01 -1.477105449885129929e-02
2.210542559623718262e-01 -1.456429902464151382e-02
2.291551828384399414e-01 -1.434695720672607422e-02
2.371105104684829712e-01 -1.412179227918386459e-02
2.449035644531250000e-01 -1.389064732939004898e-02
2.525303661823272705e-01 -1.365440711379051208e-02
2.599759101867675781e-01 -1.341500505805015564e-02
2.672659158706665039e-01 -1.317311357706785202e-02
2.745042741298675537e-01 -1.292549166828393936e-02
2.818090617656707764e-01 -1.266785804182291031e-02
2.892539799213409424e-01 -1.239638030529022217e-02
2.970955371856689453e-01 -1.210214849561452866e-02
3.053117990493774414e-01 -1.178561709821224213e-02
3.137341439723968506e-01 -1.145396009087562561e-02
3.221921920776367188e-01 -1.111425179988145828e-02
3.305060565471649170e-01 -1.077339705079793930e-02
3.386091291904449463e-01 -1.043369900435209274e-02
3.464750051498413086e-01 -1.009695418179035187e-02
3.541394472122192383e-01 -9.762373752892017365e-03
3.617610335350036621e-01 -9.423743002116680145e-03
3.694616556167602539e-01 -9.076715447008609772e-03
3.772197961807250977e-01 -8.722537197172641754e-03
3.848946392536163330e-01 -8.367738686501979828e-03
3.924996852874755859e-01 -8.011805824935436249e-03
4.001305401325225830e-01 -7.650211453437805176e-03
4.078092277050018311e-01 -7.282381411641836166e-03
4.154558479785919189e-01 -6.912439130246639252e-03
4.231661260128021240e-01 -6.535863038152456284e-03
4.310986101627349854e-01 -6.145061459392309189e-03
4.392743110656738281e-01 -5.739051382988691330e-03
4.476541578769683838e-01 -5.319871008396148682e-03
4.560979604721069336e-01 -4.894743673503398895e-03
4.646223485469818115e-01 -4.463204182684421539e-03
4.732103645801544189e-01 -4.026573617011308670e-03
4.817044734954833984e-01 -3.593121655285358429e-03
4.900005161762237549e-01 -3.168453928083181381e-03
4.982312023639678955e-01 -2.746304497122764587e-03
5.064962506294250488e-01 -2.322125481441617012e-03
5.148240923881530762e-01 -1.894889282993972301e-03
5.231896638870239258e-01 -1.466268324293196201e-03
5.314711928367614746e-01 -1.042840071022510529e-03
5.396614670753479004e-01 -6.253732717595994473e-04
5.477610826492309570e-01 -2.142830053344368935e-04
5.557636022567749023e-01 1.895085733849555254e-04
5.637366175651550293e-01 5.887110019102692604e-04
5.718364119529724121e-01 9.905901970341801643e-04
5.801395773887634277e-01 1.398386899381875992e-03
5.886169075965881348e-01 1.810524147003889084e-03
5.972478389739990234e-01 2.224875846877694130e-03
6.059322953224182129e-01 2.635665703564882278e-03
6.146959066390991211e-01 3.042532596737146378e-03
6.235860586166381836e-01 3.446364076808094978e-03
6.326434016227722168e-01 3.847764804959297180e-03
6.419326663017272949e-01 4.248010460287332535e-03
6.514430642127990723e-01 4.645527806133031845e-03
6.610296368598937988e-01 5.033948924392461777e-03
6.705088615417480469e-01 5.404831375926733017e-03
6.799296140670776367e-01 5.757638253271579742e-03
6.892012953758239746e-01 6.088116671890020370e-03
6.984155178070068359e-01 6.398310419172048569e-03
7.075826525688171387e-01 6.688561756163835526e-03
7.167772054672241211e-01 6.960526108741760254e-03
7.260677814483642578e-01 7.215921301394701004e-03
7.354072928428649902e-01 7.452141493558883667e-03
7.446047663688659668e-01 7.664384786039590836e-03
7.536544203758239746e-01 7.851185277104377747e-03
7.627283334732055664e-01 8.014927618205547333e-03
7.717300653457641602e-01 8.153469301760196686e-03
7.807248234748840332e-01 8.268549107015132904e-03
7.897325754165649414e-01 8.358324877917766571e-03
7.988656759262084961e-01 8.422620594501495361e-03
8.081278800964355469e-01 8.460887707769870758e-03
8.174607753753662109e-01 8.471174165606498718e-03
8.266404271125793457e-01 8.453614078462123871e-03
8.356841802597045898e-01 8.409316651523113251e-03
8.446286320686340332e-01 8.337887004017829895e-03
8.532928824424743652e-01 8.240394294261932373e-03
8.617373108863830566e-01 8.114933036267757416e-03
8.700581789016723633e-01 7.960435003042221069e-03
8.783456683158874512e-01 7.776587270200252533e-03
8.866469860076904297e-01 7.560132071375846863e-03
8.949949145317077637e-01 7.307246793061494827e-03
9.032600522041320801e-01 7.019083015620708466e-03
9.114711284637451172e-01 6.694275885820388794e-03
9.197409152984619141e-01 6.317700725048780441e-03
9.281841516494750977e-01 5.879631265997886658e-03
9.359825253486633301e-01 5.445215385407209396e-03
9.432217478752136230e-01 5.014505237340927124e-03
9.500623941421508789e-01 4.575205966830253601e-03
9.567973017692565918e-01 4.099060315638780594e-03
9.601022601127624512e-01 3.845499129965901375e-03
9.672781825065612793e-01 3.237061668187379837e-03
9.756631851196289062e-01 2.444760175421833992e-03
9.858028888702392578e-01 1.410062308423221111e-03
9.982426166534423828e-01 7.443573849741369486e-05
