9.995228052139282227e-01 3.420462890062481165e-04
9.916876554489135742e-01 2.352599287405610085e-03
9.831992387771606445e-01 4.225044511258602142e-03
9.742287993431091309e-01 5.956286098808050156e-03
9.649475216865539551e-01 7.543228566646575928e-03
9.510838389396667480e-01 9.609190747141838074e-03
9.418037533760070801e-01 1.081628724932670593e-02
9.326096177101135254e-01 1.190088130533695221e-02
9.236713647842407227e-01 1.286021340638399124e-02
9.152821302413940430e-01 1.367925573140382767e-02
9.063732624053955078e-01 1.452431734651327133e-02
8.973828554153442383e-01 1.533479336649179459e-02
8.881247043609619141e-01 1.614190079271793365e-02
8.788195848464965820e-01 1.693086884915828705e-02
8.694648742675781250e-01 1.770709268748760223e-02
8.600949048995971680e-01 1.847516559064388275e-02
8.509006500244140625e-01 1.921952888369560242e-02
8.418762683868408203e-01 1.994096115231513977e-02
8.330595493316650391e-01 2.063693851232528687e-02
8.242628574371337891e-01 2.132548205554485321e-02
8.154188990592956543e-01 2.201191335916519165e-02
8.063656091690063477e-01 2.270990610122680664e-02
7.972803711891174316e-01 2.340557612478733063e-02
7.881518006324768066e-01 2.410048805177211761e-02
7.792489528656005859e-01 2.477457188069820404e-02
7.707288861274719238e-01 2.541610784828662872e-02
7.626928091049194336e-01 2.601823210716247559e-02
7.550591826438903809e-01 2.658697776496410370e-02
7.476553320884704590e-01 2.713534608483314514e-02
7.402300834655761719e-01 2.768189646303653717e-02
7.325755357742309570e-01 2.824203670024871826e-02
7.246029973030090332e-01 2.882190421223640442e-02
7.162936925888061523e-01 2.942286059260368347e-02
7.077742815017700195e-01 3.003488294780254364e-02
6.991757750511169434e-01 3.064823336899280548e-02
6.906946897506713867e-01 3.124843351542949677e-02
6.823517084121704102e-01 3.183397278189659119e-02
6.741282939910888672e-01 3.240573778748512268e-02
6.659775376319885254e-01 3.296702727675437927e-02
6.578906774520874023e-01 3.351840749382972717e-02
6.497952938079833984e-01 3.406457230448722839e-02
6.416448354721069336e-01 3.460806608200073242e-02
6.333824396133422852e-01 3.515251725912094116e-02
6.250280141830444336e-01 3.569588065147399902e-02
6.166559457778930664e-01 3.623313829302787781e-02
6.082497239112854004e-01 3.676472604274749756e-02
5.998323559761047363e-01 3.728934749960899353e-02
5.914058089256286621e-01 3.780573606491088867e-02
5.830285549163818359e-01 3.831022605299949646e-02
5.746375322341918945e-01 3.880618140101432800e-02
5.661531686782836914e-01 3.929770737886428833e-02
5.575288534164428711e-01 3.978662937879562378e-02
5.487385392189025879e-01 4.027374833822250366e-02
5.398340225219726562e-01 4.075535014271736145e-02
5.308344364166259766e-01 4.123053327202796936e-02
5.218129754066467285e-01 4.169451817870140076e-02
5.126557946205139160e-01 4.215117171406745911e-02
5.034712553024291992e-01 4.259414598345756531e-02
4.942397773265838623e-01 4.302403703331947327e-02
4.850557148456573486e-01 4.343765228986740112e-02
4.759096205234527588e-01 4.383471980690956116e-02
4.669010341167449951e-01 4.421165212988853455e-02
4.580514132976531982e-01 4.456634819507598877e-02
4.495131075382232666e-01 4.489443078637123108e-02
4.411860704421997070e-01 4.519926756620407104e-02
4.328626990318298340e-01 4.548923298716545105e-02
4.245579838752746582e-01 4.576313495635986328e-02
4.162488579750061035e-01 4.602269083261489868e-02
4.080351591110229492e-01 4.626489430665969849e-02
3.998355865478515625e-01 4.649278894066810608e-02
3.916796743869781494e-01 4.670387506484985352e-02
3.835288882255554199e-01 4.689923673868179321e-02
3.754968047142028809e-01 4.707415401935577393e-02
3.674752712249755859e-01 4.723293706774711609e-02
3.593950271606445312e-01 4.737677797675132751e-02
3.513355851173400879e-01 4.750475659966468811e-02
3.432962596416473389e-01 4.761511832475662231e-02
3.352753818035125732e-01 4.770592972636222839e-02
3.272275924682617188e-01 4.777789115905761719e-02
3.190995156764984131e-01 4.783072322607040405e-02
3.108738958835601807e-01 4.786302521824836731e-02
3.026289641857147217e-01 4.787496849894523621e-02
2.944159805774688721e-01 4.786567017436027527e-02
2.862567603588104248e-01 4.783422127366065979e-02
2.783038616180419922e-01 4.778070002794265747e-02
2.706060409545898438e-01 4.770980402827262878e-02
2.630850076675415039e-01 4.761977866291999817e-02
2.556008994579315186e-01 4.750572517514228821e-02
2.478859573602676392e-01 4.735811427235603333e-02
2.397115528583526611e-01 4.716629534959793091e-02
2.311118841171264648e-01 4.692860320210456848e-02
2.220204174518585205e-01 4.663754254579544067e-02
2.126877158880233765e-01 4.630298912525177002e-02
2.035041898488998413e-01 4.593671113252639771e-02
1.949180662631988525e-01 4.555962607264518738e-02
1.868700385093688965e-01 4.516064003109931946e-02
1.793635636568069458e-01 4.474720358848571777e-02
1.720283031463623047e-01 4.429350793361663818e-02
1.645912677049636841e-01 4.378603398799896240e-02
1.567721515893936157e-01 4.319071397185325623e-02
1.483296900987625122e-01 4.248841106891632080e-02
1.393988281488418579e-01 4.167054966092109680e-02
1.302292495965957642e-01 4.075345024466514587e-02
1.211087778210639954e-01 3.974785283207893372e-02
1.120689064264297485e-01 3.865752369165420532e-02
1.034370064735412598e-01 3.750556334853172302e-02
9.516052156686782837e-02 3.629083931446075439e-02
8.732996881008148193e-02 3.502608090639114380e-02
7.968885451555252075e-02 3.366324305534362793e-02
7.218214869499206543e-02 3.218010067939758301e-02
6.481648236513137817e-02 3.058840334415435791e-02
5.771424993872642517e-02 2.891544252634048462e-02
5.085865408182144165e-02 2.715155854821205139e-02
4.435820877552032471e-02 2.533838897943496704e-02
3.830931335687637329e-02 2.349122613668441772e-02
3.275934979319572449e-02 2.163103222846984863e-02
2.770300768315792084e-02 1.975070312619209290e-02
2.293951995670795441e-02 1.778943836688995361e-02
1.843517459928989410e-02 1.570010744035243988e-02
1.429063174873590469e-02 1.352781709283590317e-02
1.056085806339979172e-02 1.127013284713029861e-02
7.276116870343685150e-03 8.964906446635723114e-03
4.600644111633300781e-03 6.746542174369096756e-03
2.554350998252630234e-03 4.727630876004695892e-03
1.172487391158938408e-03 2.990602282807230949e-03
3.627575060818344355e-04 1.574348076246678829e-03
-2.596649392216932029e-05 4.487270489335060120e-04
-9.622037032386288047e-05 -4.788101650774478912e-04
5.174140460439957678e-05 -1.245610415935516357e-03
3.816499083768576384e-04 -1.990315038710832596e-03
6.858772248961031437e-04 -2.731902990490198135e-03
1.013911678455770016e-03 -3.481301013380289078e-03
1.463620108552277088e-03 -4.253168590366840363e-03
2.286697505041956902e-03 -5.092015024274587631e-03
3.811876056715846062e-03 -6.022758316248655319e-03
6.370412185788154602e-03 -7.067551370710134506e-03
1.001417357474565506e-02 -8.231571875512599945e-03
1.474332343786954880e-02 -9.441792033612728119e-03
2.050008624792098999e-02 -1.066441182047128677e-02
2.666319906711578369e-02 -1.174202933907508850e-02
3.311868384480476379e-02 -1.263644639402627945e-02
3.959231451153755188e-02 -1.332771126180887222e-02
4.613760858774185181e-02 -1.385235413908958435e-02
5.291200056672096252e-02 -1.426187902688980103e-02
6.018845736980438232e-02 -1.460745092481374741e-02
6.782483309507369995e-02 -1.491715479642152786e-02
7.605580240488052368e-02 -1.520658750087022781e-02
8.486063778400421143e-02 -1.548572070896625519e-02
9.410168975591659546e-02 -1.571428775787353516e-02
1.036099791526794434e-01 -1.591022498905658722e-02
1.129471585154533386e-01 -1.606755703687667847e-02
1.220484972000122070e-01 -1.619406230747699738e-02
1.308567374944686890e-01 -1.629460416734218597e-02
1.392341852188110352e-01 -1.637358963489532471e-02
1.471410393714904785e-01 -1.642750762403011322e-02
1.547038108110427856e-01 -1.646729372441768646e-02
1.621796041727066040e-01 -1.649490743875503540e-02
1.699566543102264404e-01 -1.651345752179622650e-02
1.781171113252639771e-01 -1.652073115110397339e-02
1.867787688970565796e-01 -1.651483587920665741e-02
1.962301135063171387e-01 -1.649460196495056152e-02
2.064267992973327637e-01 -1.645904034376144409e-02
2.170031964778900146e-01 -1.640823297202587128e-02
2.279623746871948242e-01 -1.633973047137260437e-02
2.387298941612243652e-01 -1.625709608197212219e-02
2.491460442543029785e-01 -1.616332493722438812e-02
2.591716051101684570e-01 -1.605900004506111145e-02
2.686978280544281006e-01 -1.594624295830726624e-02
2.776572704315185547e-01 -1.582895219326019287e-02
2.862999737262725830e-01 -1.570582203567028046e-02
2.947529852390289307e-01 -1.557503268122673035e-02
3.032127022743225098e-01 -1.543260924518108368e-02
3.120231926441192627e-01 -1.527413353323936462e-02
3.209214806556701660e-01 -1.510280743241310120e-02
3.296658098697662354e-01 -1.492646802216768265e-02
3.382497131824493408e-01 -1.474580541253089905e-02
3.464636802673339844e-01 -1.456515025347471237e-02
3.543519973754882812e-01 -1.438105106353759766e-02
3.621195554733276367e-01 -1.418917439877986908e-02
3.700065016746520996e-01 -1.398359239101409912e-02
3.783163130283355713e-01 -1.375696435570716858e-02
3.872287571430206299e-01 -1.350412331521511078e-02
3.964990973472595215e-01 -1.323102973401546478e-02
4.056763648986816406e-01 -1.295032631605863571e-02
4.146390557289123535e-01 -1.266630738973617554e-02
4.232377409934997559e-01 -1.238244399428367615e-02
4.315500259399414062e-01 -1.209731120616197586e-02
4.395461678504943848e-01 -1.181256305426359177e-02
4.473629593849182129e-01 -1.152454409748315811e-02
4.552563428878784180e-01 -1.122429035604000092e-02
4.634506404399871826e-01 -1.090312749147415161e-02
4.718907773494720459e-01 -1.056224666535854340e-02
4.804305732250213623e-01 -1.020690612494945526e-02
4.890718162059783936e-01 -9.837158024311065674e-03
4.977774918079376221e-01 -9.454647079110145569e-03
5.063674449920654297e-01 -9.067715145647525787e-03
5.146666169166564941e-01 -8.684210479259490967e-03
5.226409435272216797e-01 -8.306381292641162872e-03
5.303593277931213379e-01 -7.932457141578197479e-03
5.379434823989868164e-01 -7.557282689958810806e-03
5.453954935073852539e-01 -7.181166205555200577e-03
5.527334809303283691e-01 -6.803860887885093689e-03
5.600525736808776855e-01 -6.421459373086690903e-03
5.674362182617187500e-01 -6.029837299138307571e-03
5.748642683029174805e-01 -5.629871040582656860e-03
5.824016928672790527e-01 -5.218101199716329575e-03
5.901012420654296875e-01 -4.791772458702325821e-03
5.979781746864318848e-01 -4.350294359028339386e-03
6.060690283775329590e-01 -3.892141394317150116e-03
6.143390536308288574e-01 -3.419657470658421516e-03
6.227059364318847656e-01 -2.938091056421399117e-03
6.311078071594238281e-01 -2.451888518407940865e-03
6.395611763000488281e-01 -1.961014000698924065e-03
6.480392813682556152e-01 -1.468073925934731960e-03
6.566008329391479492e-01 -9.711049497127532959e-04
6.651545763015747070e-01 -4.766099445987492800e-04
6.736261844635009766e-01 1.003573288471670821e-05
6.820598840713500977e-01 4.894747980870306492e-04
6.905573010444641113e-01 9.651191066950559616e-04
6.990596055984497070e-01 1.432198332622647285e-03
7.076044678688049316e-01 1.890670857392251492e-03
7.162771821022033691e-01 2.343046944588422775e-03
7.251493930816650391e-01 2.789824036881327629e-03
7.342147827148437500e-01 3.228797111660242081e-03
7.433162927627563477e-01 3.648906247690320015e-03
7.523227930068969727e-01 4.042885731905698776e-03
7.612154483795166016e-01 4.409854300320148468e-03
7.700226902961730957e-01 4.749293439090251923e-03
7.786152958869934082e-01 5.054937209933996201e-03
7.870558500289916992e-01 5.328621715307235718e-03
7.954725027084350586e-01 5.572904832661151886e-03
8.040401935577392578e-01 5.791294854134321213e-03
8.127969503402709961e-01 5.982836242765188217e-03
8.217354416847229004e-01 6.145820487290620804e-03
8.306686282157897949e-01 6.278438027948141098e-03
8.394601941108703613e-01 6.380648352205753326e-03
8.480846285820007324e-01 6.450729444622993469e-03
8.564295172691345215e-01 6.485572550445795059e-03
8.645414710044860840e-01 6.485326215624809265e-03
8.725209236145019531e-01 6.451983004808425903e-03
8.805170059204101562e-01 6.385620217770338058e-03
8.886075019836425781e-01 6.284554023295640945e-03
8.968334794044494629e-01 6.144104991108179092e-03
9.049333930015563965e-01 5.970092490315437317e-03
9.128326177597045898e-01 5.762605462223291397e-03
9.206503629684448242e-01 5.510600283741950989e-03
9.287331104278564453e-01 5.189558491110801697e-03
9.362584948539733887e-01 4.857097752392292023e-03
9.434205889701843262e-01 4.504649899899959564e-03
9.504791498184204102e-01 4.113301169127225876e-03
9.576995372772216797e-01 3.655916545540094376e-03
9.613246917724609375e-01 3.400433575734496117e-03
9.690506458282470703e-01 2.785782096907496452e-03
9.777019023895263672e-01 1.995958155021071434e-03
9.876278638839721680e-01 9.866514010354876518e-04
9.991779923439025879e-01 -2.864484558813273907e-04
