9.997831583023071289e-01 4.505724355112761259e-04
9.907901883125305176e-01 2.187477657571434975e-03
9.817798137664794922e-01 3.763643326237797737e-03
9.728511571884155273e-01 5.183432716876268387e-03
9.641033411026000977e-01 6.451208610087633133e-03
9.518202543258666992e-01 8.045524358749389648e-03
9.440833330154418945e-01 8.942089974880218506e-03
9.366147518157958984e-01 9.733861312270164490e-03
9.293261170387268066e-01 1.043840404599905014e-02
9.222015142440795898e-01 1.106323115527629852e-02
9.142467975616455078e-01 1.173515338450670242e-02
9.059431552886962891e-01 1.239839009940624237e-02
8.972033262252807617e-01 1.306800078600645065e-02
8.884215354919433594e-01 1.371533237397670746e-02
8.796974420547485352e-01 1.433774828910827637e-02
8.711859583854675293e-01 1.493231207132339478e-02
8.630067706108093262e-01 1.549261156469583511e-02
8.550673723220825195e-01 1.602823473513126373e-02
8.471987247467041016e-01 1.655209995806217194e-02
8.392091393470764160e-01 1.708024553954601288e-02
8.309631943702697754e-01 1.762154325842857361e-02
8.222914338111877441e-01 1.818865165114402771e-02
8.134627938270568848e-01 1.876389794051647186e-02
8.044966459274291992e-01 1.934670098125934601e-02
7.956560254096984863e-01 1.992007158696651459e-02
7.870167493820190430e-01 2.047937735915184021e-02
7.786351442337036133e-01 2.102144062519073486e-02
7.703365087509155273e-01 2.155775763094425201e-02
7.619668245315551758e-01 2.209842205047607422e-02
7.532711625099182129e-01 2.266006544232368469e-02
7.441270351409912109e-01 2.325063571333885193e-02
7.346441149711608887e-01 2.386296540498733521e-02
7.249143123626708984e-01 2.449112571775913239e-02
7.151195406913757324e-01 2.512319199740886688e-02
7.054315805435180664e-01 2.574791759252548218e-02
6.960405111312866211e-01 2.635284699499607086e-02
6.869227290153503418e-01 2.693924680352210999e-02
6.780031919479370117e-01 2.751161903142929077e-02
6.691910028457641602e-01 2.807564102113246918e-02
6.604409217834472656e-01 2.863396331667900085e-02
6.518025398254394531e-01 2.918316051363945007e-02
6.433296203613281250e-01 2.971960231661796570e-02
6.350286602973937988e-01 3.024280630052089691e-02
6.269364356994628906e-01 3.075015172362327576e-02
6.189994215965270996e-01 3.124448098242282867e-02
6.110818982124328613e-01 3.173381090164184570e-02
6.030662655830383301e-01 3.222518786787986755e-02
5.949285626411437988e-01 3.271970525383949280e-02
5.866214036941528320e-01 3.321973234415054321e-02
5.781631469726562500e-01 3.372336179018020630e-02
5.695875883102416992e-01 3.422760590910911560e-02
5.609955787658691406e-01 3.472600504755973816e-02
5.524141192436218262e-01 3.521625325083732605e-02
5.438549518585205078e-01 3.569762408733367920e-02
5.353332161903381348e-01 3.616914525628089905e-02
5.268486142158508301e-01 3.662999346852302551e-02
5.183006525039672852e-01 3.708373010158538818e-02
5.095801949501037598e-01 3.753500804305076599e-02
5.006367564201354980e-01 3.798565268516540527e-02
4.915365576744079590e-01 3.843257576227188110e-02
4.824028611183166504e-01 3.886906430125236511e-02
4.733107089996337891e-01 3.929127752780914307e-02
4.643933176994323730e-01 3.969218209385871887e-02
4.557111561298370361e-01 4.006821289658546448e-02
4.471462368965148926e-01 4.042319208383560181e-02
4.384518265724182129e-01 4.076628014445304871e-02
4.296211302280426025e-01 4.109883680939674377e-02
4.207026660442352295e-01 4.141964018344879150e-02
4.118483364582061768e-01 4.172326251864433289e-02
4.031043350696563721e-01 4.200709983706474304e-02
3.945606648921966553e-01 4.226795211434364319e-02
3.862141966819763184e-01 4.250407963991165161e-02
3.779932260513305664e-01 4.271707311272621155e-02
3.697361052036285400e-01 4.291239380836486816e-02
3.613193929195404053e-01 4.309399425983428955e-02
3.529133498668670654e-01 4.325822740793228149e-02
3.445696830749511719e-01 4.340321943163871765e-02
3.363428115844726562e-01 4.352668300271034241e-02
3.281982243061065674e-01 4.362879320979118347e-02
3.201383650302886963e-01 4.370798543095588684e-02
3.119995296001434326e-01 4.376418516039848328e-02
3.038015067577362061e-01 4.379860311746597290e-02
2.955830991268157959e-01 4.381242394447326660e-02
2.873840332031250000e-01 4.380495101213455200e-02
2.793206274509429932e-01 4.377345740795135498e-02
2.714433670043945312e-01 4.372005909681320190e-02
2.637448906898498535e-01 4.364438727498054504e-02
2.561202943325042725e-01 4.354383051395416260e-02
2.483605891466140747e-01 4.341189190745353699e-02
2.402524799108505249e-01 4.324286431074142456e-02
2.318809181451797485e-01 4.303549230098724365e-02
2.232456058263778687e-01 4.278521239757537842e-02
2.143821567296981812e-01 4.248983040452003479e-02
2.054599225521087646e-01 4.215312749147415161e-02
1.967743784189224243e-01 4.178568348288536072e-02
1.883958727121353149e-01 4.138683155179023743e-02
1.803318709135055542e-01 4.095786064863204956e-02
1.724339574575424194e-01 4.048980399966239929e-02
1.646733731031417847e-01 3.998483717441558838e-02
1.569873839616775513e-01 3.943370655179023743e-02
1.491608321666717529e-01 3.881687670946121216e-02
1.410921663045883179e-01 3.811807185411453247e-02
1.329299062490463257e-01 3.735060244798660278e-02
1.247944757342338562e-01 3.651641309261322021e-02
1.166997328400611877e-01 3.561667725443840027e-02
1.086996793746948242e-01 3.464478626847267151e-02
1.008575335144996643e-01 3.361221775412559509e-02
9.329157322645187378e-02 3.252732008695602417e-02
8.586970716714859009e-02 3.136587515473365784e-02
7.840823382139205933e-02 3.008963167667388916e-02
7.080159336328506470e-02 2.866194769740104675e-02
6.312725692987442017e-02 2.706236951053142548e-02
5.541498214006423950e-02 2.529794536530971527e-02
4.780302569270133972e-02 2.339913323521614075e-02
4.040360823273658752e-02 2.138111554086208344e-02
3.350254148244857788e-02 1.930283568799495697e-02
2.726092748343944550e-02 1.720606535673141479e-02
2.172235026955604553e-02 1.511778309941291809e-02
1.686903089284896851e-02 1.304181106388568878e-02
1.265384070575237274e-02 1.098043471574783325e-02
9.045918472111225128e-03 8.938401937484741211e-03
6.106211803853511810e-03 7.008722517639398575e-03
3.837649477645754814e-03 5.266666412353515625e-03
2.163995057344436646e-03 3.755197394639253616e-03
1.054530264809727669e-03 2.513374201953411102e-03
3.947800141759216785e-04 1.554018352180719376e-03
7.455106970155611634e-05 8.297124295495450497e-04
-1.066235927282832563e-05 2.394282200839370489e-04
-2.660220525285694748e-05 -2.904610300902277231e-04
3.000652213813737035e-05 -8.588241762481629848e-04
1.924371754284948111e-04 -1.489759306423366070e-03
4.135573399253189564e-04 -2.197253284975886345e-03
7.747597410343587399e-04 -2.998034935444593430e-03
1.517154742032289505e-03 -3.890002844855189323e-03
3.046940546482801437e-03 -4.868910647928714752e-03
5.808277986943721771e-03 -5.942659452557563782e-03
1.008597388863563538e-02 -7.098839152604341507e-03
1.591744460165500641e-02 -8.256636559963226318e-03
2.323437854647636414e-02 -9.386042132973670959e-03
3.150402382016181946e-02 -1.039979606866836548e-02
4.007139056921005249e-02 -1.122897863388061523e-02
4.840870946645736694e-02 -1.185847911983728409e-02
5.638376623392105103e-02 -1.230522058904170990e-02
6.416384130716323853e-02 -1.262053474783897400e-02
7.206005603075027466e-02 -1.285876426845788956e-02
8.022098988294601440e-02 -1.305918022990226746e-02
8.879283815622329712e-02 -1.323513593524694443e-02
9.772504866123199463e-02 -1.340726017951965332e-02
1.067936047911643982e-01 -1.355552114546298981e-02
1.156499534845352173e-01 -1.367287058383226395e-02
1.240876242518424988e-01 -1.375895831733942032e-02
1.322537064552307129e-01 -1.381887495517730713e-02
1.403539478778839111e-01 -1.385794486850500107e-02
1.484680026769638062e-01 -1.388091314584016800e-02
1.566133350133895874e-01 -1.388878095895051956e-02
1.647323668003082275e-01 -1.388522423803806305e-02
1.727922707796096802e-01 -1.386972796171903610e-02
1.807476580142974854e-01 -1.384338457137346268e-02
1.885085701942443848e-01 -1.380529254674911499e-02
1.960596591234207153e-01 -1.375689916312694550e-02
2.036373168230056763e-01 -1.369786076247692108e-02
2.114468663930892944e-01 -1.362629234790802002e-02
2.194474041461944580e-01 -1.354269776493310928e-02
2.278114855289459229e-01 -1.344356033951044083e-02
2.364231795072555542e-01 -1.332950964570045471e-02
2.452576309442520142e-01 -1.320130657404661179e-02
2.541586756706237793e-01 -1.306086964905261993e-02
2.629722952842712402e-01 -1.291083823889493942e-02
2.713726460933685303e-01 -1.275812182575464249e-02
2.794308960437774658e-01 -1.260215509682893753e-02
2.872448265552520752e-01 -1.244130823761224747e-02
2.948858737945556641e-01 -1.227364502847194672e-02
3.027102649211883545e-01 -1.209220383316278458e-02
3.107424676418304443e-01 -1.189620606601238251e-02
3.189238905906677246e-01 -1.168879866600036621e-02
3.272500932216644287e-01 -1.146982517093420029e-02
3.356105089187622070e-01 -1.124174892902374268e-02
3.439152538776397705e-01 -1.100459136068820953e-02
3.522174656391143799e-01 -1.075761206448078156e-02
3.605598211288452148e-01 -1.049948483705520630e-02
3.690175116062164307e-01 -1.022810582071542740e-02
3.776688575744628906e-01 -9.941969998180866241e-03
3.864144980907440186e-01 -9.643854573369026184e-03
3.950577676296234131e-01 -9.340237826108932495e-03
4.036616384983062744e-01 -9.028933010995388031e-03
4.122164547443389893e-01 -8.709990419447422028e-03
4.207683801651000977e-01 -8.382590487599372864e-03
4.292306005954742432e-01 -8.050546981394290924e-03
4.376938939094543457e-01 -7.710470352321863174e-03
4.461893141269683838e-01 -7.361582014709711075e-03
4.547555744647979736e-01 -7.002157624810934067e-03
4.633764326572418213e-01 -6.632998585700988770e-03
4.720437526702880859e-01 -6.254234351217746735e-03
4.808809161186218262e-01 -5.861039273440837860e-03
4.899262487888336182e-01 -5.451734643429517746e-03
4.991090595722198486e-01 -5.029710941016674042e-03
5.083203911781311035e-01 -4.600098822265863419e-03
5.176050066947937012e-01 -4.161388147622346878e-03
5.268093347549438477e-01 -3.721523098647594452e-03
5.358622670173645020e-01 -3.284678095951676369e-03
5.446340441703796387e-01 -2.857936313375830650e-03
5.531134009361267090e-01 -2.442714059725403786e-03
5.613405108451843262e-01 -2.037845784798264503e-03
5.694724917411804199e-01 -1.636342261917889118e-03
5.775868296623229980e-01 -1.235077041201293468e-03
5.858095884323120117e-01 -8.288690587505698204e-04
5.942819714546203613e-01 -4.116452473681420088e-04
6.029271483421325684e-01 1.211543531098868698e-05
6.116712093353271484e-01 4.381159669719636440e-04
6.204219460487365723e-01 8.607748895883560181e-04
6.290647387504577637e-01 1.273725647479295731e-03
6.375381946563720703e-01 1.672779559157788754e-03
6.459145545959472656e-01 2.060578204691410065e-03
6.542161107063293457e-01 2.437120303511619568e-03
6.625838875770568848e-01 2.807370619848370552e-03
6.710509657859802246e-01 3.171923337504267693e-03
6.795290112495422363e-01 3.526590764522552490e-03
6.879639029502868652e-01 3.868217347189784050e-03
6.963870525360107422e-01 4.196594934910535812e-03
7.046949863433837891e-01 4.506648518145084381e-03
7.128669023513793945e-01 4.797144792973995209e-03
7.208630442619323730e-01 5.067348014563322067e-03
7.287662029266357422e-01 5.319060757756233215e-03
7.367114424705505371e-01 5.556328687816858292e-03
7.446961998939514160e-01 5.777894519269466400e-03
7.526850700378417969e-01 5.981990601867437363e-03
7.607703804969787598e-01 6.169684696942567825e-03
7.690758109092712402e-01 6.342363543808460236e-03
7.774997949600219727e-01 6.497333291918039322e-03
7.859575748443603516e-01 6.632875185459852219e-03
7.943764925003051758e-01 6.745850667357444763e-03
8.028308153152465820e-01 6.836708169430494308e-03
8.113445043563842773e-01 6.904251407831907272e-03
8.198732733726501465e-01 6.946965120732784271e-03
8.283284306526184082e-01 6.965409498661756516e-03
8.367184400558471680e-01 6.962358485907316208e-03
8.450813293457031250e-01 6.937817670404911041e-03
8.533056378364562988e-01 6.890857592225074768e-03
8.614507913589477539e-01 6.817810237407684326e-03
8.695923089981079102e-01 6.718357093632221222e-03
8.778556585311889648e-01 6.590166594833135605e-03
8.863957524299621582e-01 6.425570696592330933e-03
8.952203392982482910e-01 6.218915805220603943e-03
9.041497707366943359e-01 5.971327889710664749e-03
9.129968881607055664e-01 5.687239579856395721e-03
9.217224717140197754e-01 5.360275506973266602e-03
9.304875135421752930e-01 4.975160583853721619e-03
9.384520053863525391e-01 4.592652898281812668e-03
9.456871747970581055e-01 4.212671425193548203e-03
9.524324536323547363e-01 3.820023266598582268e-03
9.590758681297302246e-01 3.383989445865154266e-03
9.623607993125915527e-01 3.146047005429863930e-03
9.694384336471557617e-01 2.571045188233256340e-03
9.776105880737304688e-01 1.820180215872824192e-03
9.873782992362976074e-01 8.410025620833039284e-04
9.992426633834838867e-01 -4.189368337392807007e-04
