9.993802309036254883e-01 8.051115437410771847e-04
9.891829490661621094e-01 3.120579523965716362e-03
9.804291129112243652e-01 4.918903112411499023e-03
9.728155136108398438e-01 6.293640937656164169e-03
9.660389423370361328e-01 7.338349707424640656e-03
9.568341970443725586e-01 8.508657105267047882e-03
9.507176280021667480e-01 9.185378439724445343e-03
9.442652463912963867e-01 9.849747642874717712e-03
9.372873902320861816e-01 1.052794326096773148e-02
9.297461509704589844e-01 1.121572684496641159e-02
9.213592410087585449e-01 1.193294115364551544e-02
9.125830531120300293e-01 1.264482550323009491e-02
9.038061499595642090e-01 1.332236081361770630e-02
8.952664136886596680e-01 1.395456492900848389e-02
8.871303200721740723e-01 1.453729253262281418e-02
8.794161081314086914e-01 1.507438067346811295e-02
8.721410632133483887e-01 1.556943822652101517e-02
8.649265170097351074e-01 1.605330593883991241e-02
8.574873805046081543e-01 1.654860191047191620e-02
8.496726751327514648e-01 1.706535182893276215e-02
8.413147926330566406e-01 1.761490479111671448e-02
8.322479128837585449e-01 1.820778474211692810e-02
8.225259780883789062e-01 1.884088106453418732e-02
8.123486638069152832e-01 1.950149238109588623e-02
8.020363450050354004e-01 2.016934752464294434e-02
7.920009493827819824e-01 2.081817016005516052e-02
7.823245525360107422e-01 2.144312299787998199e-02
7.731831073760986328e-01 2.203306742012500763e-02
7.645918726921081543e-01 2.258714661002159119e-02
7.564373016357421875e-01 2.311287447810173035e-02
7.485234141349792480e-01 2.362304367125034332e-02
7.407329678535461426e-01 2.412516623735427856e-02
7.328828573226928711e-01 2.463095076382160187e-02
7.248693108558654785e-01 2.514687739312648773e-02
7.166420221328735352e-01 2.567605301737785339e-02
7.081509232521057129e-01 2.622146531939506531e-02
6.994071602821350098e-01 2.678217180073261261e-02
6.906073093414306641e-01 2.734544314444065094e-02
6.819090247154235840e-01 2.790099568665027618e-02
6.736513376235961914e-01 2.842723391950130463e-02
6.657833456993103027e-01 2.892700955271720886e-02
6.582490205764770508e-01 2.940373495221138000e-02
6.508880257606506348e-01 2.986737899482250214e-02
6.435754895210266113e-01 3.032567724585533142e-02
6.360809803009033203e-01 3.079267032444477081e-02
6.283050179481506348e-01 3.127445280551910400e-02
6.204129457473754883e-01 3.176059946417808533e-02
6.124890446662902832e-01 3.224562481045722961e-02
6.047292947769165039e-01 3.271667659282684326e-02
5.969925522804260254e-01 3.318227082490921021e-02
5.893030166625976562e-01 3.364011272788047791e-02
5.817167758941650391e-01 3.408754616975784302e-02
5.741527676582336426e-01 3.452885150909423828e-02
5.663972496986389160e-01 3.497606515884399414e-02
5.583845376968383789e-01 3.543143719434738159e-02
5.501735210418701172e-01 3.589084371924400330e-02
5.417037010192871094e-01 3.635663166642189026e-02
5.329246520996093750e-01 3.683042153716087341e-02
5.238519906997680664e-01 3.731069713830947876e-02
5.145769715309143066e-01 3.779135644435882568e-02
5.054078698158264160e-01 3.825556486845016479e-02
4.963052272796630859e-01 3.870459273457527161e-02
4.872320890426635742e-01 3.913960978388786316e-02
4.780815541744232178e-01 3.956379741430282593e-02
4.689576625823974609e-01 3.997234255075454712e-02
4.597543179988861084e-01 4.036967083811759949e-02
4.503991305828094482e-01 4.075835645198822021e-02
4.408401548862457275e-01 4.113788530230522156e-02
4.311960339546203613e-01 4.150439053773880005e-02
4.215420782566070557e-01 4.185148328542709351e-02
4.117462635040283203e-01 4.218219965696334839e-02
4.017518460750579834e-01 4.249618574976921082e-02
3.915157616138458252e-01 4.279397428035736084e-02
3.812509477138519287e-01 4.306755587458610535e-02
3.709845244884490967e-01 4.331653192639350891e-02
3.606846928596496582e-01 4.353829100728034973e-02
3.504516482353210449e-01 4.373169317841529846e-02
3.405281007289886475e-01 4.389054328203201294e-02
3.309297561645507812e-01 4.401820152997970581e-02
3.215466439723968506e-01 4.411586001515388489e-02
3.123114407062530518e-01 4.418475180864334106e-02
3.031500875949859619e-01 4.422397911548614502e-02
2.940451502799987793e-01 4.423161596059799194e-02
2.848552465438842773e-01 4.420676454901695251e-02
2.754851281642913818e-01 4.415146633982658386e-02
2.661206126213073730e-01 4.406533390283584595e-02
2.569135725498199463e-01 4.394878819584846497e-02
2.480608969926834106e-01 4.380652308464050293e-02
2.394658625125885010e-01 4.363550990819931030e-02
2.310943901538848877e-01 4.343243688344955444e-02
2.228327840566635132e-01 4.319369047880172729e-02
2.146524041891098022e-01 4.292138293385505676e-02
2.064245492219924927e-01 4.261174425482749939e-02
1.983240991830825806e-01 4.227793216705322266e-02
1.903677433729171753e-01 4.191508889198303223e-02
1.826829463243484497e-01 4.153162986040115356e-02
1.752499192953109741e-01 4.111837223172187805e-02
1.678383946418762207e-01 4.066183045506477356e-02
1.603261828422546387e-01 4.015221819281578064e-02
1.527201235294342041e-01 3.959609568119049072e-02
1.450505405664443970e-01 3.899240121245384216e-02
1.373050957918167114e-01 3.834091499447822571e-02
1.296159476041793823e-01 3.763605654239654541e-02
1.218109726905822754e-01 3.685395792126655579e-02
1.139417961239814758e-01 3.598328679800033569e-02
1.058417335152626038e-01 3.500679135322570801e-02
9.743213653564453125e-02 3.390419855713844299e-02
8.871930092573165894e-02 3.264817222952842712e-02
8.002661168575286865e-02 3.128989413380622864e-02
7.146255671977996826e-02 2.983738109469413757e-02
6.308546662330627441e-02 2.825281582772731781e-02
5.485698953270912170e-02 2.649188414216041565e-02
4.678294807672500610e-02 2.453095838427543640e-02
3.896538168191909790e-02 2.236640453338623047e-02
3.157557174563407898e-02 2.007917687296867371e-02
2.471656166017055511e-02 1.769600994884967804e-02
1.854125224053859711e-02 1.526746153831481934e-02
1.344080269336700439e-02 1.293413434177637100e-02
9.422804228961467743e-03 1.073198672384023666e-02
6.342478562146425247e-03 8.615512400865554810e-03
4.038366023451089859e-03 6.619264837354421616e-03
2.381842816248536110e-03 4.765907302498817444e-03
1.236384618096053600e-03 3.101802431046962738e-03
5.586167098954319954e-04 1.713997451588511467e-03
1.483703817939385772e-04 5.852341419085860252e-04
-6.753614434273913503e-05 -3.106099902652204037e-04
-1.540020275569986552e-05 -1.051296480000019073e-03
2.279507752973586321e-04 -1.756390905939042568e-03
5.704390932805836201e-04 -2.539671957492828369e-03
1.020752592012286186e-03 -3.415902610868215561e-03
1.754339900799095631e-03 -4.446924664080142975e-03
2.892737276852130890e-03 -5.618745926767587662e-03
4.572716541588306427e-03 -6.895411293953657150e-03
6.682380102574825287e-03 -8.208033628761768341e-03
9.314501658082008362e-03 -9.541055187582969666e-03
1.275925990194082260e-02 -1.091638486832380295e-02
1.711676269769668579e-02 -1.228957157582044601e-02
2.250758558511734009e-02 -1.360688172280788422e-02
2.898946776986122131e-02 -1.482913736253976822e-02
3.681107610464096069e-02 -1.597786508500576019e-02
4.551330581307411194e-02 -1.701021194458007812e-02
5.457143858075141907e-02 -1.789166405797004700e-02
6.327587366104125977e-02 -1.856497488915920258e-02
7.142917066812515259e-02 -1.905545219779014587e-02
7.913871109485626221e-02 -1.939741335809230804e-02
8.651936054229736328e-02 -1.959922723472118378e-02
9.391298890113830566e-02 -1.969046890735626221e-02
1.016868501901626587e-01 -1.970748044550418854e-02
1.101624965667724609e-01 -1.968876458704471588e-02
1.189412996172904968e-01 -1.962545886635780334e-02
1.277417242527008057e-01 -1.951736398041248322e-02
1.363026797771453857e-01 -1.935601793229579926e-02
1.445197463035583496e-01 -1.915323175489902496e-02
1.523476243019104004e-01 -1.891923509538173676e-02
1.598239988088607788e-01 -1.865827292203903198e-02
1.669253557920455933e-01 -1.838584989309310913e-02
1.738494336605072021e-01 -1.810016855597496033e-02
1.806736141443252563e-01 -1.780265569686889648e-02
1.872682720422744751e-01 -1.749627664685249329e-02
1.936097294092178345e-01 -1.718780025839805603e-02
1.998737156391143799e-01 -1.687073335051536560e-02
2.061888575553894043e-01 -1.653838343918323517e-02
2.126636058092117310e-01 -1.618555374443531036e-02
2.194819301366806030e-01 -1.580189913511276245e-02
2.267602980136871338e-01 -1.537797600030899048e-02
2.347459346055984497e-01 -1.490011624991893768e-02
2.433650940656661987e-01 -1.437208894640207291e-02
2.522463202476501465e-01 -1.381764747202396393e-02
2.610863149166107178e-01 -1.325571723282337189e-02
2.697574198246002197e-01 -1.269583497196435928e-02
2.781086266040802002e-01 -1.214851625263690948e-02
2.859251201152801514e-01 -1.162977144122123718e-02
2.933990061283111572e-01 -1.112846378237009048e-02
3.008486628532409668e-01 -1.062511745840311050e-02
3.086012601852416992e-01 -1.009935233741998672e-02
3.167594075202941895e-01 -9.545261040329933167e-03
3.253318667411804199e-01 -8.962415158748626709e-03
3.342195153236389160e-01 -8.358630351722240448e-03
3.432362377643585205e-01 -7.747355848550796509e-03
3.520630896091461182e-01 -7.150773424655199051e-03
3.604264557361602783e-01 -6.588143296539783478e-03
3.683739900588989258e-01 -6.056811660528182983e-03
3.760746121406555176e-01 -5.546510685235261917e-03
3.836919367313385010e-01 -5.046556703746318817e-03
3.914890587329864502e-01 -4.540715366601943970e-03
3.996834754943847656e-01 -4.015384707599878311e-03
4.082819819450378418e-01 -3.471591509878635406e-03
4.171952009201049805e-01 -2.915833378210663795e-03
4.263211190700531006e-01 -2.356487326323986053e-03
4.355817735195159912e-01 -1.799628138542175293e-03
4.448336362838745117e-01 -1.254580798558890820e-03
4.539978802204132080e-01 -7.260186248458921909e-04
4.629324078559875488e-01 -2.223850169684737921e-04
4.717200696468353271e-01 2.611181698739528656e-04
4.802782237529754639e-01 7.205813308246433735e-04
4.886065721511840820e-01 1.156166312284767628e-03
4.966365098953247070e-01 1.565197948366403580e-03
5.044934749603271484e-01 1.954714301973581314e-03
5.121815800666809082e-01 2.325951820239424706e-03
5.196762084960937500e-01 2.677942859008908272e-03
5.269637703895568848e-01 3.010884625837206841e-03
5.340216159820556641e-01 3.324489109218120575e-03
5.409833788871765137e-01 3.625223413109779358e-03
5.478311777114868164e-01 3.912092186510562897e-03
5.546554327011108398e-01 4.189175087958574295e-03
5.615122914314270020e-01 4.457937087863683701e-03
5.685433149337768555e-01 4.724163562059402466e-03
5.757272839546203613e-01 4.986421205103397369e-03
5.830137729644775391e-01 5.243109539151191711e-03
5.903474092483520508e-01 5.491421092301607132e-03
5.975961089134216309e-01 5.727344658225774765e-03
6.048435568809509277e-01 5.952717736363410950e-03
6.120302081108093262e-01 6.165475118905305862e-03
6.191993355751037598e-01 6.367069669067859650e-03
6.265527009963989258e-01 6.561505142599344254e-03
6.342272758483886719e-01 6.751149892807006836e-03
6.422048807144165039e-01 6.935039535164833069e-03
6.503629088401794434e-01 7.110474165529012680e-03
6.587116122245788574e-01 7.275932934135198593e-03
6.671280860900878906e-01 7.426836993545293808e-03
6.756117939949035645e-01 7.562887854874134064e-03
6.838786005973815918e-01 7.680277805775403976e-03
6.918270587921142578e-01 7.779120467603206635e-03
6.995901465415954590e-01 7.862901315093040466e-03
7.073422074317932129e-01 7.931155152618885040e-03
7.149985432624816895e-01 7.985933683812618256e-03
7.227813601493835449e-01 8.025395683944225311e-03
7.311850190162658691e-01 8.047717623412609100e-03
7.406896352767944336e-01 8.043727837502956390e-03
7.514400482177734375e-01 8.007393218576908112e-03
7.631730437278747559e-01 7.932801730930805206e-03
7.755244374275207520e-01 7.820534519851207733e-03
7.882489562034606934e-01 7.666535675525665283e-03
8.010260462760925293e-01 7.469270844012498856e-03
8.130979537963867188e-01 7.239752449095249176e-03
8.244522213935852051e-01 6.978861521929502487e-03
8.353800177574157715e-01 6.680926773697137833e-03
8.462806940078735352e-01 6.339089944958686829e-03
8.572136163711547852e-01 5.954264197498559952e-03
8.681852221488952637e-01 5.528288427740335464e-03
8.790510892868041992e-01 5.072167608886957169e-03
8.898993134498596191e-01 4.587294999510049820e-03
9.004821777343750000e-01 4.090076312422752380e-03
9.103354215621948242e-01 3.604416735470294952e-03
9.195892810821533203e-01 3.135380102321505547e-03
9.284240007400512695e-01 2.681391779333353043e-03
9.371483922004699707e-01 2.236587926745414734e-03
9.449996352195739746e-01 1.839239848777651787e-03
9.521840810775756836e-01 1.481595565564930439e-03
9.588761329650878906e-01 1.155757810920476913e-03
9.654076695442199707e-01 8.457679068669676781e-04
9.685232043266296387e-01 7.004440412856638432e-04
9.750139117240905762e-01 4.006413219030946493e-04
9.821862578392028809e-01 7.131471647880971432e-05
9.904425740242004395e-01 -3.083164046984165907e-04
1.000185370445251465e+00 -7.590326131321489811e-04
