airfoil022F
1.000000000000000000e+00 -1.907623284982910155e-04
9.927468175150417906e-01 1.767298701525751598e-03
9.853749379751064463e-01 3.581687394535484209e-03
9.778825072311863043e-01 5.263154767412026210e-03
9.702681640416063180e-01 6.823041787663020052e-03
9.625308801993754937e-01 8.273459010798189101e-03
9.546700252226378858e-01 9.627410343809121238e-03
9.466860614894775372e-01 1.089882631410810446e-02
9.385791031034069754e-01 1.210294597389107232e-02
9.303865216826602280e-01 1.324911800901584259e-02
9.221490213852973072e-01 1.433911992676449587e-02
9.138671961153137513e-01 1.537859951462140426e-02
9.055413682998536551e-01 1.637340442424774570e-02
8.971718933380489203e-01 1.732954469801942579e-02
8.887591537494343719e-01 1.825319970500913908e-02
8.803035538068810784e-01 1.915072490572156463e-02
8.718052411448367067e-01 2.002868651160324281e-02
8.632823998952653399e-01 2.089101881295935340e-02
8.547533514595069271e-01 2.173767982439175905e-02
8.462183564831849969e-01 2.256942244036881651e-02
8.376774441081706879e-01 2.338702550215025072e-02
8.291306755642524617e-01 2.419126719376357704e-02
8.205781421853119983e-01 2.498292550200964524e-02
8.120199056407277904e-01 2.576278384064435364e-02
8.034560027069480581e-01 2.653163041360901905e-02
7.948864818432038737e-01 2.729025485847948532e-02
7.863114443792236230e-01 2.803944476871653504e-02
7.777309534013236991e-01 2.877999380294484280e-02
7.691450434222086852e-01 2.951270066112205923e-02
7.605537687671363178e-01 3.023836490878599459e-02
7.519572309109296970e-01 3.095778480849007905e-02
7.433554940386447596e-01 3.167176447089763841e-02
7.347486055616472278e-01 3.238111204211508581e-02
7.261398328933194035e-01 3.308618543988203070e-02
7.175321913130376927e-01 3.378664405092295098e-02
7.089256812575084332e-01 3.448222287829730281e-02
7.003203077610893335e-01 3.517265687240314631e-02
6.917160410538852888e-01 3.585768407400604513e-02
6.831128639018293480e-01 3.653704178170148059e-02
6.745107636470524248e-01 3.721046721056470163e-02
6.659097458532322600e-01 3.787769645379999994e-02
6.573097757818989750e-01 3.853846902601708313e-02
6.487108395346881107e-01 3.919252308376248300e-02
6.401129280363959673e-01 3.983959670280578375e-02
6.315160395554442196e-01 4.047942771169922571e-02
6.229201431854980431e-01 4.111175639534699056e-02
6.143252250549833260e-01 4.173632202879890007e-02
6.057312786229682722e-01 4.235286364334817782e-02
5.971382968783618406e-01 4.296112061009279420e-02
5.885462516971492475e-01 4.356083406984270767e-02
5.799551292054020424e-01 4.415174441181950182e-02
5.713649243463279070e-01 4.473359170970004489e-02
5.627756268354812130e-01 4.530611669783009277e-02
5.541872102812724910e-01 4.586906145106315474e-02
5.455996607745283722e-01 4.642216746761571727e-02
5.370129736911061213e-01 4.696517593903525717e-02
5.284271374691873469e-01 4.749782880266996410e-02
5.198421264000595565e-01 4.801986913467818502e-02
5.112579265027419329e-01 4.853103953580806262e-02
5.026745325342040216e-01 4.903108237612471138e-02
4.940919336387229466e-01 4.951974066031188809e-02
4.855101037425625377e-01 4.999675851876208416e-02
4.769290287528017980e-01 5.046187964651954738e-02
4.683487017583471412e-01 5.091484763447112760e-02
4.597691411770722381e-01 5.135540507292253587e-02
4.511919914713070634e-01 5.178310879826497626e-02
4.426185779399312570e-01 5.219719637737336992e-02
4.340489411708465806e-01 5.259690471808634721e-02
4.254831421489985721e-01 5.298147234587419901e-02
4.169211600102192272e-01 5.335014390725914546e-02
4.083630211423461831e-01 5.370216420530951607e-02
3.998087518387823391e-01 5.403678044042363460e-02
3.912584291714248375e-01 5.435324037504394440e-02
3.827120335242739091e-01 5.465079786387979505e-02
3.741695848348777220e-01 5.492870749454144275e-02
3.656311086529006049e-01 5.518622600097268516e-02
3.570966519447715259e-01 5.542261190430661233e-02
3.485662501965072213e-01 5.563712656858448014e-02
3.400398951567712991e-01 5.582903474181100112e-02
3.315176109831978746e-01 5.599760255220288113e-02
3.229994734735188167e-01 5.614209757550128049e-02
3.144884621440617867e-01 5.626156720548888823e-02
3.059868768920102622e-01 5.635450745637590741e-02
2.974947480886996898e-01 5.641934661619547875e-02
2.890121342965733531e-01 5.645452328714723605e-02
2.805390924955457610e-01 5.645848674557187030e-02
2.720757291265195610e-01 5.642969711277329159e-02
2.636220902461718918e-01 5.636662525834830462e-02
2.551781791846722269e-01 5.626775175525824263e-02
2.467440437266714970e-01 5.613156742686159495e-02
2.383197286174749685e-01 5.595657312667955824e-02
2.299052752499978758e-01 5.574127957090754815e-02
2.215007672964112162e-01 5.548420867781708038e-02
2.131062259378183332e-01 5.518389056540203702e-02
2.047216441166162804e-01 5.483886333498127347e-02
1.963470465096460726e-01 5.444767511848698505e-02
1.879829854138159173e-01 5.400891139713294431e-02
1.796512781552865035e-01 5.352106162286125041e-02
1.713689171434813197e-01 5.297859232279245739e-02
1.631373677877434036e-01 5.237462689348350298e-02
1.549579546984124201e-01 5.170252072816635541e-02
1.468320304000573506e-01 5.095586593728891611e-02
1.387606597998959079e-01 5.012845390249042604e-02
1.307449636420539019e-01 4.921429553937372442e-02
1.227859918028128411e-01 4.820760250897692528e-02
1.148847557888281745e-01 4.710278286008943299e-02
1.070419745618114982e-01 4.589439302353067601e-02
9.925829751910285326e-02 4.457715070657106149e-02
9.153422595835079834e-02 4.314590818345722528e-02
8.387010402666422726e-02 4.159563170056260889e-02
7.626611170715121013e-02 3.992137887436471300e-02
6.872226009793827584e-02 3.811827416277711184e-02
6.124393285143203691e-02 3.618295092085221237e-02
5.402006760543226482e-02 3.415252625677994702e-02
4.715840331298921939e-02 3.202380502003135399e-02
4.065406748567829132e-02 2.976934067836726691e-02
3.449357236021497602e-02 2.736641222360407938e-02
2.866717333297393727e-02 2.479905071316827053e-02
2.315809428689159094e-02 2.205189530618659882e-02
1.794618870214639145e-02 1.910892774582274162e-02
1.306071538901717143e-02 1.598624549868844780e-02
9.159395368018137529e-03 1.312611601505099014e-02
6.186083590560320471e-03 1.052414278723510024e-02
3.854896971722524945e-03 8.029906057845176415e-03
2.099183581080812933e-03 5.698695794161170135e-03
1.030968914786557864e-03 3.886143170899639381e-03
4.259023350457524565e-04 2.436677821281843688e-03
1.116437257234875725e-04 1.195698747986410253e-03
0.000000000000000000e+00 0.000000000000000000e+00
8.110408879751658236e-05 -1.201980880256872664e-03
3.372545033973657234e-04 -2.354887085440710449e-03
7.479356068536202259e-04 -3.417621189773619155e-03
1.265304336651228026e-03 -4.306385617319558566e-03
1.930812832287772405e-03 -5.102102688790815903e-03
2.780438235439878190e-03 -5.838529953468051328e-03
4.061670616980024226e-03 -6.651111025523491656e-03
6.453061287191954633e-03 -7.760529903490826810e-03
1.127273220285818223e-02 -9.591347246905728569e-03
1.651785986222285146e-02 -1.120648927939817650e-02
2.205547685538845892e-02 -1.254749451485361912e-02
2.793976624339718565e-02 -1.362992061774596919e-02
3.423298986815639933e-02 -1.447089141639542643e-02
4.101676152378546519e-02 -1.509461056547852648e-02
4.836258591197529350e-02 -1.553716636336530295e-02
5.639085750605963426e-02 -1.586363512469448137e-02
6.472498229243249523e-02 -1.613142100557302810e-02
7.307327257877878346e-02 -1.634420472817621831e-02
8.143542696605071685e-02 -1.650442671057685343e-02
8.981170224975565386e-02 -1.661457340113465034e-02
9.820234557238675943e-02 -1.667715809294288004e-02
1.066075954692208838e-01 -1.669472188564438686e-02
1.150276828976499188e-01 -1.666983457199657306e-02
1.234628878778697147e-01 -1.660509490392908516e-02
1.319134843786925748e-01 -1.650313096762657736e-02
1.403795844529663606e-01 -1.636660390934729231e-02
1.488613984719552585e-01 -1.619820597342096560e-02
1.573591339292449709e-01 -1.600066166600641604e-02
1.658730121130350954e-01 -1.577672789830868172e-02
1.744034137647578475e-01 -1.552918995621186023e-02
1.829503587875386805e-01 -1.526087723467268661e-02
1.915137119920226616e-01 -1.497465837659753274e-02
2.000839995885073108e-01 -1.467306468186019806e-02
2.086558641396819846e-01 -1.435684562124643626e-02
2.172292901539016607e-01 -1.402632611883025682e-02
2.258042645611889609e-01 -1.368183151023246585e-02
2.343807819003581872e-01 -1.332368729970112922e-02
2.429588504468934707e-01 -1.295221882963051505e-02
2.515384631666575110e-01 -1.256775250204422364e-02
2.601196022297801447e-01 -1.217061568323339789e-02
2.687022619875446550e-01 -1.176113566749540859e-02
2.772864480525398800e-01 -1.133963963515402865e-02
2.858721586355780220e-01 -1.090645553199593928e-02
2.944593728762675000e-01 -1.046191273366384698e-02
3.030480850148996042e-01 -1.000634033348221999e-02
3.116382997250418674e-01 -9.540067301358565871e-03
3.202300172344645923e-01 -9.063423256964258171e-03
3.288232153765924815e-01 -8.576739526295387370e-03
3.374178883497891412e-01 -8.080347007937775314e-03
3.460140416075429548e-01 -7.574576383660807516e-03
3.546116741573013265e-01 -7.059759130271178913e-03
3.632107642421535942e-01 -6.536228434914876512e-03
3.718113060799865810e-01 -6.004317006113204028e-03
3.804133076177079187e-01 -5.464357137682654755e-03
3.890167633966227223e-01 -4.916682388751963256e-03
3.976216537762268799e-01 -4.361627695498344545e-03
4.062279730476693329e-01 -3.799527580553003700e-03
4.148357333610778186e-01 -3.230715834938234759e-03
4.234449215335123751e-01 -2.655528356119777212e-03
4.320555217402413661e-01 -2.074301701319271937e-03
4.406675283916359764e-01 -1.487372211885982327e-03
4.492809595506733200e-01 -8.950750530209203954e-04
4.578957910324190084e-01 -2.977487363616638876e-04
4.665120177682092750e-01 3.042690229291887907e-04
4.751297899978113581e-01 9.106410835753814357e-04
4.837492724061685512e-01 1.521008348539410132e-03
4.923705113618432327e-01 2.134999713022246552e-03
5.009935826218271382e-01 2.752245570346287511e-03
5.096185741694316818e-01 3.372376630475448171e-03
5.182455698682570944e-01 3.995022752291261386e-03
5.268746253188707485e-01 4.619811182043222220e-03
5.355058162985182335e-01 5.246370045337640960e-03
5.441392426825525375e-01 5.874328652470554857e-03
5.527749651742458470e-01 6.503312896107653167e-03
5.614130507149085458e-01 7.132948543628307367e-03
5.700523726820618808e-01 7.762773784967707744e-03
5.786900167830478781e-01 8.392196286681037620e-03
5.873259037319560338e-01 9.020830855035445739e-03
5.959601096035940238e-01 9.648304194378103799e-03
6.045916194759335394e-01 1.027415429910630978e-02
6.131984270158832295e-01 1.089468493601575966e-02
6.217707618580914364e-01 1.150352852730983713e-02
6.303091682041224164e-01 1.209474695844619911e-02
6.388140063274588831e-01 1.266253545484917649e-02
6.472857505043876358e-01 1.320123986388312652e-02
6.557251424188871303e-01 1.370536003027769852e-02
6.641326764026433960e-01 1.416951233783962649e-02
6.725096810702528849e-01 1.458848606594790633e-02
6.808836271785315697e-01 1.496018080203178821e-02
6.892711539584208680e-01 1.528655459250118261e-02
6.976722777361352712e-01 1.556950639357598289e-02
7.060868493956647951e-01 1.581094545124595019e-02
7.145147845148471788e-01 1.601280052487510583e-02
7.229559940730732048e-01 1.617701729129962518e-02
7.314103849990705175e-01 1.630555862788941532e-02
7.398778534383450012e-01 1.640040479534301751e-02
7.483510931549542944e-01 1.646308035877003598e-02
7.568233656618729155e-01 1.649363388288630286e-02
7.652945105671489223e-01 1.649183407206319951e-02
7.737643677787480190e-01 1.645744994638354691e-02
7.822327775122468463e-01 1.639025083999774007e-02
7.906995668765554042e-01 1.629000658449836214e-02
7.991645886269639343e-01 1.615648708405078432e-02
8.076276854463869670e-01 1.598946258962099728e-02
8.160886988657742869e-01 1.578870367196827038e-02
8.245474707632638456e-01 1.555398120405189141e-02
8.330038378303481483e-01 1.528506654542624577e-02
8.414576389324840422e-01 1.498173137345940389e-02
8.499087263121652969e-01 1.464374717313861145e-02
8.583569433244249147e-01 1.427088599329183125e-02
8.668021337121070147e-01 1.386292016646164214e-02
8.752440571027971794e-01 1.341962691807013081e-02
8.836680173486370915e-01 1.294078484234374368e-02
8.920598612282693018e-01 1.242315887335572119e-02
9.004191452939357410e-01 1.186213575937786029e-02
9.087453928833822969e-01 1.125320256600064427e-02
9.170381456165749290e-01 1.059194139499528009e-02
9.252969674771196473e-01 9.874026540152357895e-03
9.335214490227062845e-01 9.095221423031358762e-03
9.417112116816503953e-01 8.251375251769355393e-03
9.498659120887452678e-01 7.338419348105165024e-03
9.579852464095366393e-01 6.352363090838837947e-03
9.660689289262811563e-01 5.289292938334599382e-03
9.741167751392265650e-01 4.145357209025903045e-03
9.821286437843673722e-01 2.916767551148113924e-03
9.901044289443601265e-01 1.599795281252741576e-03
9.980440833349415453e-01 1.907623284982885490e-04
