Airfoils1D_60127_0.70_3
9.976288683418874648e-01 4.202642487371548966e-04
9.892070410913359479e-01 1.434290380205029960e-03
9.807827197014837850e-01 2.435305692416163056e-03
9.723559321102346331e-01 3.423474216789512258e-03
9.639267063071672581e-01 4.398960095424930480e-03
9.554950664684618289e-01 5.361928020015212758e-03
9.470610363870490822e-01 6.312542819423973967e-03
9.386246523236971839e-01 7.250968037571631566e-03
9.301859424633838191e-01 8.177368264878501908e-03
9.217449350366576644e-01 9.091908204909284960e-03
9.133016498841812769e-01 9.994753570777406559e-03
9.048561200092479773e-01 1.088606876737719352e-02
8.964083774876651090e-01 1.176601844089069163e-02
8.879584507213625910e-01 1.263476775209309601e-02
8.795063667477304170e-01 1.349248211845428466e-02
8.710521445522203532e-01 1.433932787075898989e-02
8.625958235201062196e-01 1.517546940673495867e-02
8.541374322063626234e-01 1.600107235015090640e-02
8.456769992013117854e-01 1.681630244115870504e-02
8.372145459002734436e-01 1.762132621989256215e-02
8.287501029682512454e-01 1.841630944678907325e-02
8.202837042875879003e-01 1.920141771631298649e-02
8.118153785799991917e-01 1.997681723741534521e-02
8.033451534076346823e-01 2.074267444359622486e-02
7.948730473652722006e-01 2.149915667921255963e-02
7.863991006093004055e-01 2.224642947502775137e-02
7.779233419765367863e-01 2.298465951249594602e-02
7.694458003300675975e-01 2.371401359152853702e-02
7.609664962856432791e-01 2.443465932948846869e-02
7.524854625947752229e-01 2.514676341817626698e-02
7.440027325999629682e-01 2.585049263782767531e-02
7.355183352604449665e-01 2.654601426452997057e-02
7.270322963214354006e-01 2.723349595423267197e-02
7.185452994682451910e-01 2.791303418232781927e-02
7.100607126292868276e-01 2.858412798102570943e-02
7.015790357771574115e-01 2.924614800581505983e-02
6.931002357507569656e-01 2.989849524201243849e-02
6.846243159940127443e-01 3.054056944027851508e-02
6.761512141849287394e-01 3.117177690777963098e-02
6.676808896868450249e-01 3.179152374238097822e-02
6.592133095194223635e-01 3.239921695916081479e-02
6.507484510987696646e-01 3.299426434714999856e-02
6.422863030217954572e-01 3.357607449300583496e-02
6.338267999482725124e-01 3.414406119351436758e-02
6.253699088338608991e-01 3.469763743211811552e-02
6.169155965756414339e-01 3.523621767175132147e-02
6.084638495938101688e-01 3.575921665557019180e-02
6.000146359226814496e-01 3.626605182710052055e-02
5.915679008687066975e-01 3.675614340216226683e-02
5.831215019336981609e-01 3.722908471045992956e-02
5.746651034423385651e-01 3.768609824356848603e-02
5.661968097442123815e-01 3.812905822675340117e-02
5.577166977872948239e-01 3.855978689886681993e-02
5.492248802767097926e-01 3.898011922831185611e-02
5.407214168345569894e-01 3.939190743576612141e-02
5.322063522109787836e-01 3.979701900662388492e-02
5.236796298725716614e-01 4.019734082324204205e-02
5.151463814813429520e-01 4.059439639056618837e-02
5.066300365792986149e-01 4.098612228601385826e-02
4.981343694778945785e-01 4.136885755282131150e-02
4.896594013587524108e-01 4.173907276892434987e-02
4.812047750063419560e-01 4.209330756873901069e-02
4.727702688119048702e-01 4.242814624543166796e-02
4.643557067597641197e-01 4.274022123411940627e-02
4.559609140702163277e-01 4.302621421849878169e-02
4.475806429887860816e-01 4.328317161310588773e-02
4.391952756416361292e-01 4.351096917285278420e-02
4.308024838103348131e-01 4.371074311785601990e-02
4.224022710506405431e-01 4.388360724988750461e-02
4.139946422271872373e-01 4.403068083801943422e-02
4.055796033924559119e-01 4.415308867976677765e-02
3.971571059932875181e-01 4.425196173592193388e-02
3.887271946524697985e-01 4.432843530896460327e-02
3.802898959208675933e-01 4.438365089555842968e-02
3.718452194783669618e-01 4.441875595844397423e-02
3.633931756434077287e-01 4.443490373874227350e-02
3.549337308642387945e-01 4.443325324358470690e-02
3.464669032072675847e-01 4.441496916028590813e-02
3.379927405048929745e-01 4.438122229925003936e-02
3.295112547158668970e-01 4.433318943380271104e-02
3.210224580032273733e-01 4.427205330483425377e-02
3.125294838503563377e-01 4.419893724802737706e-02
3.040476358240021826e-01 4.411333488156995997e-02
2.955792466397746954e-01 4.401309128597557380e-02
2.871244521949264938e-01 4.389599924045980983e-02
2.786833881476863395e-01 4.375987242356711715e-02
2.702563108331506037e-01 4.360254762985411175e-02
2.618432460491637026e-01 4.342187828200361199e-02
2.534443084824634096e-01 4.321573923065194500e-02
2.450596290953210854e-01 4.298202567459705192e-02
2.366893365743993338e-01 4.271865261943223052e-02
2.283335568415205963e-01 4.242355463854648873e-02
2.199925152400647177e-01 4.209468988846069848e-02
2.116662294720775273e-01 4.173002802554406920e-02
2.033548072436842380e-01 4.132756048548779509e-02
1.950583580001923611e-01 4.088529737274374659e-02
1.867769856299136555e-01 4.040126686150644075e-02
1.785097820922141865e-01 3.987347667371207022e-02
1.702522997851278197e-01 3.930021615052451539e-02
1.620038295088431501e-01 3.868045670780091011e-02
1.537644311232153616e-01 3.801323827108365333e-02
1.455340850321825141e-01 3.729759818375250058e-02
1.373128051116233317e-01 3.653257960701206120e-02
1.291006020430347234e-01 3.571722870710504483e-02
1.208974823498769197e-01 3.485059438141215049e-02
1.127191795640391098e-01 3.393302718805227963e-02
1.046247284601877769e-01 3.296319027535669216e-02
9.662318988723410385e-02 3.192979330636584734e-02
8.871650199533299974e-02 3.082141287670793484e-02
8.090645539222929283e-02 2.962734417155044042e-02
7.319463545052092013e-02 2.833754427342880661e-02
6.558236903520707484e-02 2.694257329005395052e-02
5.807071562615023080e-02 2.543353971955530229e-02
5.073435492895541493e-02 2.381583810600204631e-02
4.371930432653768628e-02 2.209547496631812311e-02
3.700901315209581544e-02 2.024178390992005874e-02
3.058517517178343734e-02 1.822981505304151206e-02
2.442469318141504003e-02 1.603705935651869932e-02
1.850406473972054586e-02 1.364250116846649902e-02
1.280117154339955460e-02 1.102569013779675609e-02
7.908046262699872445e-03 8.490153033727684123e-03
5.061552145140682871e-03 6.706972845598314741e-03
3.266198602995922396e-03 5.265520791885425385e-03
1.957081918085721434e-03 3.908865843339186762e-03
9.775054040184250927e-04 2.579199620184396361e-03
5.280655206553892247e-04 1.791670715653424523e-03
1.944988060670900629e-04 9.722555701494482640e-04
5.690010623735899855e-05 3.621951445603545155e-04
3.019182432213013672e-05 -2.018363564874128824e-04
1.135674464224169423e-04 -7.659032600942982738e-04
3.309424763923263886e-04 -1.393699281874848095e-03
6.908494760710860889e-04 -2.056936746842201458e-03
1.147675305629645851e-03 -2.681371439759151071e-03
1.944286630345593361e-03 -3.511325099853184785e-03
2.905857236127970013e-03 -4.258916970492357228e-03
4.156946339281392816e-03 -4.971766475419485756e-03
5.972692777278726557e-03 -5.696524981450387659e-03
9.829339556273178000e-03 -6.732766636016779445e-03
1.638374285678239131e-02 -8.183779341817304029e-03
2.316597018402802646e-02 -9.433024005394892789e-03
3.014261859282725900e-02 -1.048634860134181439e-02
3.734182557384553569e-02 -1.136533538629122889e-02
4.478061752927386951e-02 -1.209308986116491846e-02
5.248386512350203259e-02 -1.269836562634363980e-02
6.047886559829770275e-02 -1.321634777115835574e-02
6.868719200498953070e-02 -1.368005447502127457e-02
7.692001035397821873e-02 -1.409245387723164801e-02
8.517010861055288040e-02 -1.445531957150175684e-02
9.343729901801872684e-02 -1.477081462200832696e-02
1.017213856281495854e-01 -1.504112490164378861e-02
1.100221652036950382e-01 -1.526845956772592168e-02
1.183394281006380222e-01 -1.545505148880989624e-02
1.266730238888756910e-01 -1.560315863513217841e-02
1.350227281510394950e-01 -1.571506154173473585e-02
1.433882630900058797e-01 -1.579306532315019607e-02
1.517694017633093584e-01 -1.583950124058474199e-02
1.601659148400830235e-01 -1.585672589311106634e-02
1.685775712996127607e-01 -1.584712147861142700e-02
1.770041965840189468e-01 -1.581309573774922553e-02
1.854456063243146158e-01 -1.575708202592141643e-02
1.939014693229807462e-01 -1.568154121508939097e-02
2.023679174041361772e-01 -1.558883157128153341e-02
2.108387973455247977e-01 -1.548027950244297048e-02
2.193139832155540370e-01 -1.535672802849333274e-02
2.277935687254159791e-01 -1.521901974940647294e-02
2.362775930075771413e-01 -1.506800120781784554e-02
2.447661327281051014e-01 -1.490452147156869946e-02
2.532592643668843402e-01 -1.472943267109931911e-02
2.617571106643798995e-01 -1.454358897569702977e-02
2.702597196429358806e-01 -1.434784920751532369e-02
2.787671499884614712e-01 -1.414307518244080179e-02
2.872794777104873964e-01 -1.393013148096655142e-02
2.957968002988088374e-01 -1.370988526924104590e-02
3.043192183956102137e-01 -1.348320673504846759e-02
3.128467624653034074e-01 -1.325097113456819367e-02
3.213795083995091839e-01 -1.301405576538434278e-02
3.299175401441127864e-01 -1.277334090937320109e-02
3.384590506225073625e-01 -1.252967942653892067e-02
3.470000059044510698e-01 -1.228334098280051134e-02
3.555402252921714412e-01 -1.203418522021688225e-02
3.640796800091595231e-01 -1.178206590120210555e-02
3.726183301067792497e-01 -1.152683721347700849e-02
3.811561584349074661e-01 -1.126835275683460945e-02
3.896931363571908280e-01 -1.100646655715592677e-02
3.982292352355235043e-01 -1.074103272938095599e-02
4.067644163136880375e-01 -1.047190579875969044e-02
4.152986596664487995e-01 -1.019893979156748925e-02
4.238319380699949179e-01 -9.921989046083930924e-03
4.323642228816181321e-01 -9.640908034055834658e-03
4.408954773124247328e-01 -9.355551590870174114e-03
4.494256775667330728e-01 -9.065774213441957219e-03
4.579547983163472780e-01 -8.771430531319637791e-03
4.664828109192680761e-01 -8.472375373185122432e-03
4.750105001578844299e-01 -8.168466208279403368e-03
4.835401450017138836e-01 -7.859832776878183935e-03
4.920719212496295625e-01 -7.546872118455382264e-03
5.006058526267611608e-01 -7.229989842795368250e-03
5.091419741388809594e-01 -6.909591816654164949e-03
5.176803194271356601e-01 -6.586084627826849398e-03
5.262208912872927691e-01 -6.259876724082172848e-03
5.347637135106597661e-01 -5.931376456240661059e-03
5.433088187310818329e-01 -5.600992521010522869e-03
5.518562462352446518e-01 -5.269134041532189117e-03
5.604059957833877892e-01 -4.936212370194452935e-03
5.689580912562673953e-01 -4.602638622132815792e-03
5.775115332645326394e-01 -4.268864529535600950e-03
5.860628988071673318e-01 -3.935436717355692698e-03
5.946118780031243167e-01 -3.602779820498769152e-03
6.031584947005437236e-01 -3.271304757147317117e-03
6.117027646178421207e-01 -2.941422065866883089e-03
6.202446950686522076e-01 -2.613541907501234357e-03
6.287843346045745019e-01 -2.288072165820003931e-03
6.373217069859212769e-01 -1.965420995823682904e-03
6.458568311283385821e-01 -1.645996046031727089e-03
6.543897083794993907e-01 -1.330204917354898837e-03
6.629203898282256535e-01 -1.018452676339017329e-03
6.714488991713657429e-01 -7.111447376053971507e-04
6.799752600953523629e-01 -4.086858353683027380e-04
6.884994658969594283e-01 -1.114810744665675410e-04
6.970215698356198031e-01 1.800672312102957100e-04
7.055415965586880889e-01 4.655564183016242408e-04
7.140595697406619813e-01 7.445844635914147802e-04
7.225754916505769954e-01 1.016749341346661391e-03
7.310893982956350179e-01 1.281650806226756209e-03
7.396013226515767425e-01 1.538889152876566323e-03
7.481105080532356455e-01 1.788020441033490301e-03
7.566132388168307354e-01 2.028086349310229738e-03
7.651088363250191371e-01 2.257829846778701671e-03
7.735973381758484146e-01 2.476006769496728269e-03
7.820787184353424903e-01 2.681377662158319474e-03
7.905529510717159702e-01 2.872709567368197329e-03
7.990199528231873849e-01 3.048774855861398434e-03
8.074797280951417910e-01 3.208354350620335783e-03
8.159322794560933678e-01 3.350235027809831713e-03
8.243775813154908816e-01 3.473209605930079220e-03
8.328156084335308629e-01 3.576077126462961619e-03
8.412462898492896191e-01 3.657642529832266613e-03
8.496696174570892435e-01 3.716717858253872943e-03
8.580855994055318625e-01 3.752121255461574826e-03
8.664942129868716814e-01 3.762676675938991799e-03
8.748954364298604514e-01 3.747214183936567813e-03
8.832892490307993061e-01 3.704569901789194972e-03
8.916755649737064804e-01 3.633586630706314713e-03
9.000544319208751975e-01 3.533112244228412812e-03
9.084258353921994544e-01 3.402000679706633935e-03
9.167897603826475894e-01 3.239111691157217209e-03
9.251461936751821380e-01 3.043310756705059749e-03
9.334951239945175061e-01 2.813468993827843330e-03
9.418365086355560134e-01 2.548464205151901394e-03
9.501703504658981503e-01 2.247178574973170920e-03
9.584966705340979276e-01 1.908498797720946383e-03
9.668154669593463924e-01 1.531317543283841663e-03
9.751267406064316745e-01 1.114532574658264443e-03
9.834304952494370422e-01 6.570466116028802084e-04
9.917267377354650471e-01 1.577671840207313879e-04
1.000015478147827430e+00 -3.843935253644776336e-04
