9.997531175613403320e-01 3.744172281585633755e-04
9.933862090110778809e-01 1.967687858268618584e-03
9.860637784004211426e-01 3.489784197881817818e-03
9.780331254005432129e-01 4.935802891850471497e-03
9.695413708686828613e-01 6.300841458141803741e-03
9.567377567291259766e-01 8.158405311405658722e-03
9.483274817466735840e-01 9.292031638324260712e-03
9.401107430458068848e-01 1.035028137266635895e-02
9.321303963661193848e-01 1.133560482412576675e-02
9.244546890258789062e-01 1.224168948829174042e-02
9.162966609001159668e-01 1.317300926893949509e-02
9.079135656356811523e-01 1.410384755581617355e-02
8.994488120079040527e-01 1.502041146159172058e-02
8.908947110176086426e-01 1.592540927231311798e-02
8.824518918991088867e-01 1.680006459355354309e-02
8.741585612297058105e-01 1.764327660202980042e-02
8.661198616027832031e-01 1.844577677547931671e-02
8.582307100296020508e-01 1.922067813575267792e-02
8.504048585891723633e-01 1.997783966362476349e-02
8.424941301345825195e-01 2.073227614164352417e-02
8.344390392303466797e-01 2.149012498557567596e-02
8.261306881904602051e-01 2.226114273071289062e-02
8.175109028816223145e-01 2.305174432694911957e-02
8.086736202239990234e-01 2.385229803621768951e-02
7.997809052467346191e-01 2.464907988905906677e-02
7.909601330757141113e-01 2.543036267161369324e-02
7.823122143745422363e-01 2.618812583386898041e-02
7.738991379737854004e-01 2.691735327243804932e-02
7.657425999641418457e-01 2.761716954410076141e-02
7.577465772628784180e-01 2.829584293067455292e-02
7.498373389244079590e-01 2.896097674965858459e-02
7.419481277465820312e-01 2.961848489940166473e-02
7.340463995933532715e-01 3.027170896530151367e-02
7.260882854461669922e-01 3.092367202043533325e-02
7.179902195930480957e-01 3.158139064908027649e-02
7.097901105880737305e-01 3.224163129925727844e-02
7.014423608779907227e-01 3.290782496333122253e-02
6.929269433021545410e-01 3.358111530542373657e-02
6.841717362403869629e-01 3.426722064614295959e-02
6.753256916999816895e-01 3.495422378182411194e-02
6.663616895675659180e-01 3.564374148845672607e-02
6.574320793151855469e-01 3.632414340972900391e-02
6.485623121261596680e-01 3.699383512139320374e-02
6.398893594741821289e-01 3.764282912015914917e-02
6.314409375190734863e-01 3.826880082488059998e-02
6.231312751770019531e-01 3.887807950377464294e-02
6.149606108665466309e-01 3.947136178612709045e-02
6.068536639213562012e-01 4.005418345332145691e-02
5.986921787261962891e-01 4.063415899872779846e-02
5.903823375701904297e-01 4.121855646371841431e-02
5.819927453994750977e-01 4.180203005671501160e-02
5.735689401626586914e-01 4.238152131438255310e-02
5.651157498359680176e-01 4.295553639531135559e-02
5.565548539161682129e-01 4.352896660566329956e-02
5.478799343109130859e-01 4.410189017653465271e-02
5.392417311668395996e-01 4.466409236192703247e-02
5.304926037788391113e-01 4.522413387894630432e-02
5.214930176734924316e-01 4.579028114676475525e-02
5.123237371444702148e-01 4.635632783174514771e-02
5.029962062835693359e-01 4.692028090357780457e-02
4.935603141784667969e-01 4.747798293828964233e-02
4.839376509189605713e-01 4.803306236863136292e-02
4.741945266723632812e-01 4.858085513114929199e-02
4.645219445228576660e-01 4.911028593778610229e-02
4.551402926445007324e-01 4.960919544100761414e-02
4.459778070449829102e-01 5.008208379149436951e-02
4.370727539062500000e-01 5.052711814641952515e-02
4.284352660179138184e-01 5.094284191727638245e-02
4.200265109539031982e-01 5.133232101798057556e-02
4.117895066738128662e-01 5.169904604554176331e-02
4.035861492156982422e-01 5.205016583204269409e-02
3.953865170478820801e-01 5.238645151257514954e-02
3.872096538543701172e-01 5.270571634173393250e-02
3.790811598300933838e-01 5.300642549991607666e-02
3.708881139755249023e-01 5.329208448529243469e-02
3.626161813735961914e-01 5.356188490986824036e-02
3.542031049728393555e-01 5.381644517183303833e-02
3.457150161266326904e-01 5.405193194746971130e-02
3.372905254364013672e-01 5.426649749279022217e-02
3.289265930652618408e-01 5.445892736315727234e-02
3.206872940063476562e-01 5.462870001792907715e-02
3.124190866947174072e-01 5.477288365364074707e-02
3.040852546691894531e-01 5.489050969481468201e-02
2.954521477222442627e-01 5.497972667217254639e-02
2.864366769790649414e-01 5.503857880830764771e-02
2.769809365272521973e-01 5.506418645381927490e-02
2.673130333423614502e-01 5.505642667412757874e-02
2.577482461929321289e-01 5.501236766576766968e-02
2.483382225036621094e-01 5.492724478244781494e-02
2.392209172248840332e-01 5.479696765542030334e-02
2.302299290895462036e-01 5.461797118186950684e-02
2.213958054780960083e-01 5.438790470361709595e-02
2.124975919723510742e-01 5.410154163837432861e-02
2.036190181970596313e-01 5.376686528325080872e-02
1.948314607143402100e-01 5.339032784104347229e-02
1.863560378551483154e-01 5.297761783003807068e-02
1.781485378742218018e-01 5.251517891883850098e-02
1.700811237096786499e-01 5.199429765343666077e-02
1.621099561452865601e-01 5.140925571322441101e-02
1.541467905044555664e-01 5.075975134968757629e-02
1.460912525653839111e-01 5.002712458372116089e-02
1.379205733537673950e-01 4.921230301260948181e-02
1.299052834510803223e-01 4.833883047103881836e-02
1.221880242228507996e-01 4.742297157645225525e-02
1.148008182644844055e-01 4.646565020084381104e-02
1.074806153774261475e-01 4.542020335793495178e-02
1.000616028904914856e-01 4.423402994871139526e-02
9.250016510486602783e-02 4.289523884654045105e-02
8.473111689090728760e-02 4.137356206774711609e-02
7.665297389030456543e-02 3.964425623416900635e-02
6.850990653038024902e-02 3.775263950228691101e-02
6.057564914226531982e-02 3.572892025113105774e-02
5.308073014020919800e-02 3.361952304840087891e-02
4.610016569495201111e-02 3.142524138092994690e-02
3.955142945051193237e-02 2.913043275475502014e-02
3.338906168937683105e-02 2.672572620213031769e-02
2.770654670894145966e-02 2.425407618284225464e-02
2.244117669761180878e-02 2.170368097722530365e-02
1.763430610299110413e-02 1.911093480885028839e-02
1.344129350036382675e-02 1.657974906265735626e-02
9.878960438072681427e-03 1.413529459387063980e-02
7.001089863479137421e-03 1.184171903878450394e-02
4.739458207041025162e-03 9.719848632812500000e-03
3.033696673810482025e-03 7.846940308809280396e-03
1.801069010980427265e-03 6.256480701267719269e-03
9.860785212367773056e-04 4.939659964293241501e-03
4.603342677000910044e-04 3.828013082966208458e-03
1.355853455606848001e-04 2.882552566006779671e-03
-2.131470137101132423e-05 2.067438792437314987e-03
-8.004007395356893539e-05 1.269443659111857414e-03
3.273157562944106758e-05 4.146620340179651976e-04
2.590361400507390499e-04 -5.266083753667771816e-04
6.552193663083016872e-04 -1.540583907626569271e-03
1.397882704623043537e-03 -2.631513634696602821e-03
2.619336126372218132e-03 -3.794386517256498337e-03
4.511934239417314529e-03 -4.991180263459682465e-03
7.244607899338006973e-03 -6.143441423773765564e-03
1.106330007314682007e-02 -7.207676768302917480e-03
1.601094752550125122e-02 -8.155645802617073059e-03
2.205783315002918243e-02 -8.958237245678901672e-03
2.872573956847190857e-02 -9.559569880366325378e-03
3.572522476315498352e-02 -9.961677715182304382e-03
4.287438839673995972e-02 -1.018910948187112808e-02
4.997291043400764465e-02 -1.026606839150190353e-02
5.715740099549293518e-02 -1.021180022507905960e-02
6.463964283466339111e-02 -1.004434656351804733e-02
7.259066402912139893e-02 -9.807711467146873474e-03
8.109182864427566528e-02 -9.518568404018878937e-03
9.011329710483551025e-02 -9.189462289214134216e-03
9.944882243871688843e-02 -8.812254294753074646e-03
1.089899763464927673e-01 -8.401520550251007080e-03
1.185133531689643860e-01 -7.974583655595779419e-03
1.279188841581344604e-01 -7.536577060818672180e-03
1.371846795082092285e-01 -7.095803041011095047e-03
1.462178826332092285e-01 -6.661825813353061676e-03
1.548495143651962280e-01 -6.246221717447042465e-03
1.631604433059692383e-01 -5.846980493515729904e-03
1.711438149213790894e-01 -5.466160830110311508e-03
1.790196597576141357e-01 -5.094083026051521301e-03
1.868816316127777100e-01 -4.727063700556755066e-03
1.948548853397369385e-01 -4.359745420515537262e-03
2.030389755964279175e-01 -3.988238051533699036e-03
2.113186120986938477e-01 -3.618370508775115013e-03
2.196647077798843384e-01 -3.252455964684486389e-03
2.280347496271133423e-01 -2.893572440370917320e-03
2.364529669284820557e-01 -2.540849149227142334e-03
2.448004484176635742e-01 -2.199660521000623703e-03
2.530775964260101318e-01 -1.869097468443214893e-03
2.612225711345672607e-01 -1.551838358864188194e-03
2.693129479885101318e-01 -1.245028572157025337e-03
2.772722840309143066e-01 -9.514379198662936687e-04
2.851404547691345215e-01 -6.706120911985635757e-04
2.929633557796478271e-01 -3.994304861407727003e-04
3.008849024772644043e-01 -1.332289975835010409e-04
3.088682591915130615e-01 1.272509834961965680e-04
3.169192373752593994e-01 3.815739764831960201e-04
3.250491619110107422e-01 6.294370978139340878e-04
3.334272503852844238e-01 8.745144587010145187e-04
3.421306312084197998e-01 1.118787215091288090e-03
3.511240780353546143e-01 1.360265188850462437e-03
3.604504764080047607e-01 1.599943730980157852e-03
3.698477745056152344e-01 1.831121160648763180e-03
3.792860507965087891e-01 2.053107600659132004e-03
3.884153664112091064e-01 2.258079824969172478e-03
3.971035480499267578e-01 2.444062614813446999e-03
4.053703844547271729e-01 2.611855743452906609e-03
4.133869111537933350e-01 2.766273682937026024e-03
4.212016761302947998e-01 2.909187925979495049e-03
4.290407598018646240e-01 3.044930053874850273e-03
4.370781481266021729e-01 3.177081700414419174e-03
4.453623294830322266e-01 3.305684542283415794e-03
4.539996087551116943e-01 3.432715078815817833e-03
4.627228081226348877e-01 3.553768852725625038e-03
4.714119136333465576e-01 3.667521988973021507e-03
4.800684452056884766e-01 3.773960517719388008e-03
4.885851442813873291e-01 3.872070461511611938e-03
4.968957006931304932e-01 3.961043898016214371e-03
5.051348209381103516e-01 4.042940214276313782e-03
5.134181380271911621e-01 4.118938464671373367e-03
5.218483805656433105e-01 4.190455190837383270e-03
5.303972959518432617e-01 4.257742781192064285e-03
5.388151407241821289e-01 4.319150466471910477e-03
5.470798015594482422e-01 4.374688491225242615e-03
5.551179647445678711e-01 4.424616694450378418e-03
5.628520250320434570e-01 4.468403756618499756e-03
5.703397989273071289e-01 4.506636410951614380e-03
5.777764320373535156e-01 4.540544934570789337e-03
5.853638648986816406e-01 4.571324680000543594e-03
5.931516885757446289e-01 4.599535837769508362e-03
6.010625362396240234e-01 4.625062458217144012e-03
6.090224385261535645e-01 4.647344816476106644e-03
6.171307563781738281e-01 4.666557535529136658e-03
6.252524852752685547e-01 4.682184197008609772e-03
6.334331035614013672e-01 4.694098606705665588e-03
6.417483091354370117e-01 4.702194128185510635e-03
6.503024697303771973e-01 4.706573206931352615e-03
6.590800881385803223e-01 4.707250744104385376e-03
6.679213643074035645e-01 4.704098682850599289e-03
6.766904592514038086e-01 4.697024356573820114e-03
6.853975653648376465e-01 4.685807041823863983e-03
6.940491795539855957e-01 4.670374561101198196e-03
7.025539875030517578e-01 4.650574177503585815e-03
7.109466791152954102e-01 4.626695998013019562e-03
7.193812727928161621e-01 4.597871564328670502e-03
7.278756499290466309e-01 4.564162809401750565e-03
7.363654375076293945e-01 4.525887779891490936e-03
7.448344826698303223e-01 4.482546355575323105e-03
7.533912062644958496e-01 4.432502668350934982e-03
7.621904015541076660e-01 4.374054726213216782e-03
7.713015675544738770e-01 4.305539187043905258e-03
7.807542085647583008e-01 4.225199110805988312e-03
7.904952168464660645e-01 4.132584668695926666e-03
8.005573749542236328e-01 4.026516806334257126e-03
8.107130527496337891e-01 3.907688427716493607e-03
8.206819295883178711e-01 3.778939135372638702e-03
8.303209543228149414e-01 3.642232157289981842e-03
8.396934270858764648e-01 3.495899261906743050e-03
8.488503694534301758e-01 3.338928334414958954e-03
8.579324483871459961e-01 3.168385708704590797e-03
8.671528100967407227e-01 2.979781944304704666e-03
8.765678405761718750e-01 2.772441133856773376e-03
8.863192200660705566e-01 2.544430317357182503e-03
8.962755203247070312e-01 2.299489453434944153e-03
9.061604142189025879e-01 2.046483336016535759e-03
9.157724380493164062e-01 1.794089446775615215e-03
9.252099990844726562e-01 1.543201622553169727e-03
9.346119165420532227e-01 1.295636058785021305e-03
9.431503415107727051e-01 1.074136584065854549e-03
9.510422945022583008e-01 8.756999159231781960e-04
9.584544897079467773e-01 6.964735803194344044e-04
9.656528830528259277e-01 5.281863268464803696e-04
9.690710902214050293e-01 4.495371831580996513e-04
9.759857654571533203e-01 2.881521359086036682e-04
9.832468032836914062e-01 1.118865402531810105e-04
9.911445379257202148e-01 -9.057751594809815288e-05
9.999691247940063477e-01 -3.305578720755875111e-04
