1.000069618225097656e+00 4.916285397484898567e-04
9.892676472663879395e-01 2.063823165372014046e-03
9.788895249366760254e-01 3.490653820335865021e-03
9.689929485321044922e-01 4.773635417222976685e-03
9.596354365348815918e-01 5.914283450692892075e-03
9.470319151878356934e-01 7.329306565225124359e-03
9.394900202751159668e-01 8.100645616650581360e-03
9.323719739913940430e-01 8.772572502493858337e-03
9.253637790679931641e-01 9.378963150084018707e-03
9.182721972465515137e-01 9.941192343831062317e-03
9.099301695823669434e-01 1.058858539909124374e-02
9.011267423629760742e-01 1.123679708689451218e-02
8.918349742889404297e-01 1.189215667545795441e-02
8.824436664581298828e-01 1.252584531903266907e-02
8.730270862579345703e-01 1.313802413642406464e-02
8.638952970504760742e-01 1.371596939861774445e-02
8.550482392311096191e-01 1.426436565816402435e-02
8.463531732559204102e-01 1.479625143110752106e-02
8.376865983009338379e-01 1.532192341983318329e-02
8.289484381675720215e-01 1.585098914802074432e-02
8.202021121978759766e-01 1.637962460517883301e-02
8.114061355590820312e-01 1.691284961998462677e-02
8.027892112731933594e-01 1.743737794458866119e-02
7.943668365478515625e-01 1.795276999473571777e-02
7.863691449165344238e-01 1.844511367380619049e-02
7.786008119583129883e-01 1.892707683145999908e-02
7.710642218589782715e-01 1.939848996698856354e-02
7.635291218757629395e-01 1.987389661371707916e-02
7.557846307754516602e-01 2.036752551794052124e-02
7.476006150245666504e-01 2.089501544833183289e-02
7.389943599700927734e-01 2.145576104521751404e-02
7.300569415092468262e-01 2.204444259405136108e-02
7.208901047706604004e-01 2.265453152358531952e-02
7.116254568099975586e-01 2.327808737754821777e-02
7.023761272430419922e-01 2.390730939805507660e-02
6.935107707977294922e-01 2.451697923243045807e-02
6.850096583366394043e-01 2.510764636099338531e-02
6.767100691795349121e-01 2.569027431309223175e-02
6.684676408767700195e-01 2.627426385879516602e-02
6.602371335029602051e-01 2.686253003776073456e-02
6.519526243209838867e-01 2.745905704796314240e-02
6.435669064521789551e-01 2.806675806641578674e-02
6.350272893905639648e-01 2.868879772722721100e-02
6.265343427658081055e-01 2.931028045713901520e-02
6.182137727737426758e-01 2.992177754640579224e-02
6.099701523780822754e-01 3.052951209247112274e-02
6.016832590103149414e-01 3.114137798547744751e-02
5.933010578155517578e-01 3.176062926650047302e-02
5.846948623657226562e-01 3.239611536264419556e-02
5.758389234542846680e-01 3.304873406887054443e-02
5.667362809181213379e-01 3.371706232428550720e-02
5.575397610664367676e-01 3.438894450664520264e-02
5.485343337059020996e-01 3.504285961389541626e-02
5.397061109542846680e-01 3.567937016487121582e-02
5.310774445533752441e-01 3.629620745778083801e-02
5.225495696067810059e-01 3.689860552549362183e-02
5.139831900596618652e-01 3.749455884099006653e-02
5.051968097686767578e-01 3.809573128819465637e-02
4.960816800594329834e-01 3.870796784758567810e-02
4.866451919078826904e-01 3.932990878820419312e-02
4.770662188529968262e-01 3.994831442832946777e-02
4.675629138946533203e-01 4.054762050509452820e-02
4.582581520080566406e-01 4.111976921558380127e-02
4.492398202419281006e-01 4.165768250823020935e-02
4.403801262378692627e-01 4.216784611344337463e-02
4.315344989299774170e-01 4.265647009015083313e-02
4.227560162544250488e-01 4.312277212738990784e-02
4.139979481697082520e-01 4.357006400823593140e-02
4.054271280765533447e-01 4.399219155311584473e-02
3.971127271652221680e-01 4.438499361276626587e-02
3.891649246215820312e-01 4.474404826760292053e-02
3.814879357814788818e-01 4.507068544626235962e-02
3.738628625869750977e-01 4.537317901849746704e-02
3.660022914409637451e-01 4.566266387701034546e-02
3.577044010162353516e-01 4.594602435827255249e-02
3.491813838481903076e-01 4.621588438749313354e-02
3.404510617256164551e-01 4.647033661603927612e-02
3.317749500274658203e-01 4.669873043894767761e-02
3.231957256793975830e-01 4.689723625779151917e-02
3.148960769176483154e-01 4.706026613712310791e-02
3.067368566989898682e-01 4.718986898660659790e-02
2.987810671329498291e-01 4.728937521576881409e-02
2.910462617874145508e-01 4.736339673399925232e-02
2.835700511932373047e-01 4.741461947560310364e-02
2.764240503311157227e-01 4.743929952383041382e-02
2.694548666477203369e-01 4.743905737996101379e-02
2.625616788864135742e-01 4.741147533059120178e-02
2.555253803730010986e-01 4.735610634088516235e-02
2.482100278139114380e-01 4.726786538958549500e-02
2.404886335134506226e-01 4.714707285165786743e-02
2.325477153062820435e-01 4.699163511395454407e-02
2.244883775711059570e-01 4.679847881197929382e-02
2.163861989974975586e-01 4.656296595931053162e-02
2.083330303430557251e-01 4.628729447722434998e-02
2.004614025354385376e-01 4.597781598567962646e-02
1.928211897611618042e-01 4.563744366168975830e-02
1.853943169116973877e-01 4.526623710989952087e-02
1.781198233366012573e-01 4.486259073019027710e-02
1.710327565670013428e-01 4.442943632602691650e-02
1.640543937683105469e-01 4.395833984017372131e-02
1.569622308015823364e-01 4.342854022979736328e-02
1.496564894914627075e-01 4.283517599105834961e-02
1.421504914760589600e-01 4.217354580760002136e-02
1.344689577817916870e-01 4.143779724836349487e-02
1.265409886837005615e-01 4.060769826173782349e-02
1.183267682790756226e-01 3.966352716088294983e-02
1.098448857665061951e-01 3.858760744333267212e-02
1.012447029352188110e-01 3.739127889275550842e-02
9.252750128507614136e-02 3.606419637799263000e-02
8.365932852029800415e-02 3.457526117563247681e-02
7.495999336242675781e-02 3.299078345298767090e-02
6.647535413503646851e-02 3.126469254493713379e-02
5.837718397378921509e-02 2.948321402072906494e-02
5.059355497360229492e-02 2.761664055287837982e-02
4.302907735109329224e-02 2.559470199048519135e-02
3.562194854021072388e-02 2.332361228764057159e-02
2.848211675882339478e-02 2.075797133147716522e-02
2.164974063634872437e-02 1.784524507820606232e-02
1.527527999132871628e-02 1.461143512278795242e-02
9.838188067078590393e-03 1.126420218497514725e-02
5.435721483081579208e-03 7.930048741400241852e-03
2.459363313391804695e-03 5.015338771045207977e-03
7.726462208665907383e-04 2.655279822647571564e-03
1.219766709255054593e-04 9.076194837689399719e-04
1.624885771889239550e-04 -2.707756648305803537e-04
5.953161744400858879e-04 -9.948197985067963600e-04
1.120791886933147907e-03 -1.454610493965446949e-03
1.605914090760052204e-03 -1.818633871152997017e-03
2.079093595966696739e-03 -2.189960097894072533e-03
2.546367701143026352e-03 -2.660999074578285217e-03
3.181038191542029381e-03 -3.161073196679353714e-03
3.798692487180233002e-03 -3.694278653711080551e-03
4.411209840327501297e-03 -4.252762533724308014e-03
5.194739438593387604e-03 -4.848241340368986130e-03
6.413564085960388184e-03 -5.514950957149267197e-03
8.347040973603725433e-03 -6.295024883002042770e-03
1.144511438906192780e-02 -7.227583322674036026e-03
1.578659936785697937e-02 -8.309173397719860077e-03
2.147148922085762024e-02 -9.505458176136016846e-03
2.832046709954738617e-02 -1.072005741298198700e-02
3.587057814002037048e-02 -1.181983109563589096e-02
4.386570304632186890e-02 -1.275142934173345566e-02
5.237593874335289001e-02 -1.349345035851001740e-02
6.146736443042755127e-02 -1.405008509755134583e-02
7.111489027738571167e-02 -1.444864738732576370e-02
8.140590786933898926e-02 -1.473663654178380966e-02
9.182716161012649536e-02 -1.493451371788978577e-02
1.022218987345695496e-01 -1.506510283797979355e-02
1.123223230242729187e-01 -1.511973235756158829e-02
1.218158602714538574e-01 -1.509256847202777863e-02
1.306550204753875732e-01 -1.500462461262941360e-02
1.392202675342559814e-01 -1.486869342625141144e-02
1.478392034769058228e-01 -1.468750461935997009e-02
1.565871238708496094e-01 -1.446932367980480194e-02
1.654989868402481079e-01 -1.422230806201696396e-02
1.742635816335678101e-01 -1.394931785762310028e-02
1.828391999006271362e-01 -1.365965977311134338e-02
1.910740137100219727e-01 -1.336027029901742935e-02
1.988018304109573364e-01 -1.305823028087615967e-02
2.058700174093246460e-01 -1.276401150971651077e-02
2.124768197536468506e-01 -1.247633062303066254e-02
2.188458889722824097e-01 -1.218845602124929428e-02
2.250809669494628906e-01 -1.189627405256032944e-02
2.314842790365219116e-01 -1.158521231263875961e-02
2.381952553987503052e-01 -1.124829612672328949e-02
2.454009354114532471e-01 -1.087595149874687195e-02
2.530437409877777100e-01 -1.047145668417215347e-02
2.609193623065948486e-01 -1.004574541002511978e-02
2.685283720493316650e-01 -9.627029299736022949e-03
2.758842706680297852e-01 -9.214138612151145935e-03
2.829484343528747559e-01 -8.809722959995269775e-03
2.898022830486297607e-01 -8.409095928072929382e-03
2.967386543750762939e-01 -7.996204309165477753e-03
3.039164245128631592e-01 -7.562302984297275543e-03
3.114822506904602051e-01 -7.100031245499849319e-03
3.193909227848052979e-01 -6.612394470721483231e-03
3.275140523910522461e-01 -6.107330787926912308e-03
3.356838226318359375e-01 -5.594016984105110168e-03
3.440145552158355713e-01 -5.066338926553726196e-03
3.524558842182159424e-01 -4.527547862380743027e-03
3.610208630561828613e-01 -3.977693151682615280e-03
3.695901632308959961e-01 -3.425598610192537308e-03
3.780540525913238525e-01 -2.879031701013445854e-03
3.863366544246673584e-01 -2.343536587432026863e-03
3.944814503192901611e-01 -1.816890318877995014e-03
4.025855064392089844e-01 -1.293418230488896370e-03
4.106669127941131592e-01 -7.725844043307006359e-04
4.187551736831665039e-01 -2.530258789192885160e-04
4.269322752952575684e-01 2.699313336052000523e-04
4.352008700370788574e-01 7.957671186886727810e-04
4.433916509151458740e-01 1.312961219809949398e-03
4.514425098896026611e-01 1.817297423258423805e-03
4.593761563301086426e-01 2.309693023562431335e-03
4.672966599464416504e-01 2.796446206048130989e-03
4.752566218376159668e-01 3.280352801084518433e-03
4.832052886486053467e-01 3.757271217182278633e-03
4.911957085132598877e-01 4.229670390486717224e-03
4.993619620800018311e-01 4.704617429524660110e-03
5.077436566352844238e-01 5.183563102036714554e-03
5.162835717201232910e-01 5.662221461534500122e-03
5.248960256576538086e-01 6.135088391602039337e-03
5.335541367530822754e-01 6.600031629204750061e-03
5.421823263168334961e-01 7.052441127598285675e-03
5.508049130439758301e-01 7.491616997867822647e-03
5.594265460968017578e-01 7.916645146906375885e-03
5.680643320083618164e-01 8.327903226017951965e-03
5.767738819122314453e-01 8.727734908461570740e-03
5.855005383491516113e-01 9.113612584769725800e-03
5.940830111503601074e-01 9.479653090238571167e-03
6.024731397628784180e-01 9.822364896535873413e-03
6.106193065643310547e-01 1.013988349586725235e-02
6.185348033905029297e-01 1.043201424181461334e-02
6.264001131057739258e-01 1.070537697523832321e-02
6.342353224754333496e-01 1.096170023083686829e-02
6.421233415603637695e-01 1.120344456285238266e-02
6.501654982566833496e-01 1.143279485404491425e-02
6.582585573196411133e-01 1.164675224572420120e-02
6.662416458129882812e-01 1.184086129069328308e-02
6.742553114891052246e-01 1.201659254729747772e-02
6.822411417961120605e-01 1.217166241258382797e-02
6.902738213539123535e-01 1.230672933161258698e-02
6.983606815338134766e-01 1.242335699498653412e-02
7.064730525016784668e-01 1.251924410462379456e-02
7.147433757781982422e-01 1.259466446936130524e-02
7.232440710067749023e-01 1.264880411326885223e-02
7.318449020385742188e-01 1.267892308533191681e-02
7.405396699905395508e-01 1.268240530043840408e-02
7.494912743568420410e-01 1.265866030007600784e-02
7.585329413414001465e-01 1.260809693485498428e-02
7.676126956939697266e-01 1.253150496631860733e-02
7.766508460044860840e-01 1.242678891867399216e-02
7.857925295829772949e-01 1.228805538266897202e-02
7.951315641403198242e-01 1.211346127092838287e-02
8.046918511390686035e-01 1.190085615962743759e-02
8.143971562385559082e-01 1.165058277547359467e-02
8.242878913879394531e-01 1.136191561818122864e-02
8.343174457550048828e-01 1.103646028786897659e-02
8.441686630249023438e-01 1.068409532308578491e-02
8.538094758987426758e-01 1.030318997800350189e-02
8.632965683937072754e-01 9.889870882034301758e-03
8.727844953536987305e-01 9.438896551728248596e-03
8.823364973068237305e-01 8.944176137447357178e-03
8.920086622238159180e-01 8.401432074606418610e-03
9.017097353935241699e-01 7.817167788743972778e-03
9.113130569458007812e-01 7.203676737844944000e-03
9.207230806350708008e-01 6.564223673194646835e-03
9.301631450653076172e-01 5.873394664376974106e-03
9.388001561164855957e-01 5.211262963712215424e-03
9.468657374382019043e-01 4.563765600323677063e-03
9.546024799346923828e-01 3.912772983312606812e-03
9.622542858123779297e-01 3.235798096284270287e-03
9.659789204597473145e-01 2.893452299758791924e-03
9.735188484191894531e-01 2.169184386730194092e-03
9.813510179519653320e-01 1.373269362375140190e-03
9.896813035011291504e-01 4.830527177546173334e-04
9.987155199050903320e-01 -5.241198232397437096e-04
