9.997267127037048340e-01 1.452572469133883715e-04
9.921340942382812500e-01 1.963112037628889084e-03
9.832917451858520508e-01 3.812531474977731705e-03
9.735708832740783691e-01 5.645776633173227310e-03
9.633426666259765625e-01 7.415108848363161087e-03
9.482319951057434082e-01 9.785282425582408905e-03
9.386109113693237305e-01 1.114258076995611191e-02
9.294970631599426270e-01 1.232006028294563293e-02
9.208768606185913086e-01 1.333170849829912186e-02
9.128438830375671387e-01 1.418348588049411774e-02
9.041080474853515625e-01 1.508645247668027878e-02
8.951675891876220703e-01 1.596208661794662476e-02
8.858525753021240234e-01 1.684462279081344604e-02
8.764741420745849609e-01 1.770917698740959167e-02
8.670528531074523926e-01 1.855242066085338593e-02
8.576478958129882812e-01 1.937441900372505188e-02
8.482996821403503418e-01 2.017168700695037842e-02
8.388614654541015625e-01 2.095976471900939941e-02
8.293311595916748047e-01 2.173848450183868408e-02
8.195655941963195801e-01 2.252348698675632477e-02
8.095597028732299805e-01 2.331482805311679840e-02
7.994250059127807617e-01 2.410542033612728119e-02
7.895628809928894043e-01 2.486402355134487152e-02
7.799865007400512695e-01 2.559159323573112488e-02
7.708541750907897949e-01 2.627643942832946777e-02
7.621404528617858887e-01 2.692133374512195587e-02
7.538231015205383301e-01 2.752954699099063873e-02
7.457439899444580078e-01 2.811315469443798065e-02
7.376925349235534668e-01 2.868798188865184784e-02
7.294650077819824219e-01 2.926884777843952179e-02
7.210963368415832520e-01 2.985321916639804840e-02
7.127476930618286133e-01 3.042981773614883423e-02
7.043893933296203613e-01 3.100084140896797180e-02
6.960147619247436523e-01 3.156577795743942261e-02
6.875924468040466309e-01 3.212618082761764526e-02
6.792523860931396484e-01 3.267340734601020813e-02
6.709297299385070801e-01 3.321181982755661011e-02
6.625850796699523926e-01 3.374423831701278687e-02
6.541716456413269043e-01 3.427352011203765869e-02
6.458504199981689453e-01 3.478949144482612610e-02
6.376941204071044922e-01 3.528705984354019165e-02
6.295824646949768066e-01 3.577321395277976990e-02
6.214036941528320312e-01 3.625464811921119690e-02
6.131446361541748047e-01 3.673204407095909119e-02
6.049162745475769043e-01 3.719869628548622131e-02
5.966714620590209961e-01 3.765736520290374756e-02
5.884708762168884277e-01 3.810480982065200806e-02
5.803686976432800293e-01 3.853832557797431946e-02
5.725134611129760742e-01 3.894978016614913940e-02
5.647877454757690430e-01 3.934489563107490540e-02
5.570261478424072266e-01 3.973212093114852905e-02
5.491058230400085449e-01 4.011708498001098633e-02
5.409242510795593262e-01 4.050359129905700684e-02
5.324394702911376953e-01 4.089255258440971375e-02
5.236119031906127930e-01 4.128529131412506104e-02
5.145027041435241699e-01 4.167713224887847900e-02
5.052968263626098633e-01 4.205942898988723755e-02
4.962283968925476074e-01 4.242224618792533875e-02
4.873504638671875000e-01 4.276392981410026550e-02
4.787720739841461182e-01 4.308088868856430054e-02
4.704941809177398682e-01 4.337335750460624695e-02
4.624770879745483398e-01 4.364412277936935425e-02
4.545513987541198730e-01 4.389827698469161987e-02
4.465387761592864990e-01 4.414141923189163208e-02
4.382251501083374023e-01 4.437925294041633606e-02
4.295516312122344971e-01 4.461112990975379944e-02
4.206236004829406738e-01 4.483396559953689575e-02
4.114912450313568115e-01 4.504551365971565247e-02
4.024251103401184082e-01 4.523981735110282898e-02
3.935789167881011963e-01 4.541317746043205261e-02
3.851669728755950928e-01 4.556211456656455994e-02
3.770611584186553955e-01 4.568818956613540649e-02
3.691946268081665039e-01 4.579293727874755859e-02
3.614253103733062744e-01 4.588002339005470276e-02
3.536407947540283203e-01 4.595164209604263306e-02
3.459763824939727783e-01 4.600914940237998962e-02
3.382967412471771240e-01 4.605271667242050171e-02
3.306881189346313477e-01 4.608003795146942139e-02
3.230327367782592773e-01 4.608891904354095459e-02
3.153685629367828369e-01 4.607800021767616272e-02
3.075098395347595215e-01 4.604744538664817810e-02
2.996024191379547119e-01 4.600037261843681335e-02
2.916692793369293213e-01 4.593603685498237610e-02
2.837669849395751953e-01 4.585337638854980469e-02
2.760148346424102783e-01 4.574891179800033569e-02
2.683042883872985840e-01 4.562400281429290771e-02
2.605661749839782715e-01 4.547569900751113892e-02
2.524829804897308350e-01 4.529387876391410828e-02
2.439024299383163452e-01 4.506708681583404541e-02
2.347513884305953979e-01 4.478953033685684204e-02
2.252754122018814087e-01 4.446267709136009216e-02
2.154555022716522217e-01 4.407885298132896423e-02
2.055262923240661621e-01 4.364435374736785889e-02
1.958212852478027344e-01 4.317528754472732544e-02
1.867424398660659790e-01 4.269405826926231384e-02
1.783517897129058838e-01 4.220374301075935364e-02
1.705656349658966064e-01 4.170753061771392822e-02
1.631898134946823120e-01 4.119279608130455017e-02
1.561126857995986938e-01 4.065442457795143127e-02
1.490907520055770874e-01 4.006898403167724609e-02
1.418427377939224243e-01 3.942155092954635620e-02
1.343390345573425293e-01 3.870021551847457886e-02
1.268886327743530273e-01 3.794441372156143188e-02
1.195914298295974731e-01 3.715087845921516418e-02
1.124110519886016846e-01 3.631339594721794128e-02
1.053548753261566162e-01 3.541537001729011536e-02
9.838081151247024536e-02 3.445742279291152954e-02
9.145176410675048828e-02 3.342471271753311157e-02
8.443161100149154663e-02 3.231784328818321228e-02
7.716841250658035278e-02 3.106916137039661407e-02
6.962602585554122925e-02 2.967266552150249481e-02
6.202996149659156799e-02 2.811171859502792358e-02
5.419253557920455933e-02 2.630606293678283691e-02
4.617397114634513855e-02 2.423442341387271881e-02
3.805186599493026733e-02 2.187661081552505493e-02
3.021343797445297241e-02 1.931130886077880859e-02
2.295389585196971893e-02 1.661801710724830627e-02
1.665023900568485260e-02 1.394127588719129562e-02
1.133644208312034607e-02 1.130137685686349869e-02
7.246875204145908356e-03 8.871126919984817505e-03
4.331456962972879410e-03 6.649504881352186203e-03
2.357846824452280998e-03 4.668804351240396500e-03
1.135425525717437267e-03 2.982541918754577637e-03
3.927910584025084972e-04 1.606703735888004303e-03
3.882613964378833771e-05 5.424839328043162823e-04
-7.577042561024427414e-05 -2.511812199372798204e-04
6.675507393083535135e-06 -8.357649203389883041e-04
1.578857772983610630e-04 -1.337291090749204159e-03
4.362945619504898787e-04 -1.789536443538963795e-03
7.546269334852695465e-04 -2.301150932908058167e-03
1.073814928531646729e-03 -2.846472896635532379e-03
1.363704563118517399e-03 -3.395461943000555038e-03
1.680715242400765419e-03 -3.936314024031162262e-03
2.166945720091462135e-03 -4.505929537117481232e-03
3.051200183108448982e-03 -5.153081379830837250e-03
4.547394346445798874e-03 -5.929403938353061676e-03
6.649542134255170822e-03 -6.859807763248682022e-03
9.435957297682762146e-03 -7.930238731205463409e-03
1.297580450773239136e-02 -9.093194268643856049e-03
1.723537966609001160e-02 -1.024057622998952866e-02
2.234623022377490997e-02 -1.130987890064716339e-02
2.845732681453227997e-02 -1.227713562548160553e-02
3.575063869357109070e-02 -1.314971875399351120e-02
4.426631703972816467e-02 -1.394410617649555206e-02
5.375126004219055176e-02 -1.465875562280416489e-02
6.343663483858108521e-02 -1.527303550392389297e-02
7.296216487884521484e-02 -1.578354649245738983e-02
8.194751292467117310e-02 -1.618350856006145477e-02
9.033051878213882446e-02 -1.646428182721138000e-02
9.809545427560806274e-02 -1.665548048913478851e-02
1.054544895887374878e-01 -1.678885333240032196e-02
1.129153147339820862e-01 -1.689143292605876923e-02
1.208121255040168762e-01 -1.697836816310882568e-02
1.291500478982925415e-01 -1.704789511859416962e-02
1.377526372671127319e-01 -1.708754152059555054e-02
1.464592516422271729e-01 -1.710565946996212006e-02
1.551257967948913574e-01 -1.710082590579986572e-02
1.637748628854751587e-01 -1.707457751035690308e-02
1.721549928188323975e-01 -1.702719926834106445e-02
1.803772449493408203e-01 -1.695940457284450531e-02
1.888846755027770996e-01 -1.686823554337024689e-02
1.976491212844848633e-01 -1.675748452544212341e-02
2.066155821084976196e-01 -1.662872545421123505e-02
2.159681171178817749e-01 -1.647717319428920746e-02
2.255285531282424927e-01 -1.630421541631221771e-02
2.352863550186157227e-01 -1.611059159040451050e-02
2.452236413955688477e-01 -1.589598320424556732e-02
2.550190389156341553e-01 -1.566804200410842896e-02
2.645617127418518066e-01 -1.543285418301820755e-02
2.741022408008575439e-01 -1.518499292433261871e-02
2.833630740642547607e-01 -1.493118330836296082e-02
2.926137149333953857e-01 -1.466265227645635605e-02
3.022849857807159424e-01 -1.436719018965959549e-02
3.123214840888977051e-01 -1.404619216918945312e-02
3.223973810672760010e-01 -1.371394935995340347e-02
3.323134779930114746e-01 -1.337844040244817734e-02
3.414946496486663818e-01 -1.306044403463602066e-02
3.498580753803253174e-01 -1.276240590959787369e-02
3.576725721359252930e-01 -1.247545704245567322e-02
3.649360835552215576e-01 -1.219946984201669693e-02
3.721458911895751953e-01 -1.191873848438262939e-02
3.797443509101867676e-01 -1.161780674010515213e-02
3.876976966857910156e-01 -1.129839476197957993e-02
3.957750201225280762e-01 -1.096868887543678284e-02
4.039262831211090088e-01 -1.063089631497859955e-02
4.119699597358703613e-01 -1.029090117663145065e-02
4.200130403041839600e-01 -9.944958612322807312e-03
4.281437695026397705e-01 -9.589540772140026093e-03
4.361110031604766846e-01 -9.236318059265613556e-03
4.439809620380401611e-01 -8.883063681423664093e-03
4.518980681896209717e-01 -8.523435331881046295e-03
4.598048031330108643e-01 -8.159562014043331146e-03
4.676857888698577881e-01 -7.792348507791757584e-03
4.756363034248352051e-01 -7.417568936944007874e-03
4.838054180145263672e-01 -7.028442807495594025e-03
4.922886788845062256e-01 -6.620488595217466354e-03
5.010906457901000977e-01 -6.193554960191249847e-03
5.100646018981933594e-01 -5.754081998020410538e-03
5.191479921340942383e-01 -5.305824801325798035e-03
5.283797979354858398e-01 -4.847129341214895248e-03
5.375400781631469727e-01 -4.389274399727582932e-03
5.464575886726379395e-01 -3.941196948289871216e-03
5.551123023033142090e-01 -3.504433669149875641e-03
5.635851621627807617e-01 -3.075463930144906044e-03
5.719665288925170898e-01 -2.650252310559153557e-03
5.803471803665161133e-01 -2.224723109975457191e-03
5.888372659683227539e-01 -1.793679432012140751e-03
5.974481105804443359e-01 -1.357155852019786835e-03
6.061945557594299316e-01 -9.147794335149228573e-04
6.148912310600280762e-01 -4.764768818859010935e-04
6.235148310661315918e-01 -4.417861782712861896e-05
6.321430802345275879e-01 3.849390195682644844e-04
6.408303380012512207e-01 8.129446068778634071e-04
6.495871543884277344e-01 1.239588716998696327e-03
6.584013700485229492e-01 1.663698465563356876e-03
6.672176718711853027e-01 2.081969985738396645e-03
6.759275197982788086e-01 2.489110222086310387e-03
6.843408346176147461e-01 2.875849604606628418e-03
6.924726366996765137e-01 3.241530153900384903e-03
7.004502415657043457e-01 3.591115586459636688e-03
7.084407210350036621e-01 3.931421320885419846e-03
7.164947390556335449e-01 4.264199640601873398e-03
7.247153520584106445e-01 4.592517390847206116e-03
7.330786585807800293e-01 4.915085155516862869e-03
7.415504455566406250e-01 5.228943657130002975e-03
7.499602437019348145e-01 5.527195520699024200e-03
7.582597732543945312e-01 5.805517546832561493e-03
7.665469050407409668e-01 6.066471338272094727e-03
7.747989296913146973e-01 6.309594959020614624e-03
7.830195426940917969e-01 6.534992717206478119e-03
7.912619113922119141e-01 6.741645745933055878e-03
7.996706962585449219e-01 6.930785719305276871e-03
8.081390261650085449e-01 7.100083865225315094e-03
8.166794776916503906e-01 7.248668000102043152e-03
8.251919150352478027e-01 7.372742984443902969e-03
8.337846398353576660e-01 7.472077384591102600e-03
8.423822522163391113e-01 7.545731961727142334e-03
8.508294224739074707e-01 7.591419387608766556e-03
8.591276407241821289e-01 7.607026956975460052e-03
8.673797249794006348e-01 7.592660840600728989e-03
8.756858110427856445e-01 7.544966880232095718e-03
8.839349746704101562e-01 7.459728512912988663e-03
8.922023773193359375e-01 7.332667708396911621e-03
9.004980921745300293e-01 7.159116677939891815e-03
9.088236093521118164e-01 6.941158790141344070e-03
9.170995354652404785e-01 6.669631227850914001e-03
9.257007241249084473e-01 6.307792384177446365e-03
9.337585568428039551e-01 5.923300515860319138e-03
9.415011405944824219e-01 5.502476356923580170e-03
9.491689801216125488e-01 5.022635683417320251e-03
9.569440484046936035e-01 4.456128459423780441e-03
9.608227014541625977e-01 4.140577279031276703e-03
9.689936637878417969e-01 3.395711770281195641e-03
9.779818058013916016e-01 2.464153803884983063e-03
9.881060123443603516e-01 1.303895027376711369e-03
9.996852874755859375e-01 -1.270731881959363818e-04
