9.999204874038696289e-01 1.817684096749871969e-04
9.904763698577880859e-01 2.017011633142828941e-03
9.807481169700622559e-01 3.742935601621866226e-03
9.709471464157104492e-01 5.343585275113582611e-03
9.612849354743957520e-01 6.803005468100309372e-03
9.478513002395629883e-01 8.646506816148757935e-03
9.396950006484985352e-01 9.653319604694843292e-03
9.321262240409851074e-01 1.050882041454315186e-02
9.249782562255859375e-01 1.124079432338476181e-02
9.181264638900756836e-01 1.187284383922815323e-02
9.103975892066955566e-01 1.257224474102258682e-02
9.023641347885131836e-01 1.325887162238359451e-02
8.938332200050354004e-01 1.395686250180006027e-02
8.850532770156860352e-01 1.464586891233921051e-02
8.760601878166198730e-01 1.532698888331651688e-02
8.670699000358581543e-01 1.599204912781715393e-02
8.581673502922058105e-01 1.663676649332046509e-02
8.491861224174499512e-01 1.727560535073280334e-02
8.400520682334899902e-01 1.791587844491004944e-02
8.307857513427734375e-01 1.855938695371150970e-02
8.214060664176940918e-01 1.920592971146106720e-02
8.118273615837097168e-01 1.986390352249145508e-02
8.023729324340820312e-01 2.051166631281375885e-02
7.931720614433288574e-01 2.114119194447994232e-02
7.845502495765686035e-01 2.173031307756900787e-02
7.764112949371337891e-01 2.228627167642116547e-02
7.687157392501831055e-01 2.281242050230503082e-02
7.612568736076354980e-01 2.332297153770923615e-02
7.538606524467468262e-01 2.382994443178176880e-02
7.461754679679870605e-01 2.435760945081710815e-02
7.381144165992736816e-01 2.491198293864727020e-02
7.297267317771911621e-01 2.548969909548759460e-02
7.210760116577148438e-01 2.608638443052768707e-02
7.121975421905517578e-01 2.669960260391235352e-02
7.030706405639648438e-01 2.733062952756881714e-02
6.939760446548461914e-01 2.795992419123649597e-02
6.849082112312316895e-01 2.858757413923740387e-02
6.758753657341003418e-01 2.921270020306110382e-02
6.668541431427001953e-01 2.983662858605384827e-02
6.580346226692199707e-01 3.044580109417438507e-02
6.493961215019226074e-01 3.104119189083576202e-02
6.409570574760437012e-01 3.162119165062904358e-02
6.325309872627258301e-01 3.219828754663467407e-02
6.240802407264709473e-01 3.277475759387016296e-02
6.156470775604248047e-01 3.334711492061614990e-02
6.070836782455444336e-01 3.392466530203819275e-02
5.983776450157165527e-01 3.450791910290718079e-02
5.895550847053527832e-01 3.509438037872314453e-02
5.806410312652587891e-01 3.568147867918014526e-02
5.716114044189453125e-01 3.627015650272369385e-02
5.625406503677368164e-01 3.685480356216430664e-02
5.534838438034057617e-01 3.743182495236396790e-02
5.445206761360168457e-01 3.799548000097274780e-02
5.356352329254150391e-01 3.854618594050407410e-02
5.267556309700012207e-01 3.908800706267356873e-02
5.178708434104919434e-01 3.962026163935661316e-02
5.088124275207519531e-01 4.015134647488594055e-02
4.995127022266387939e-01 4.068490117788314819e-02
4.899649322032928467e-01 4.122036695480346680e-02
4.803328216075897217e-01 4.174873232841491699e-02
4.707669615745544434e-01 4.226063191890716553e-02
4.613426625728607178e-01 4.275118187069892883e-02
4.520837366580963135e-01 4.321821406483650208e-02
4.429966509342193604e-01 4.366094246506690979e-02
4.339498579502105713e-01 4.408470541238784790e-02
4.247513711452484131e-01 4.449822381138801575e-02
4.155089855194091797e-01 4.489742964506149292e-02
4.063063263893127441e-01 4.527946189045906067e-02
3.974113762378692627e-01 4.563409090042114258e-02
3.888607025146484375e-01 4.595969989895820618e-02
3.806536197662353516e-01 4.625617712736129761e-02
3.726803362369537354e-01 4.652641341090202332e-02
3.648007512092590332e-01 4.677475988864898682e-02
3.567945361137390137e-01 4.700965806841850281e-02
3.485062122344970703e-01 4.723550751805305481e-02
3.400969803333282471e-01 4.744744300842285156e-02
3.316713571548461914e-01 4.764221608638763428e-02
3.234237432479858398e-01 4.781337082386016846e-02
3.153551816940307617e-01 4.796059802174568176e-02
3.074764013290405273e-01 4.808279126882553101e-02
2.997058928012847900e-01 4.818141087889671326e-02
2.920076847076416016e-01 4.825779050588607788e-02
2.843064069747924805e-01 4.831274226307868958e-02
2.765424251556396484e-01 4.834687709808349609e-02
2.688114047050476074e-01 4.835783690214157104e-02
2.611368894577026367e-01 4.834599792957305908e-02
2.534855902194976807e-01 4.830849543213844299e-02
2.457625269889831543e-01 4.824215173721313477e-02
2.379002422094345093e-01 4.814338684082031250e-02
2.298531830310821533e-01 4.800882562994956970e-02
2.216431051492691040e-01 4.783538728952407837e-02
2.132598161697387695e-01 4.761919006705284119e-02
2.048589885234832764e-01 4.736413434147834778e-02
1.966661512851715088e-01 4.707743227481842041e-02
1.888901591300964355e-01 4.676926508545875549e-02
1.814786195755004883e-01 4.643490165472030640e-02
1.744271367788314819e-01 4.607893526554107666e-02
1.675823330879211426e-01 4.569070413708686829e-02
1.607660353183746338e-01 4.525970667600631714e-02
1.537003666162490845e-01 4.475931450724601746e-02
1.462027281522750854e-01 4.417247325181961060e-02
1.383450776338577271e-01 4.349775984883308411e-02
1.302635967731475830e-01 4.273920506238937378e-02
1.220869943499565125e-01 4.189547523856163025e-02
1.138139963150024414e-01 4.095680639147758484e-02
1.056175604462623596e-01 3.992382064461708069e-02
9.742873162031173706e-02 3.877041861414909363e-02
8.922845125198364258e-02 3.747744858264923096e-02
8.089439570903778076e-02 3.601919487118721008e-02
7.245980203151702881e-02 3.437369316816329956e-02
6.412570178508758545e-02 3.257505595684051514e-02
5.604480952024459839e-02 3.063048422336578369e-02
4.839842021465301514e-02 2.860772982239723206e-02
4.130769520998001099e-02 2.656401880085468292e-02
3.480601310729980469e-02 2.447610348463058472e-02
2.879005111753940582e-02 2.227699011564254761e-02
2.320002019405364990e-02 1.989675685763359070e-02
1.797907426953315735e-02 1.728059537708759308e-02
1.312736980617046356e-02 1.439133845269680023e-02
8.844467811286449432e-03 1.132967695593833923e-02
5.260117352008819580e-03 8.211962878704071045e-03
2.631353214383125305e-03 5.331167951226234436e-03
1.003480516374111176e-03 2.906307112425565720e-03
2.278585161548107862e-04 1.005839556455612183e-03
9.987175872083753347e-05 -3.725505375768989325e-04
3.801437269430607557e-04 -1.306033926084637642e-03
8.607755298726260662e-04 -1.934852567501366138e-03
1.365003874525427818e-03 -2.422603080049157143e-03
1.854182570241391659e-03 -2.874613972380757332e-03
2.346470952033996582e-03 -3.377047600224614143e-03
2.899648621678352356e-03 -3.896116977557539940e-03
3.522130427882075310e-03 -4.435714799910783768e-03
4.306667950004339218e-03 -5.026255734264850616e-03
5.360596347600221634e-03 -5.674581043422222137e-03
6.858136039227247238e-03 -6.392642855644226074e-03
8.997559547424316406e-03 -7.193490862846374512e-03
1.201377995312213898e-02 -8.070727810263633728e-03
1.601438783109188080e-02 -8.993647061288356781e-03
2.103028632700443268e-02 -9.924044832587242126e-03
2.686803415417671204e-02 -1.078695338219404221e-02
3.338509798049926758e-02 -1.153566129505634308e-02
4.043324291706085205e-02 -1.215008553117513657e-02
4.793411493301391602e-02 -1.261679921299219131e-02
5.591649562120437622e-02 -1.294670626521110535e-02
6.444789469242095947e-02 -1.316034048795700073e-02
7.359276711940765381e-02 -1.328171789646148682e-02
8.320302516222000122e-02 -1.332738809287548065e-02
9.308968484401702881e-02 -1.331187319010496140e-02
1.030173078179359436e-01 -1.323333568871021271e-02
1.127049922943115234e-01 -1.310770865529775620e-02
1.219568401575088501e-01 -1.294691301882266998e-02
1.308623552322387695e-01 -1.275404449552297592e-02
1.395861953496932983e-01 -1.253286376595497131e-02
1.482279449701309204e-01 -1.228868588805198669e-02
1.568523645401000977e-01 -1.202626433223485947e-02
1.653625667095184326e-01 -1.175123918801546097e-02
1.738072484731674194e-01 -1.146361883729696274e-02
1.821598410606384277e-01 -1.116583123803138733e-02
1.902732104063034058e-01 -1.086317375302314758e-02
1.981073617935180664e-01 -1.055854931473731995e-02
2.057776898145675659e-01 -1.025042403489351273e-02
2.133180499076843262e-01 -9.939260780811309814e-03
2.207119762897491455e-01 -9.626640006899833679e-03
2.281086295843124390e-01 -9.305855259299278259e-03
2.355130910873413086e-01 -8.977011777460575104e-03
2.431127876043319702e-01 -8.632438257336616516e-03
2.509387135505676270e-01 -8.270755410194396973e-03
2.589585185050964355e-01 -7.893351837992668152e-03
2.669521272182464600e-01 -7.511696778237819672e-03
2.748470306396484375e-01 -7.129571866244077682e-03
2.825450301170349121e-01 -6.751766894012689590e-03
2.901276051998138428e-01 -6.373932585120201111e-03
2.977983057498931885e-01 -5.986288189888000488e-03
3.055481016635894775e-01 -5.589506588876247406e-03
3.134419918060302734e-01 -5.181287880986928940e-03
3.214973211288452148e-01 -4.761038813740015030e-03
3.296732008457183838e-01 -4.331037402153015137e-03
3.377896547317504883e-01 -3.900304203853011131e-03
3.457869887351989746e-01 -3.472468117251992226e-03
3.536795377731323242e-01 -3.046832513064146042e-03
3.615667521953582764e-01 -2.618652768433094025e-03
3.694640398025512695e-01 -2.187598729506134987e-03
3.772865235805511475e-01 -1.758540282025933266e-03
3.850286304950714111e-01 -1.332041458226740360e-03
3.927973210811614990e-01 -9.024692699313163757e-04
4.007142186164855957e-01 -4.632349591702222824e-04
4.087714850902557373e-01 -1.499129120929865167e-05
4.169285893440246582e-01 4.396997392177581787e-04
4.252178668975830078e-01 9.022519807331264019e-04
4.336244761943817139e-01 1.371513935737311840e-03
4.420539140701293945e-01 1.841844874434173107e-03
4.504190981388092041e-01 2.308097202330827713e-03
4.586785137653350830e-01 2.767593832686543465e-03
4.668793678283691406e-01 3.222631290555000305e-03
4.750436246395111084e-01 3.674122504889965057e-03
4.830988645553588867e-01 4.117611330002546310e-03
4.909997582435607910e-01 4.550391342490911484e-03
4.987943470478057861e-01 4.974693991243839264e-03
5.065580010414123535e-01 5.394251085817813873e-03
5.143586397171020508e-01 5.812149494886398315e-03
5.221992731094360352e-01 6.228224840015172958e-03
5.300603508949279785e-01 6.641213316470384598e-03
5.379218459129333496e-01 7.049972191452980042e-03
5.458141565322875977e-01 7.455128245055675507e-03
5.537665486335754395e-01 7.857211865484714508e-03
5.618150830268859863e-01 8.256608620285987854e-03
5.700364112854003906e-01 8.656227961182594299e-03
5.784358978271484375e-01 9.056010283529758453e-03
5.869830250740051270e-01 9.454476647078990936e-03
5.956249237060546875e-01 9.847192093729972839e-03
6.042535901069641113e-01 1.022815890610218048e-02
6.128302216529846191e-01 1.059382129460573196e-02
6.214619278907775879e-01 1.094707753509283066e-02
6.301975846290588379e-01 1.128879562020301819e-02
6.391545534133911133e-01 1.162125822156667709e-02
6.482709646224975586e-01 1.194180548191070557e-02
6.573566794395446777e-01 1.224382687360048294e-02
6.662690043449401855e-01 1.252220477908849716e-02
6.750483512878417969e-01 1.277580577880144119e-02
6.835955977439880371e-01 1.300071552395820618e-02
6.920032501220703125e-01 1.319801621139049530e-02
7.003514766693115234e-01 1.337097492069005966e-02
7.087458372116088867e-01 1.352097745984792709e-02
7.173428535461425781e-01 1.365085970610380173e-02
7.260650396347045898e-01 1.375663746148347855e-02
7.347931265830993652e-01 1.383515447378158569e-02
7.435497641563415527e-01 1.388408616185188293e-02
7.524776458740234375e-01 1.390174496918916702e-02
7.614887952804565430e-01 1.388573925942182541e-02
7.706094980239868164e-01 1.383588649332523346e-02
7.798100709915161133e-01 1.374882645905017853e-02
7.891412973403930664e-01 1.362266298383474350e-02
7.985983490943908691e-01 1.345611456781625748e-02
8.081424832344055176e-01 1.324530225247144699e-02
8.175957798957824707e-01 1.299583911895751953e-02
8.269394040107727051e-01 1.271055731922388077e-02
8.361799120903015137e-01 1.239056605845689774e-02
8.451414704322814941e-01 1.204409915953874588e-02
8.539066314697265625e-01 1.166613586246967316e-02
8.626092076301574707e-01 1.124974526464939117e-02
8.713566660881042480e-01 1.079133246093988419e-02
8.803288340568542480e-01 1.027838326990604401e-02
8.896885514259338379e-01 9.698458947241306305e-03
8.992503881454467773e-01 9.061738848686218262e-03
9.089085459709167480e-01 8.377264253795146942e-03
9.184839129447937012e-01 7.658749818801879883e-03
9.281799197196960449e-01 6.881180219352245331e-03
9.370883703231811523e-01 6.136097945272922516e-03
9.453676342964172363e-01 5.414621904492378235e-03
9.532033801078796387e-01 4.701818339526653290e-03
9.609102010726928711e-01 3.970063291490077972e-03
9.646738171577453613e-01 3.600777592509984970e-03
9.723689556121826172e-01 2.814780687913298607e-03
9.805151224136352539e-01 1.939578214660286903e-03
9.893848299980163574e-01 9.440047433599829674e-04
9.992505311965942383e-01 -2.031051553785800934e-04
