9.997713565826416016e-01 2.524993033148348331e-04
9.927152991294860840e-01 2.007548464462161064e-03
9.842808246612548828e-01 3.809657879173755646e-03
9.748345613479614258e-01 5.604845471680164337e-03
9.647430777549743652e-01 7.339128293097019196e-03
9.496061205863952637e-01 9.640236385166645050e-03
9.397847652435302734e-01 1.093376241624355316e-02
9.302271604537963867e-01 1.204342301934957504e-02
9.208862781524658203e-01 1.298745721578598022e-02
9.118472933769226074e-01 1.377791445702314377e-02
9.018496274948120117e-01 1.462216489017009735e-02
8.915862441062927246e-01 1.543259806931018829e-02
8.809967041015625000e-01 1.623517088592052460e-02
8.705723285675048828e-01 1.699631474912166595e-02
8.604363799095153809e-01 1.770844869315624237e-02
8.507503867149353027e-01 1.837382465600967407e-02
8.415405154228210449e-01 1.899399235844612122e-02
8.326017260551452637e-01 1.958687789738178253e-02
8.238267898559570312e-01 2.015993557870388031e-02
8.150092363357543945e-01 2.073181420564651489e-02
8.060893416404724121e-01 2.130552940070629120e-02
7.970209717750549316e-01 2.188640832901000977e-02
7.880554795265197754e-01 2.245780080556869507e-02
7.791607379913330078e-01 2.302278205752372742e-02
7.705426216125488281e-01 2.356811612844467163e-02
7.621212005615234375e-01 2.409932576119899750e-02
7.538284063339233398e-01 2.462125010788440704e-02
7.455825209617614746e-01 2.513920888304710388e-02
7.372613549232482910e-01 2.566095441579818726e-02
7.286316156387329102e-01 2.620107121765613556e-02
7.196930646896362305e-01 2.675945870578289032e-02
7.105594873428344727e-01 2.732890471816062927e-02
7.012897133827209473e-01 2.790558896958827972e-02
6.919716000556945801e-01 2.848366089165210724e-02
6.826509833335876465e-01 2.906006574630737305e-02
6.735472083091735840e-01 2.962117269635200500e-02
6.647641062736511230e-01 3.016035072505474091e-02
6.562339067459106445e-01 3.068148717284202576e-02
6.478179693222045898e-01 3.119289316236972809e-02
6.396007537841796875e-01 3.168936073780059814e-02
6.315565109252929688e-01 3.217211738228797913e-02
6.235724091529846191e-01 3.264765813946723938e-02
6.155480742454528809e-01 3.312186524271965027e-02
6.075559854507446289e-01 3.359048441052436829e-02
5.996857881546020508e-01 3.404766693711280823e-02
5.918822288513183594e-01 3.449619933962821960e-02
5.840337276458740234e-01 3.494206070899963379e-02
5.761576890945434570e-01 3.538415580987930298e-02
5.683677792549133301e-01 3.581581264734268188e-02
5.605642795562744141e-01 3.624221682548522949e-02
5.526781678199768066e-01 3.666675463318824768e-02
5.447208881378173828e-01 3.708819299936294556e-02
5.367791056632995605e-01 3.750120475888252258e-02
5.287927389144897461e-01 3.790840879082679749e-02
5.206775665283203125e-01 3.831357136368751526e-02
5.123892426490783691e-01 3.871816024184226990e-02
5.040385127067565918e-01 3.911596164107322693e-02
4.957492053508758545e-01 3.950102254748344421e-02
4.874984323978424072e-01 3.987432643771171570e-02
4.793302714824676514e-01 4.023362696170806885e-02
4.712666571140289307e-01 4.057722538709640503e-02
4.633654952049255371e-01 4.090298712253570557e-02
4.555177986621856689e-01 4.121517762541770935e-02
4.475921094417572021e-01 4.151844233274459839e-02
4.394902884960174561e-01 4.181599617004394531e-02
4.311441779136657715e-01 4.210789129137992859e-02
4.226338565349578857e-01 4.239093139767646790e-02
4.139283895492553711e-01 4.266510531306266785e-02
4.051681160926818848e-01 4.292587935924530029e-02
3.964271247386932373e-01 4.316975921392440796e-02
3.879676759243011475e-01 4.339020326733589172e-02
3.797726333141326904e-01 4.358739778399467468e-02
3.718374967575073242e-01 4.376197233796119690e-02
3.641690611839294434e-01 4.391532391309738159e-02
3.566448688507080078e-01 4.405101016163825989e-02
3.493255674839019775e-01 4.416939243674278259e-02
3.419476747512817383e-01 4.427317157387733459e-02
3.344466686248779297e-01 4.436165839433670044e-02
3.266308605670928955e-01 4.443459957838058472e-02
3.186348378658294678e-01 4.448958113789558411e-02
3.103097379207611084e-01 4.452589526772499084e-02
3.018356561660766602e-01 4.454383254051208496e-02
2.933428287506103516e-01 4.454030841588973999e-02
2.848998606204986572e-01 4.451338201761245728e-02
2.765649855136871338e-01 4.445773735642433167e-02
2.682129740715026855e-01 4.437549039721488953e-02
2.598015069961547852e-01 4.426399245858192444e-02
2.511485815048217773e-01 4.411869123578071594e-02
2.422420382499694824e-01 4.393197223544120789e-02
2.329733371734619141e-01 4.369924217462539673e-02
2.236212939023971558e-01 4.342364519834518433e-02
2.142429351806640625e-01 4.310396313667297363e-02
2.050129026174545288e-01 4.274569824337959290e-02
1.961617469787597656e-01 4.236376658082008362e-02
1.879470497369766235e-01 4.197280481457710266e-02
1.803027838468551636e-01 4.156775772571563721e-02
1.731110960245132446e-01 4.114795103669166565e-02
1.661288440227508545e-01 4.070026054978370667e-02
1.591185182332992554e-01 4.020865634083747864e-02
1.519053578376770020e-01 3.965256363153457642e-02
1.443122476339340210e-01 3.901999071240425110e-02
1.363621503114700317e-01 3.830177709460258484e-02
1.284407377243041992e-01 3.754011169075965881e-02
1.206358894705772400e-01 3.672944009304046631e-02
1.129164174199104309e-01 3.586219623684883118e-02
1.053298562765121460e-01 3.492373228073120117e-02
9.784360229969024658e-02 3.391245752573013306e-02
9.030939638614654541e-02 3.279367089271545410e-02
8.263803273439407349e-02 3.156224638223648071e-02
7.476729154586791992e-02 3.017738647758960724e-02
6.682155281305313110e-02 2.867198735475540161e-02
5.913514271378517151e-02 2.706944756209850311e-02
5.161422863602638245e-02 2.534651570022106171e-02
4.429970309138298035e-02 2.348180487751960754e-02
3.717998042702674866e-02 2.144107408821582794e-02
3.040270879864692688e-02 1.922922208905220032e-02
2.397182770073413849e-02 1.683925837278366089e-02
1.809544861316680908e-02 1.434014923870563507e-02
1.282509975135326385e-02 1.175801921635866165e-02
8.488490246236324310e-03 9.281620383262634277e-03
5.164483562111854553e-03 6.975758820772171021e-03
2.813825383782386780e-03 4.961271304637193680e-03
1.307533122599124908e-03 3.291420172899961472e-03
4.277973202988505363e-04 1.987924799323081970e-03
2.275195402035024017e-05 1.004402060061693192e-03
-1.177868180093355477e-04 2.744855300989001989e-04
-9.257123019779101014e-05 -2.907935413531959057e-04
-2.024954665102995932e-05 -8.050235919654369354e-04
1.359657035209238529e-04 -1.289943698793649673e-03
3.207675472367554903e-04 -1.825184212066233158e-03
4.830180259887129068e-04 -2.373685594648122787e-03
6.252159946598112583e-04 -2.952717943117022514e-03
8.965046145021915436e-04 -3.581063356250524521e-03
1.483801752328872681e-03 -4.312387201935052872e-03
2.699574921280145645e-03 -5.180115345865488052e-03
4.814501851797103882e-03 -6.218012887984514236e-03
7.896451279520988464e-03 -7.420471869409084320e-03
1.196978241205215454e-02 -8.720085024833679199e-03
1.692776754498481750e-02 -1.002788916230201721e-02
2.248452231287956238e-02 -1.120692025870084763e-02
2.858133241534233093e-02 -1.220552623271942139e-02
3.519894555211067200e-02 -1.301243901252746582e-02
4.238994419574737549e-02 -1.364570949226617813e-02
5.027044564485549927e-02 -1.415084581822156906e-02
5.876224115490913391e-02 -1.456501055508852005e-02
6.747438013553619385e-02 -1.490955520421266556e-02
7.624941319227218628e-02 -1.519105397164821625e-02
8.482969552278518677e-02 -1.540600508451461792e-02
9.322015941143035889e-02 -1.553723681718111038e-02
1.011561006307601929e-01 -1.561143994331359863e-02
1.087192967534065247e-01 -1.564280688762664795e-02
1.163151189684867859e-01 -1.563966833055019379e-02
1.242630779743194580e-01 -1.560989487916231155e-02
1.327069550752639771e-01 -1.555009651929140091e-02
1.417315304279327393e-01 -1.545177400112152100e-02
1.512652784585952759e-01 -1.532224752008914948e-02
1.612250655889511108e-01 -1.516167633235454559e-02
1.714819222688674927e-01 -1.497500389814376831e-02
1.812974959611892700e-01 -1.477458979934453964e-02
1.905874758958816528e-01 -1.456508319824934006e-02
1.996651738882064819e-01 -1.434039883315563202e-02
2.085209041833877563e-01 -1.410363987088203430e-02
2.173476070165634155e-01 -1.385182421654462814e-02
2.265676707029342651e-01 -1.357341837137937546e-02
2.361393719911575317e-01 -1.327053923159837723e-02
2.462064474821090698e-01 -1.293988432735204697e-02
2.566957771778106689e-01 -1.258256658911705017e-02
2.670819759368896484e-01 -1.221507787704467773e-02
2.770312130451202393e-01 -1.185325998812913895e-02
2.866590023040771484e-01 -1.149396877735853195e-02
2.956954538822174072e-01 -1.114754378795623779e-02
3.044259846210479736e-01 -1.080344524234533310e-02
3.133246600627899170e-01 -1.044374238699674606e-02
3.223085999488830566e-01 -1.007239799946546555e-02
3.313469290733337402e-01 -9.693598374724388123e-03
3.404166698455810547e-01 -9.309204295277595520e-03
3.490852117538452148e-01 -8.937888778746128082e-03
3.572793304920196533e-01 -8.581735193729400635e-03
3.652643561363220215e-01 -8.229878731071949005e-03
3.731074929237365723e-01 -7.878782227635383606e-03
3.811428248882293701e-01 -7.515043951570987701e-03
3.896295428276062012e-01 -7.127863354980945587e-03
3.982801735401153564e-01 -6.730464752763509750e-03
4.069595336914062500e-01 -6.328864023089408875e-03
4.155863225460052490e-01 -5.927019752562046051e-03
4.239752590656280518e-01 -5.533038172870874405e-03
4.322262704372406006e-01 -5.142924841493368149e-03
4.404249191284179688e-01 -4.753045272082090378e-03
4.484595954418182373e-01 -4.369375761598348618e-03
4.563223421573638916e-01 -3.992663230746984482e-03
4.640999734401702881e-01 -3.619051305577158928e-03
4.717796146869659424e-01 -3.248999128118157387e-03
4.794371128082275391e-01 -2.879192121326923370e-03
4.872204661369323730e-01 -2.502724993973970413e-03
4.952457845211029053e-01 -2.114295260980725288e-03
5.036422610282897949e-01 -1.707992982119321823e-03
5.123832225799560547e-01 -1.285386621020734310e-03
5.212982892990112305e-01 -8.550446364097297192e-04
5.302549600601196289e-01 -4.236602107994258404e-04
5.392932891845703125e-01 1.018329840007936582e-05
5.482702255249023438e-01 4.393874551169574261e-04
5.570075511932373047e-01 8.551130886189639568e-04
5.655863285064697266e-01 1.260813325643539429e-03
5.740997791290283203e-01 1.660190522670745850e-03
5.826858282089233398e-01 2.059276914224028587e-03
5.913653373718261719e-01 2.458364935591816902e-03
6.001620888710021973e-01 2.858215710148215294e-03
6.089977622032165527e-01 3.254767507314682007e-03
6.178904175758361816e-01 3.648654324933886528e-03
6.265995502471923828e-01 4.028512630611658096e-03
6.350247859954833984e-01 4.389326088130474091e-03
6.432067155838012695e-01 4.732650704681873322e-03
6.512132883071899414e-01 5.061178468167781830e-03
6.590325236320495605e-01 5.374841392040252686e-03
6.667076945304870605e-01 5.675317253917455673e-03
6.742500066757202148e-01 5.963129457086324692e-03
6.816858649253845215e-01 6.238935980945825577e-03
6.890497207641601562e-01 6.503869779407978058e-03
6.963889598846435547e-01 6.758187431842088699e-03
7.038093805313110352e-01 7.004803046584129333e-03
7.113648056983947754e-01 7.245076354593038559e-03
7.190321683883666992e-01 7.478313054889440536e-03
7.267210483551025391e-01 7.700715679675340652e-03
7.344244718551635742e-01 7.911390624940395355e-03
7.421234250068664551e-01 8.107808418571949005e-03
7.497792243957519531e-01 8.289151825010776520e-03
7.574703097343444824e-01 8.454856462776660919e-03
7.653474211692810059e-01 8.606914430856704712e-03
7.734853625297546387e-01 8.745566010475158691e-03
7.819100618362426758e-01 8.868977427482604980e-03
7.906441688537597656e-01 8.972671814262866974e-03
7.997316718101501465e-01 9.051973931491374969e-03
8.090969920158386230e-01 9.104348719120025635e-03
8.186506032943725586e-01 9.126544930040836334e-03
8.281413316726684570e-01 9.116951376199722290e-03
8.375360369682312012e-01 9.074728004634380341e-03
8.466854095458984375e-01 9.001946076750755310e-03
8.555179834365844727e-01 8.897813968360424042e-03
8.641173243522644043e-01 8.758231066167354584e-03
8.726746439933776855e-01 8.578648790717124939e-03
8.813453316688537598e-01 8.355060592293739319e-03
8.901072144508361816e-01 8.086138404905796051e-03
8.989878892898559570e-01 7.767344824969768524e-03
9.078122973442077637e-01 7.402325980365276337e-03
9.164559245109558105e-01 6.999297067523002625e-03
9.247623682022094727e-01 6.559637840837240219e-03
9.331684708595275879e-01 6.043304689228534698e-03
9.409205913543701172e-01 5.523664876818656921e-03
9.483111500740051270e-01 4.984094761312007904e-03
9.555865526199340820e-01 4.405966028571128845e-03
9.629267454147338867e-01 3.770540934056043625e-03
9.665694236755371094e-01 3.435352118685841560e-03
9.740439057350158691e-01 2.698534401133656502e-03
9.819204211235046387e-01 1.853289315477013588e-03
9.903786182403564453e-01 8.758079493418335915e-04
9.995980858802795410e-01 -2.577184350229799747e-04
