9.999480843544006348e-01 2.983448030136059970e-05
9.932590723037719727e-01 1.281664706766605377e-03
9.852454066276550293e-01 2.628796966746449471e-03
9.763194322586059570e-01 4.016776569187641144e-03
9.668935537338256836e-01 5.391148384660482407e-03
9.531760811805725098e-01 7.244610227644443512e-03
9.446679353713989258e-01 8.294140920042991638e-03
9.366644620895385742e-01 9.202469140291213989e-03
9.290328025817871094e-01 9.990704245865345001e-03
9.217069149017333984e-01 1.067642495036125183e-02
9.135105609893798828e-01 1.142388582229614258e-02
9.049188494682312012e-01 1.217654347419738770e-02
8.959431052207946777e-01 1.294211950153112411e-02
8.870653510093688965e-01 1.367464940994977951e-02
8.783003687858581543e-01 1.437895651906728745e-02
8.697665929794311523e-01 1.505152042955160141e-02
8.614798188209533691e-01 1.569412276148796082e-02
8.532069325447082520e-01 1.632790453732013702e-02
8.447698354721069336e-01 1.696654781699180603e-02
8.359447121620178223e-01 1.762993261218070984e-02
8.266777396202087402e-01 1.832188852131366730e-02
8.170329332351684570e-01 1.903877779841423035e-02
8.073424696922302246e-01 1.975585892796516418e-02
7.977312207221984863e-01 2.046471461653709412e-02
7.884888648986816406e-01 2.114395797252655029e-02
7.796125411987304688e-01 2.179392985999584198e-02
7.710481882095336914e-01 2.241915836930274963e-02
7.625719308853149414e-01 2.303604222834110260e-02
7.539805173873901367e-01 2.365938946604728699e-02
7.451418638229370117e-01 2.429870888590812683e-02
7.360857725143432617e-01 2.495163679122924805e-02
7.269722819328308105e-01 2.560638077557086945e-02
7.178060412406921387e-01 2.626205049455165863e-02
7.087032794952392578e-01 2.690983749926090240e-02
6.996325850486755371e-01 2.755156159400939941e-02
6.907929778099060059e-01 2.817312628030776978e-02
6.820878386497497559e-01 2.878104895353317261e-02
6.735229492187500000e-01 2.937483415007591248e-02
6.650448441505432129e-01 2.995757758617401123e-02
6.567493081092834473e-01 3.052275255322456360e-02
6.485903263092041016e-01 3.107267618179321289e-02
6.404688954353332520e-01 3.161424025893211365e-02
6.323831081390380859e-01 3.214736282825469971e-02
6.243458390235900879e-01 3.267144784331321716e-02
6.164446473121643066e-01 3.317977860569953918e-02
6.085491180419921875e-01 3.368051722645759583e-02
6.006528735160827637e-01 3.417342156171798706e-02
5.926548242568969727e-01 3.466439619660377502e-02
5.845974683761596680e-01 3.514974191784858704e-02
5.763338804244995117e-01 3.563786298036575317e-02
5.679242610931396484e-01 3.612453117966651917e-02
5.594775080680847168e-01 3.660315275192260742e-02
5.511192679405212402e-01 3.706597536802291870e-02
5.429036021232604980e-01 3.751024976372718811e-02
5.348314046859741211e-01 3.793605044484138489e-02
5.268272161483764648e-01 3.834590688347816467e-02
5.187562108039855957e-01 3.874590620398521423e-02
5.104635953903198242e-01 3.914221376180648804e-02
5.017891526222229004e-01 3.954180702567100525e-02
4.927208721637725830e-01 3.994308412075042725e-02
4.834078252315521240e-01 4.033908620476722717e-02
4.740041494369506836e-01 4.072226583957672119e-02
4.647115767002105713e-01 4.108376055955886841e-02
4.556332528591156006e-01 4.141837731003761292e-02
4.467397034168243408e-01 4.172686487436294556e-02
4.379197061061859131e-01 4.201126098632812500e-02
4.291586279869079590e-01 4.227462410926818848e-02
4.203118979930877686e-01 4.252025485038757324e-02
4.114843904972076416e-01 4.274871572852134705e-02
4.027836918830871582e-01 4.295616969466209412e-02
3.943066895008087158e-01 4.314181208610534668e-02
3.859607875347137451e-01 4.330361634492874146e-02
3.776244521141052246e-01 4.344292730093002319e-02
3.691615760326385498e-01 4.356173425912857056e-02
3.604365289211273193e-01 4.366255924105644226e-02
3.515817821025848389e-01 4.374378919601440430e-02
3.424826264381408691e-01 4.380585253238677979e-02
3.334543108940124512e-01 4.384420812129974365e-02
3.245260119438171387e-01 4.385667294263839722e-02
3.158566355705261230e-01 4.384279251098632812e-02
3.072244226932525635e-01 4.380189254879951477e-02
2.986762225627899170e-01 4.373544454574584961e-02
2.902036011219024658e-01 4.364413395524024963e-02
2.819123864173889160e-01 4.353242367506027222e-02
2.738556265830993652e-01 4.339955002069473267e-02
2.659703195095062256e-01 4.324750602245330811e-02
2.582689821720123291e-01 4.307223483920097351e-02
2.506232261657714844e-01 4.287211596965789795e-02
2.429814785718917847e-01 4.264375939965248108e-02
2.351399809122085571e-01 4.238342493772506714e-02
2.271102070808410645e-01 4.208689928054809570e-02
2.188865095376968384e-01 4.175169020891189575e-02
2.106632739305496216e-01 4.138344898819923401e-02
2.025042921304702759e-01 4.098582640290260315e-02
1.945286840200424194e-01 4.056368395686149597e-02
1.867048740386962891e-01 4.011474549770355225e-02
1.790337562561035156e-01 3.963710740208625793e-02
1.714127063751220703e-01 3.912151977419853210e-02
1.636948287487030029e-01 3.855387866497039795e-02
1.557338237762451172e-01 3.791980445384979248e-02
1.475087106227874756e-01 3.721447288990020752e-02
1.391549706459045410e-01 3.644593805074691772e-02
1.307546943426132202e-01 3.561481833457946777e-02
1.224697902798652649e-01 3.473616763949394226e-02
1.143253222107887268e-01 3.380429744720458984e-02
1.063651069998741150e-01 3.281888365745544434e-02
9.850207716226577759e-02 3.176149353384971619e-02
9.062993526458740234e-02 3.061289712786674500e-02
8.271356672048568726e-02 2.937124297022819519e-02
7.471903413534164429e-02 2.801068127155303955e-02
6.670292466878890991e-02 2.652728743851184845e-02
5.862968415021896362e-02 2.487338706851005554e-02
5.071589350700378418e-02 2.310091070830821991e-02
4.299252852797508240e-02 2.119746245443820953e-02
3.559695929288864136e-02 1.917442865669727325e-02
2.860594540834426880e-02 1.701824367046356201e-02
2.218135818839073181e-02 1.475161965936422348e-02
1.652138121426105499e-02 1.242102775722742081e-02
1.166108343750238419e-02 1.004836894571781158e-02
7.691452745348215103e-03 7.709424011409282684e-03
4.560019820928573608e-03 5.462743341922760010e-03
2.395573537796735764e-03 3.500950522720813751e-03
1.021220348775386810e-03 1.881066127680242062e-03
2.911617339123040438e-04 6.448119529522955418e-04
-2.570648939581587911e-05 -2.302014618180692196e-04
-7.018323958618566394e-05 -8.148340275511145592e-04
4.630921466741710901e-05 -1.231700996868312359e-03
2.259462344227358699e-04 -1.621158327907323837e-03
4.439791082404553890e-04 -2.075963653624057770e-03
7.004271028563380241e-04 -2.655561780557036400e-03
1.156670390628278255e-03 -3.355270018801093102e-03
1.706562936305999756e-03 -4.157482180744409561e-03
2.416420960798859596e-03 -5.032894201576709747e-03
3.382102819159626961e-03 -5.952712148427963257e-03
4.919975996017456055e-03 -6.960491184145212173e-03
7.409301120787858963e-03 -8.103056810796260834e-03
1.110467780381441116e-02 -9.397157467901706696e-03
1.614429056644439697e-02 -1.081729959696531296e-02
2.258131280541419983e-02 -1.232334505766630173e-02
3.032054938375949860e-02 -1.385780330747365952e-02
3.869394585490226746e-02 -1.527899038046598434e-02
4.725699126720428467e-02 -1.652040518820285797e-02
5.568172410130500793e-02 -1.754398085176944733e-02
6.398084014654159546e-02 -1.838987879455089569e-02
7.217683643102645874e-02 -1.909879036247730255e-02
8.017683774232864380e-02 -1.970223151147365570e-02
8.810967952013015747e-02 -2.023480460047721863e-02
9.614277631044387817e-02 -2.073117159307003021e-02
1.043647155165672302e-01 -2.120195142924785614e-02
1.123222038149833679e-01 -2.161355130374431610e-02
1.199807301163673401e-01 -2.197436429560184479e-02
1.275531649589538574e-01 -2.229323424398899078e-02
1.353268623352050781e-01 -2.258560061454772949e-02
1.433460116386413574e-01 -2.285358309745788574e-02
1.516442149877548218e-01 -2.309472858905792236e-02
1.602656692266464233e-01 -2.331577986478805542e-02
1.691792458295822144e-01 -2.351822517812252045e-02
1.782411634922027588e-01 -2.369871549308300018e-02
1.869593560695648193e-01 -2.384430728852748871e-02
1.951781660318374634e-01 -2.395739965140819550e-02
2.029939144849777222e-01 -2.404387481510639191e-02
2.104439139366149902e-01 -2.410808950662612915e-02
2.175909131765365601e-01 -2.415202371776103973e-02
2.248063087463378906e-01 -2.417761646211147308e-02
2.322745919227600098e-01 -2.418573759496212006e-02
2.401903718709945679e-01 -2.417694218456745148e-02
2.486107796430587769e-01 -2.415028959512710571e-02
2.572273910045623779e-01 -2.410638332366943359e-02
2.656171321868896484e-01 -2.405067719519138336e-02
2.737149298191070557e-01 -2.398317866027355194e-02
2.813941538333892822e-01 -2.390380389988422394e-02
2.887636125087738037e-01 -2.381099760532379150e-02
2.962859272956848145e-01 -2.369865402579307556e-02
3.041878938674926758e-01 -2.356298826634883881e-02
3.125159740447998047e-01 -2.340666390955448151e-02
3.212370574474334717e-01 -2.323144115507602692e-02
3.299892842769622803e-01 -2.304362505674362183e-02
3.384410440921783447e-01 -2.284816280007362366e-02
3.466303944587707520e-01 -2.264460362493991852e-02
3.545433580875396729e-01 -2.243237942457199097e-02
3.623453676700592041e-01 -2.220815792679786682e-02
3.703451454639434814e-01 -2.196562848985195160e-02
3.786277174949645996e-01 -2.170262858271598816e-02
3.870514333248138428e-01 -2.142362296581268311e-02
3.956530690193176270e-01 -2.112656459212303162e-02
4.042811691761016846e-01 -2.081535197794437408e-02
4.127865731716156006e-01 -2.049634046852588654e-02
4.211801588535308838e-01 -2.016968093812465668e-02
4.294062554836273193e-01 -1.983840949833393097e-02
4.375022351741790771e-01 -1.950176618993282318e-02
4.455888867378234863e-01 -1.915511861443519592e-02
4.537331759929656982e-01 -1.879542879760265350e-02
4.619600176811218262e-01 -1.842130720615386963e-02
4.704389870166778564e-01 -1.802586577832698822e-02
4.791167378425598145e-01 -1.761160232126712799e-02
4.879161119461059570e-01 -1.718159951269626617e-02
4.967980086803436279e-01 -1.673831045627593994e-02
5.056685209274291992e-01 -1.628605090081691742e-02
5.144977569580078125e-01 -1.582677848637104034e-02
5.233986377716064453e-01 -1.535447966307401657e-02
5.323359370231628418e-01 -1.487175282090902328e-02
5.412881970405578613e-01 -1.438043266534805298e-02
5.502633452415466309e-01 -1.388105191290378571e-02
5.592582821846008301e-01 -1.337377075105905533e-02
5.682348608970642090e-01 -1.286149770021438599e-02
5.771694779396057129e-01 -1.234608981758356094e-02
5.860907435417175293e-01 -1.182631589472293854e-02
5.950375795364379883e-01 -1.130056381225585938e-02
6.040481328964233398e-01 -1.076760236173868179e-02
6.130127906799316406e-01 -1.023445744067430496e-02
6.218858361244201660e-01 -9.704675525426864624e-03
6.307321190834045410e-01 -9.175149723887443542e-03
6.396174430847167969e-01 -8.642719127237796783e-03
6.484746336936950684e-01 -8.112081326544284821e-03
6.573875546455383301e-01 -7.579000201076269150e-03
6.663650274276733398e-01 -7.043950725346803665e-03
6.753168106079101562e-01 -6.512800231575965881e-03
6.840446591377258301e-01 -5.997717846184968948e-03
6.925648450851440430e-01 -5.498812999576330185e-03
7.009378671646118164e-01 -5.013650748878717422e-03
7.093041539192199707e-01 -4.534790292382240295e-03
7.176731228828430176e-01 -4.062067251652479172e-03
7.260735034942626953e-01 -3.594573354348540306e-03
7.346364259719848633e-01 -3.125645453110337257e-03
7.433499693870544434e-01 -2.657193690538406372e-03
7.520337700843811035e-01 -2.199439331889152527e-03
7.606543302536010742e-01 -1.756395795382559299e-03
7.693974971771240234e-01 -1.319696079008281231e-03
7.783455252647399902e-01 -8.869452867656946182e-04
7.874749898910522461e-01 -4.600475076586008072e-04
7.967229485511779785e-01 -4.408076711115427315e-05
8.060755729675292969e-01 3.590480191633105278e-04
8.154754042625427246e-01 7.460492779500782490e-04
8.247566223144531250e-01 1.109734992496669292e-03
8.337123990058898926e-01 1.440557301975786686e-03
8.424025177955627441e-01 1.740729436278343201e-03
8.508321046829223633e-01 2.012040233239531517e-03
8.590241670608520508e-01 2.255193423479795456e-03
8.669803142547607422e-01 2.469337545335292816e-03
8.748121857643127441e-01 2.657522447407245636e-03
8.825961947441101074e-01 2.821999602019786835e-03
8.904380202293395996e-01 2.959876321256160736e-03
8.983813524246215820e-01 3.065724624320864677e-03
9.065627455711364746e-01 3.130997298285365105e-03
9.150668978691101074e-01 3.149677533656358719e-03
9.239031076431274414e-01 3.106367541477084160e-03
9.332852363586425781e-01 2.985717030242085457e-03
9.421872496604919434e-01 2.824431750923395157e-03
9.505518078804016113e-01 2.625261899083852768e-03
9.583249688148498535e-01 2.388736931607127190e-03
9.655825495719909668e-01 2.110533881932497025e-03
9.689201712608337402e-01 1.959510846063494682e-03
9.755802154541015625e-01 1.605844474397599697e-03
9.825002551078796387e-01 1.168316113762557507e-03
9.900162816047668457e-01 6.288840668275952339e-04
9.984644055366516113e-01 -3.049361839657649398e-05
