airfoil022
9.995728731155395508e-01 2.209359663538634777e-04
9.914552569389343262e-01 2.435464877635240555e-03
9.827348589897155762e-01 4.520971328020095825e-03
9.735901951789855957e-01 6.471160799264907837e-03
9.641999602317810059e-01 8.279738947749137878e-03
9.503176808357238770e-01 1.067175436764955521e-02
9.411687850952148438e-01 1.209100708365440369e-02
9.321870207786560059e-01 1.338254474103450775e-02
9.235097169876098633e-01 1.453936379402875900e-02
9.152818918228149414e-01 1.555175427347421646e-02
9.064200520515441895e-01 1.660462841391563416e-02
8.972867727279663086e-01 1.764086261391639709e-02
8.878711462020874023e-01 1.866596750915050507e-02
8.782880306243896484e-01 1.967770978808403015e-02
8.687599301338195801e-01 2.065645344555377960e-02
8.594288825988769531e-01 2.159614302217960358e-02
8.505411148071289062e-01 2.247317694127559662e-02
8.420504927635192871e-01 2.329297550022602081e-02
8.338233828544616699e-01 2.407093904912471771e-02
8.256030082702636719e-01 2.483553066849708557e-02
8.172181248664855957e-01 2.560326270759105682e-02
8.084746599197387695e-01 2.639345452189445496e-02
7.995091080665588379e-01 2.719444222748279572e-02
7.904187440872192383e-01 2.799740433692932129e-02
7.815441489219665527e-01 2.877332270145416260e-02
7.730918526649475098e-01 2.950442396104335785e-02
7.650789618492126465e-01 3.019059263169765472e-02
7.574233412742614746e-01 3.083919547498226166e-02
7.500039935111999512e-01 3.146138414740562439e-02
7.426067590713500977e-01 3.207587823271751404e-02
7.351144552230834961e-01 3.269346430897712708e-02
7.275497317314147949e-01 3.331236168742179871e-02
7.199144363403320312e-01 3.393298760056495667e-02
7.123116850852966309e-01 3.454600274562835693e-02
7.047842741012573242e-01 3.514818102121353149e-02
6.973086595535278320e-01 3.574128076434135437e-02
6.897847056388854980e-01 3.633325919508934021e-02
6.821547150611877441e-01 3.692843392491340637e-02
6.743937730789184570e-01 3.752913326025009155e-02
6.666137576103210449e-01 3.812675923109054565e-02
6.588262915611267090e-01 3.872008994221687317e-02
6.510547995567321777e-01 3.930698335170745850e-02
6.432799100875854492e-01 3.988886624574661255e-02
6.355471611022949219e-01 4.046196863055229187e-02
6.278116106986999512e-01 4.102974012494087219e-02
6.199984550476074219e-01 4.159756004810333252e-02
6.121208071708679199e-01 4.216471686959266663e-02
6.042099595069885254e-01 4.272826388478279114e-02
5.962740182876586914e-01 4.328691959381103516e-02
5.882485508918762207e-01 4.384515434503555298e-02
5.800651907920837402e-01 4.440692812204360962e-02
5.717102885246276855e-01 4.497264698147773743e-02
5.631514191627502441e-01 4.554359614849090576e-02
5.543903112411499023e-01 4.611892253160476685e-02
5.454587340354919434e-01 4.669623821973800659e-02
5.364438295364379883e-01 4.726888611912727356e-02
5.271936058998107910e-01 4.784379154443740845e-02
5.177135467529296875e-01 4.841946437954902649e-02
5.080061554908752441e-01 4.899412766098976135e-02
4.981611073017120361e-01 4.956307262182235718e-02
4.882416725158691406e-01 5.012116208672523499e-02
4.783123135566711426e-01 5.066417530179023743e-02
4.684434235095977783e-01 5.118617042899131775e-02
4.588719606399536133e-01 5.167568102478981018e-02
4.496539533138275146e-01 5.213037878274917603e-02
4.406089782714843750e-01 5.256065353751182556e-02
4.317541420459747314e-01 5.296520888805389404e-02
4.230083823204040527e-01 5.334785580635070801e-02
4.144172370433807373e-01 5.370655283331871033e-02
4.057909548282623291e-01 5.404889956116676331e-02
3.969969749450683594e-01 5.437846481800079346e-02
3.879780769348144531e-01 5.469702929258346558e-02
3.789357244968414307e-01 5.499498918652534485e-02
3.699934184551239014e-01 5.527049675583839417e-02
3.611713349819183350e-01 5.552294477820396423e-02
3.525243401527404785e-01 5.574937164783477783e-02
3.440357446670532227e-01 5.594878271222114563e-02
3.356531262397766113e-01 5.611939728260040283e-02
3.272126615047454834e-01 5.626579746603965759e-02
3.185645341873168945e-01 5.638990551233291626e-02
3.097355067729949951e-01 5.649089068174362183e-02
3.008507192134857178e-01 5.656557157635688782e-02
2.921761870384216309e-01 5.661227554082870483e-02
2.837208211421966553e-01 5.662911012768745422e-02
2.755618095397949219e-01 5.661636218428611755e-02
2.677000463008880615e-01 5.657556653022766113e-02
2.600571811199188232e-01 5.650939047336578369e-02
2.524494230747222900e-01 5.641321092844009399e-02
2.445627450942993164e-01 5.627670511603355408e-02
2.362299412488937378e-01 5.608854070305824280e-02
2.274558991193771362e-01 5.584583431482315063e-02
2.183317095041275024e-01 5.554203689098358154e-02
2.089228332042694092e-01 5.517813935875892639e-02
1.996093690395355225e-01 5.476881563663482666e-02
1.907142400741577148e-01 5.432785302400588989e-02
1.823781728744506836e-01 5.385600030422210693e-02
1.745332032442092896e-01 5.335138738155364990e-02
1.669070273637771606e-01 5.279370769858360291e-02
1.594332903623580933e-01 5.219176784157752991e-02
1.519762277603149414e-01 5.152950808405876160e-02
1.443108022212982178e-01 5.078465491533279419e-02
1.363192647695541382e-01 4.992450773715972900e-02
1.282374709844589233e-01 4.897204786539077759e-02
1.200818717479705811e-01 4.790857806801795959e-02
1.118632033467292786e-01 4.673378542065620422e-02
1.036014407873153687e-01 4.542993009090423584e-02
9.536143392324447632e-02 4.401180893182754517e-02
8.742141723632812500e-02 4.251439869403839111e-02
7.966878265142440796e-02 4.090104997158050537e-02
7.198738306760787964e-02 3.912197798490524292e-02
6.428317725658416748e-02 3.713857382535934448e-02
5.679013952612876892e-02 3.499530628323554993e-02
4.942760616540908813e-02 3.266583383083343506e-02
4.238179698586463928e-02 3.022535331547260284e-02
3.575386479496955872e-02 2.772562578320503235e-02
2.980408631265163422e-02 2.526886761188507080e-02
2.463217638432979584e-02 2.289750985801219940e-02
2.008522115647792816e-02 2.056394703686237335e-02
1.600835844874382019e-02 1.815619505941867828e-02
1.231709681451320648e-02 1.564268022775650024e-02
9.042404592037200928e-03 1.299975346773862839e-02
6.124178413301706314e-03 1.021978724747896194e-02
3.719732863828539848e-03 7.457012310624122620e-03
1.883703516796231270e-03 4.883177578449249268e-03
7.085485267452895641e-04 2.644419670104980469e-03
1.108566793845966458e-04 8.522925199940800667e-04
-4.642643034458160400e-05 -5.040269461460411549e-04
9.943747863871976733e-05 -1.543691963888704777e-03
4.092222370672971010e-04 -2.318941056728363037e-03
8.254364947788417339e-04 -2.996342489495873451e-03
1.252199523150920868e-03 -3.666540374979376793e-03
1.717255450785160065e-03 -4.360850434750318527e-03
2.319014864042401314e-03 -5.111476872116327286e-03
3.184853121638298035e-03 -5.958762951195240021e-03
4.492297302931547165e-03 -6.889791693538427353e-03
6.413678172975778580e-03 -7.918964140117168427e-03
9.041434153914451599e-03 -9.054957889020442963e-03
1.245421729981899261e-02 -1.022517774254083633e-02
1.663108170032501221e-02 -1.141433231532573700e-02
2.133421599864959717e-02 -1.251884829252958298e-02
2.646454982459545135e-02 -1.349405013024806976e-02
3.196884691715240479e-02 -1.432832516729831696e-02
3.790437057614326477e-02 -1.502950955182313919e-02
4.435050114989280701e-02 -1.561788842082023621e-02
5.153992772102355957e-02 -1.612078398466110229e-02
5.952262505888938904e-02 -1.656108349561691284e-02
6.846246868371963501e-02 -1.694602333009243011e-02
7.815328985452651978e-02 -1.727799884974956512e-02
8.841849863529205322e-02 -1.752895489335060120e-02
9.892140328884124756e-02 -1.770605705678462982e-02
1.093339025974273682e-01 -1.781295612454414368e-02
1.194420531392097473e-01 -1.785797066986560822e-02
1.290065944194793701e-01 -1.785363070666790009e-02
1.379305422306060791e-01 -1.781447231769561768e-02
1.461981534957885742e-01 -1.774729974567890167e-02
1.539007276296615601e-01 -1.766606979072093964e-02
1.612662523984909058e-01 -1.756731234490871429e-02
1.687076985836029053e-01 -1.745016314089298248e-02
1.763979345560073853e-01 -1.731070317327976227e-02
1.846075654029846191e-01 -1.714356988668441772e-02
1.936001181602478027e-01 -1.694127731025218964e-02
2.032830566167831421e-01 -1.670382730662822723e-02
2.132501304149627686e-01 -1.644205302000045776e-02
2.232822328805923462e-01 -1.616020500659942627e-02
2.329350858926773071e-01 -1.587116718292236328e-02
2.420255690813064575e-01 -1.558380015194416046e-02
2.505317330360412598e-01 -1.530020684003829956e-02
2.584487199783325195e-01 -1.502251811325550079e-02
2.660483121871948242e-01 -1.474416628479957581e-02
2.738049030303955078e-01 -1.444922108203172684e-02
2.818892300128936768e-01 -1.413115765899419785e-02
2.904112935066223145e-01 -1.378356944769620895e-02
2.994944751262664795e-01 -1.340236142277717590e-02
3.088620305061340332e-01 -1.299805380403995514e-02
3.180657327175140381e-01 -1.259178947657346725e-02
3.269099295139312744e-01 -1.219264697283506393e-02
3.352184295654296875e-01 -1.180831436067819595e-02
3.432080745697021484e-01 -1.142804790288209915e-02
3.510859012603759766e-01 -1.104363054037094116e-02
3.589877188205718994e-01 -1.064918283373117447e-02
3.671859204769134521e-01 -1.023245509713888168e-02
3.757455646991729736e-01 -9.790796786546707153e-03
3.844681084156036377e-01 -9.334329515695571899e-03
3.929699361324310303e-01 -8.882525376975536346e-03
4.011569917201995850e-01 -8.441131561994552612e-03
4.090859889984130859e-01 -8.006810210645198822e-03
4.169039130210876465e-01 -7.572697009891271591e-03
4.244845807552337646e-01 -7.146636955440044403e-03
4.319441020488739014e-01 -6.722686812281608582e-03
4.394955635070800781e-01 -6.289325654506683350e-03
4.472284317016601562e-01 -5.841518752276897430e-03
4.551114439964294434e-01 -5.380981601774692535e-03
4.630185365676879883e-01 -4.915144294500350952e-03
4.710247516632080078e-01 -4.439827986061573029e-03
4.792180955410003662e-01 -3.950358368456363678e-03
4.874523878097534180e-01 -3.455772530287504196e-03
4.955193996429443359e-01 -2.968613756820559502e-03
5.035148859024047852e-01 -2.483672462403774261e-03
5.115188956260681152e-01 -1.996667124330997467e-03
5.195525884628295898e-01 -1.506722765043377876e-03
5.276120901107788086e-01 -1.014492823742330074e-03
5.356009006500244141e-01 -5.263893399387598038e-04
5.435891747474670410e-01 -3.867608756991103292e-05
5.515360236167907715e-01 4.456576716620475054e-04
5.593574643135070801e-01 9.209621348418295383e-04
5.670151114463806152e-01 1.384396106004714966e-03
5.745941996574401855e-01 1.840770361013710499e-03
5.821427106857299805e-01 2.292469376698136330e-03
5.896458625793457031e-01 2.738518174737691879e-03
5.972107648849487305e-01 3.184265689924359322e-03
6.048666238784790039e-01 3.630456980317831039e-03
6.127222776412963867e-01 4.082283470779657364e-03
6.208528876304626465e-01 4.542569164186716080e-03
6.293383836746215820e-01 5.014282651245594025e-03
6.381858587265014648e-01 5.495574325323104858e-03
6.472978591918945312e-01 5.979833658784627914e-03
6.564967036247253418e-01 6.457044743001461029e-03
6.656082868576049805e-01 6.916184909641742706e-03
6.747335791587829590e-01 7.359036244451999664e-03
6.838119626045227051e-01 7.781133055686950684e-03
6.929206252098083496e-01 8.183442056179046631e-03
7.021248340606689453e-01 8.567687124013900757e-03
7.114934325218200684e-01 8.935274556279182434e-03
7.209966778755187988e-01 9.284310974180698395e-03
7.304537892341613770e-01 9.606538340449333191e-03
7.395985722541809082e-01 9.894066490232944489e-03
7.483941912651062012e-01 1.014527585357427597e-02
7.570244669914245605e-01 1.036403141915798187e-02
7.654395699501037598e-01 1.054944843053817749e-02
7.738477587699890137e-01 1.070627849549055099e-02
7.824836373329162598e-01 1.083461288362741470e-02
7.915899753570556641e-01 1.093390863388776779e-02
8.012183308601379395e-01 1.100091263651847839e-02
8.112996220588684082e-01 1.102884672582149506e-02
8.215143084526062012e-01 1.101492345333099365e-02
8.317291140556335449e-01 1.095963642001152039e-02
8.418678641319274902e-01 1.086031086742877960e-02
8.516463041305541992e-01 1.071682106703519821e-02
8.611164689064025879e-01 1.052677538245916367e-02
8.704023361206054688e-01 1.028877869248390198e-02
8.795685768127441406e-01 1.000525150448083878e-02
8.886005878448486328e-01 9.678745642304420471e-03
8.974831700325012207e-01 9.310281835496425629e-03
9.058927893638610840e-01 8.919700048863887787e-03
9.138144850730895996e-01 8.509875275194644928e-03
9.214668273925781250e-01 8.056920953094959259e-03
9.291933774948120117e-01 7.529436610639095306e-03
9.363479614257812500e-01 7.002252154052257538e-03
9.432523846626281738e-01 6.455666851252317429e-03
9.501770138740539551e-01 5.862275138497352600e-03
9.573792219161987305e-01 5.185905378311872482e-03
9.610154032707214355e-01 4.818020854145288467e-03
9.687716960906982422e-01 3.955131396651268005e-03
9.774336814880371094e-01 2.875443315133452415e-03
9.873137474060058594e-01 1.522189471870660782e-03
9.987243413925170898e-01 -1.613973436178639531e-04
