9.989064335823059082e-01 3.002877638209611177e-04
9.950105547904968262e-01 1.584395300596952438e-03
9.890242815017700195e-01 2.978168660774827003e-03
9.813653230667114258e-01 4.445237573236227036e-03
9.724513292312622070e-01 5.949230864644050598e-03
9.579334855079650879e-01 8.155950345098972321e-03
9.478508234024047852e-01 9.577565826475620270e-03
9.377298355102539062e-01 1.094269286841154099e-02
9.278267621994018555e-01 1.223001442849636078e-02
9.185421466827392578e-01 1.339751482009887695e-02
9.090541005134582520e-01 1.457360759377479553e-02
8.997886776924133301e-01 1.570446975529193878e-02
8.907570838928222656e-01 1.679616421461105347e-02
8.819391131401062012e-01 1.785100996494293213e-02
8.731752634048461914e-01 1.888597942888736725e-02
8.641864657402038574e-01 1.993350498378276825e-02
8.549100160598754883e-01 2.100051753222942352e-02
8.452970385551452637e-01 2.209296822547912598e-02
8.355354070663452148e-01 2.318798005580902100e-02
8.256266713142395020e-01 2.428420260548591614e-02
8.157603740692138672e-01 2.535940147936344147e-02
8.060851097106933594e-01 2.639652788639068604e-02
7.967333793640136719e-01 2.738217450678348541e-02
7.875949740409851074e-01 2.832890115678310394e-02
7.787218093872070312e-01 2.923395298421382904e-02
7.701804041862487793e-01 3.009100258350372314e-02
7.620444893836975098e-01 3.089465759694576263e-02
7.542529702186584473e-01 3.165096417069435120e-02
7.466207146644592285e-01 3.237906098365783691e-02
7.390916347503662109e-01 3.308450058102607727e-02
7.315301299095153809e-01 3.377983346581459045e-02
7.238671183586120605e-01 3.447112068533897400e-02
7.159312963485717773e-01 3.517352789640426636e-02
7.077928185462951660e-01 3.587875142693519592e-02
6.994745135307312012e-01 3.658390045166015625e-02
6.911474466323852539e-01 3.727381303906440735e-02
6.828129887580871582e-01 3.794831410050392151e-02
6.745412349700927734e-01 3.860183805227279663e-02
6.663406491279602051e-01 3.923191130161285400e-02
6.581807136535644531e-01 3.984103351831436157e-02
6.499819755554199219e-01 4.043369740247726440e-02
6.416589617729187012e-01 4.101683199405670166e-02
6.332191228866577148e-01 4.158979654312133789e-02
6.246755719184875488e-01 4.215139523148536682e-02
6.161115169525146484e-01 4.269485920667648315e-02
6.074991226196289062e-01 4.322088509798049927e-02
5.988574028015136719e-01 4.372648894786834717e-02
5.901025533676147461e-01 4.421570152044296265e-02
5.812591314315795898e-01 4.468678683042526245e-02
5.722423195838928223e-01 4.514359682798385620e-02
5.631645321846008301e-01 4.558098316192626953e-02
5.540969967842102051e-01 4.599466919898986816e-02
5.451293587684631348e-01 4.638048633933067322e-02
5.363623499870300293e-01 4.673483222723007202e-02
5.278182029724121094e-01 4.705842956900596619e-02
5.194668173789978027e-01 4.735293611884117126e-02
5.112303495407104492e-01 4.762236773967742920e-02
5.030407905578613281e-01 4.786867275834083557e-02
4.947552382946014404e-01 4.809689894318580627e-02
4.863820374011993408e-01 4.830545559525489807e-02
4.778921008110046387e-01 4.849610105156898499e-02
4.693620800971984863e-01 4.866744950413703918e-02
4.608803093433380127e-01 4.881716892123222351e-02
4.525482952594757080e-01 4.894442856311798096e-02
4.443476796150207520e-01 4.904935136437416077e-02
4.361934065818786621e-01 4.913162440061569214e-02
4.279907643795013428e-01 4.919249191880226135e-02
4.195234179496765137e-01 4.923100769519805908e-02
4.107844829559326172e-01 4.924772307276725769e-02
4.018238782882690430e-01 4.924263060092926025e-02
3.927151560783386230e-01 4.921418800950050354e-02
3.835255205631256104e-01 4.916048049926757812e-02
3.744130134582519531e-01 4.908081889152526855e-02
3.654470741748809814e-01 4.897635430097579956e-02
3.567067086696624756e-01 4.885030165314674377e-02
3.483179509639739990e-01 4.870847240090370178e-02
3.400507271289825439e-01 4.854686930775642395e-02
3.319432437419891357e-01 4.836525768041610718e-02
3.239013254642486572e-01 4.816089943051338196e-02
3.157812654972076416e-01 4.793028533458709717e-02
3.074432015419006348e-01 4.766892641782760620e-02
2.989425957202911377e-01 4.737921059131622314e-02
2.903795838356018066e-01 4.706458002328872681e-02
2.819626629352569580e-01 4.673186317086219788e-02
2.738383710384368896e-01 4.638420045375823975e-02
2.661108672618865967e-01 4.603623971343040466e-02
2.587794065475463867e-01 4.568610712885856628e-02
2.515810132026672363e-01 4.531854391098022461e-02
2.441115975379943848e-01 4.490565508604049683e-02
2.360845357179641724e-01 4.442862048745155334e-02
2.274319082498550415e-01 4.387981817126274109e-02
2.180598229169845581e-01 4.324657469987869263e-02
2.081322222948074341e-01 4.253564029932022095e-02
1.979880183935165405e-01 4.176816344261169434e-02
1.884200274944305420e-01 4.100596532225608826e-02
1.795416772365570068e-01 4.025646299123764038e-02
1.713390946388244629e-01 3.952001780271530151e-02
1.635459363460540771e-01 3.877230733633041382e-02
1.560720801353454590e-01 3.800786659121513367e-02
1.486966311931610107e-01 3.720527514815330505e-02
1.411554813385009766e-01 3.634421527385711670e-02
1.333767175674438477e-01 3.541209176182746887e-02
1.256805211305618286e-01 3.445655107498168945e-02
1.183567643165588379e-01 3.349737823009490967e-02
1.113017946481704712e-01 3.252736106514930725e-02
1.044125780463218689e-01 3.152231127023696899e-02
9.746255725622177124e-02 3.044299222528934479e-02
9.039520472288131714e-02 2.927115187048912048e-02
8.302036672830581665e-02 2.796940132975578308e-02
7.530206441879272461e-02 2.651995606720447540e-02
6.737413257360458374e-02 2.495173178613185883e-02
5.972734093666076660e-02 2.334876358509063721e-02
5.238509923219680786e-02 2.170491032302379608e-02
4.548243060708045959e-02 2.003562077879905701e-02
3.895692154765129089e-02 1.831804774701595306e-02
3.277819976210594177e-02 1.654118485748767853e-02
2.693727053701877594e-02 1.469334401190280914e-02
2.139123901724815369e-02 1.277872640639543533e-02
1.621422544121742249e-02 1.081686466932296753e-02
1.166507694870233536e-02 8.909332565963268280e-03
7.939293049275875092e-03 7.105947937816381454e-03
5.005718674510717392e-03 5.439622793346643448e-03
2.881002146750688553e-03 3.954934887588024139e-03
1.437829574570059776e-03 2.695761853829026222e-03
5.654195556417107582e-04 1.669540884904563427e-03
1.123023612308315933e-04 8.498153765685856342e-04
-6.054683035472407937e-05 2.208027726737782359e-04
-4.219001493765972555e-05 -2.790269791148602962e-04
1.163548731710761786e-04 -6.724160048179328442e-04
3.545995859894901514e-04 -1.050324528478085995e-03
6.396201206371188164e-04 -1.442824839614331722e-03
1.059283968061208725e-03 -1.879242365248501301e-03
1.568787265568971634e-03 -2.333486219868063927e-03
2.301053842529654503e-03 -2.830938203260302544e-03
3.478370606899261475e-03 -3.389402758330106735e-03
5.440801847726106644e-03 -4.013822413980960846e-03
7.911392487585544586e-03 -4.682722501456737518e-03
1.088176667690277100e-02 -5.363381933420896530e-03
1.456595398485660553e-02 -6.062901578843593597e-03
1.914137788116931915e-02 -6.759954150766134262e-03
2.489569596946239471e-02 -7.457963656634092331e-03
3.175500407814979553e-02 -8.126795291900634766e-03
3.984957188367843628e-02 -8.790346793830394745e-03
4.922790825366973877e-02 -9.465286508202552795e-03
5.963492020964622498e-02 -1.014738995581865311e-02
6.972463428974151611e-02 -1.076163537800312042e-02
7.917071878910064697e-02 -1.129592210054397583e-02
8.787631243467330933e-02 -1.175756193697452545e-02
9.592571109533309937e-02 -1.215282175689935684e-02
1.035531088709831238e-01 -1.250401884317398071e-02
1.109652221202850342e-01 -1.282158680260181427e-02
1.185137182474136353e-01 -1.313426811248064041e-02
1.264951527118682861e-01 -1.346010994166135788e-02
1.347287148237228394e-01 -1.379117928445339203e-02
1.427316516637802124e-01 -1.409799326211214066e-02
1.505072414875030518e-01 -1.438645087182521820e-02
1.580378860235214233e-01 -1.465639937669038773e-02
1.652861982583999634e-01 -1.490823179483413696e-02
1.724187284708023071e-01 -1.514727808535099030e-02
1.796546429395675659e-01 -1.538054458796977997e-02
1.872404366731643677e-01 -1.561527606099843979e-02
1.954179257154464722e-01 -1.585804298520088196e-02
2.040453404188156128e-01 -1.610418409109115601e-02
2.132286578416824341e-01 -1.635466143488883972e-02
2.226155996322631836e-01 -1.659978367388248444e-02
2.320022732019424438e-01 -1.683391071856021881e-02
2.411443144083023071e-01 -1.704971492290496826e-02
2.499766498804092407e-01 -1.724702678620815277e-02
2.585828602313995361e-01 -1.742731779813766479e-02
2.670738697052001953e-01 -1.759397052228450775e-02
2.757286429405212402e-01 -1.775158010423183441e-02
2.845886051654815674e-01 -1.790003105998039246e-02
2.939026653766632080e-01 -1.804431155323982239e-02
3.034279048442840576e-01 -1.817883737385272980e-02
3.129612207412719727e-01 -1.830228604376316071e-02
3.223967552185058594e-01 -1.841216720640659332e-02
3.314466774463653564e-01 -1.850626617670059204e-02
3.402761518955230713e-01 -1.858471520245075226e-02
3.488857746124267578e-01 -1.864761486649513245e-02
3.574944138526916504e-01 -1.869831047952175140e-02
3.662898838520050049e-01 -1.873679831624031067e-02
3.755051493644714355e-01 -1.876353658735752106e-02
3.851042687892913818e-01 -1.877669058740139008e-02
3.948081731796264648e-01 -1.877605915069580078e-02
4.044862091541290283e-01 -1.876258477568626404e-02
4.138994216918945312e-01 -1.873462274670600891e-02
4.231557846069335938e-01 -1.869321800768375397e-02
4.321179986000061035e-01 -1.863807253539562225e-02
4.408467113971710205e-01 -1.856935769319534302e-02
4.495709836483001709e-01 -1.848626136779785156e-02
4.585639238357543945e-01 -1.838569529354572296e-02
4.678261280059814453e-01 -1.826784387230873108e-02
4.772002398967742920e-01 -1.813320629298686981e-02
4.865877330303192139e-01 -1.798379980027675629e-02
4.960588812828063965e-01 -1.781654916703701019e-02
5.054928064346313477e-01 -1.763452403247356415e-02
5.148533582687377930e-01 -1.743650250136852264e-02
5.241410136222839355e-01 -1.722235605120658875e-02
5.333433747291564941e-01 -1.699453406035900116e-02
5.425354838371276855e-01 -1.675244607031345367e-02
5.515211224555969238e-01 -1.650187186896800995e-02
5.601649880409240723e-01 -1.624787226319313049e-02
5.684446096420288086e-01 -1.599148474633693695e-02
5.764642357826232910e-01 -1.573190838098526001e-02
5.841276049613952637e-01 -1.547287404537200928e-02
5.916955471038818359e-01 -1.520684733986854553e-02
5.993470549583435059e-01 -1.492762286216020584e-02
6.071972250938415527e-01 -1.463063526898622513e-02
6.153898835182189941e-01 -1.431101467460393906e-02
6.238179206848144531e-01 -1.397255808115005493e-02
6.324172019958496094e-01 -1.361786853522062302e-02
6.411314606666564941e-01 -1.324971765279769897e-02
6.497479081153869629e-01 -1.287770830094814301e-02
6.581050157546997070e-01 -1.250900980085134506e-02
6.663078665733337402e-01 -1.214021071791648865e-02
6.744561195373535156e-01 -1.176767516881227493e-02
6.825420260429382324e-01 -1.139313634485006332e-02
6.906430721282958984e-01 -1.101397536695003510e-02
6.987883448600769043e-01 -1.062955521047115326e-02
7.070719599723815918e-01 -1.023640669882297516e-02
7.154603600502014160e-01 -9.836950339376926422e-03
7.238827347755432129e-01 -9.435098618268966675e-03
7.323519587516784668e-01 -9.031125344336032867e-03
7.409522533416748047e-01 -8.621988818049430847e-03
7.496759295463562012e-01 -8.208826184272766113e-03
7.583563327789306641e-01 -7.800424937158823013e-03
7.669687867164611816e-01 -7.398549932986497879e-03
7.755255699157714844e-01 -7.003367878496646881e-03
7.839915156364440918e-01 -6.616758648306131363e-03
7.923241257667541504e-01 -6.241388618946075439e-03
8.005878925323486328e-01 -5.874898750334978104e-03
8.088682293891906738e-01 -5.514109972864389420e-03
8.172149658203125000e-01 -5.157001782208681107e-03
8.256011605262756348e-01 -4.805005155503749847e-03
8.339452147483825684e-01 -4.461800679564476013e-03
8.421618342399597168e-01 -4.130538087338209152e-03
8.502866029739379883e-01 -3.810279304161667824e-03
8.582389354705810547e-01 -3.504479536786675453e-03
8.660959005355834961e-01 -3.210351802408695221e-03
8.739930391311645508e-01 -2.923229942098259926e-03
8.821613788604736328e-01 -2.636732999235391617e-03
8.906320333480834961e-01 -2.350549912080168724e-03
8.994002938270568848e-01 -2.066097920760512352e-03
9.083084464073181152e-01 -1.788793131709098816e-03
9.171551465988159180e-01 -1.525393687188625336e-03
9.259654879570007324e-01 -1.278877840377390385e-03
9.349038004875183105e-01 -1.047958387061953545e-03
9.431040883064270020e-01 -8.465239079669117928e-04
9.507767558097839355e-01 -6.695489864796400070e-04
9.582089185714721680e-01 -5.123725277371704578e-04
9.655333161354064941e-01 -3.770730399992316961e-04
9.690680503845214844e-01 -3.209854476153850555e-04
9.762234091758728027e-01 -2.348534471821039915e-04
9.836713075637817383e-01 -1.877651957329362631e-04
9.916253089904785156e-01 -1.849040563683956861e-04
1.000298857688903809e+00 -2.314533921889960766e-04
