1.000135898590087891e+00 3.029705840162932873e-04
9.959616661071777344e-01 1.766638481058180332e-03
9.891136884689331055e-01 3.421915462240576744e-03
9.802522659301757812e-01 5.182067397981882095e-03
9.700380563735961914e-01 6.960359867662191391e-03
9.541283249855041504e-01 9.391139261424541473e-03
9.439134001731872559e-01 1.075574941933155060e-02
9.341447353363037109e-01 1.191691961139440536e-02
9.247506260871887207e-01 1.290259324014186859e-02
9.157069325447082520e-01 1.374044362455606461e-02
9.059519767761230469e-01 1.461219694465398788e-02
8.960486054420471191e-01 1.546907611191272736e-02
8.864324688911437988e-01 1.628023572266101837e-02
8.773115277290344238e-01 1.702197827398777008e-02
8.686975240707397461e-01 1.770257391035556793e-02
8.605172634124755859e-01 1.833000406622886658e-02
8.526327013969421387e-01 1.892163604497909546e-02
8.446555137634277344e-01 1.951231062412261963e-02
8.363753557205200195e-01 2.011725679039955139e-02
8.275585770606994629e-01 2.075377479195594788e-02
8.183212876319885254e-01 2.141259424388408661e-02
8.089653849601745605e-01 2.207223512232303619e-02
7.994980216026306152e-01 2.273302152752876282e-02
7.900643944740295410e-01 2.338481321930885315e-02
7.807762622833251953e-01 2.402020804584026337e-02
7.717577219009399414e-01 2.463085763156414032e-02
7.629250288009643555e-01 2.522342279553413391e-02
7.542815208435058594e-01 2.579864487051963806e-02
7.457525134086608887e-01 2.636236138641834259e-02
7.375974655151367188e-01 2.689805813133716583e-02
7.299668788909912109e-01 2.739618904888629913e-02
7.227483987808227539e-01 2.786475792527198792e-02
7.157511711120605469e-01 2.831592597067356110e-02
7.088284492492675781e-01 2.875926159322261810e-02
7.018096446990966797e-01 2.920581027865409851e-02
6.946263909339904785e-01 2.966035157442092896e-02
6.871816515922546387e-01 3.012876398861408234e-02
6.795364618301391602e-01 3.060733899474143982e-02
6.718292832374572754e-01 3.108650632202625275e-02
6.642510890960693359e-01 3.155454620718955994e-02
6.566663980484008789e-01 3.201927617192268372e-02
6.489910483360290527e-01 3.248601034283638000e-02
6.412383317947387695e-01 3.295365348458290100e-02
6.335322856903076172e-01 3.341531381011009216e-02
6.258201003074645996e-01 3.387327864766120911e-02
6.180015206336975098e-01 3.433338180184364319e-02
6.100934743881225586e-01 3.479380160570144653e-02
6.020444631576538086e-01 3.525754064321517944e-02
5.938904881477355957e-01 3.572139889001846313e-02
5.854169726371765137e-01 3.619744628667831421e-02
5.766847133636474609e-01 3.668122738599777222e-02
5.678729414939880371e-01 3.716283664107322693e-02
5.592496395111083984e-01 3.762713447213172913e-02
5.507009029388427734e-01 3.808028995990753174e-02
5.421894192695617676e-01 3.852269798517227173e-02
5.336582064628601074e-01 3.895638510584831238e-02
5.251588225364685059e-01 3.937901183962821960e-02
5.165566802024841309e-01 3.979712724685668945e-02
5.077128410339355469e-01 4.021692276000976562e-02
4.984742105007171631e-01 4.064201563596725464e-02
4.891068637371063232e-01 4.105993360280990601e-02
4.797457754611968994e-01 4.146379977464675903e-02
4.703611731529235840e-01 4.185482114553451538e-02
4.607888460159301758e-01 4.223651066422462463e-02
4.511575102806091309e-01 4.260345920920372009e-02
4.415846168994903564e-01 4.294845834374427795e-02
4.321287870407104492e-01 4.327141121029853821e-02
4.226057529449462891e-01 4.357573762536048889e-02
4.130358397960662842e-01 4.386401921510696411e-02
4.037604629993438721e-01 4.412366822361946106e-02
3.949072957038879395e-01 4.435357823967933655e-02
3.863413631916046143e-01 4.455597698688507080e-02
3.778613209724426270e-01 4.473767802119255066e-02
3.695290684700012207e-01 4.489526525139808655e-02
3.613138198852539062e-01 4.503219947218894958e-02
3.531749844551086426e-01 4.514830559492111206e-02
3.447520136833190918e-01 4.524908214807510376e-02
3.362253606319427490e-01 4.532995074987411499e-02
3.276095390319824219e-01 4.538739472627639771e-02
3.189681768417358398e-01 4.541900008916854858e-02
3.101910650730133057e-01 4.542675241827964783e-02
3.013854026794433594e-01 4.541015997529029846e-02
2.926710844039916992e-01 4.536841064691543579e-02
2.842475175857543945e-01 4.530274868011474609e-02
2.760283648967742920e-01 4.521176591515541077e-02
2.678623199462890625e-01 4.509457573294639587e-02
2.598093748092651367e-01 4.494938999414443970e-02
2.518101632595062256e-01 4.477907717227935791e-02
2.437535673379898071e-01 4.457795619964599609e-02
2.356735020875930786e-01 4.434927552938461304e-02
2.275960147380828857e-01 4.409035667777061462e-02
2.196848243474960327e-01 4.380908235907554626e-02
2.119960486888885498e-01 4.350328817963600159e-02
2.046115100383758545e-01 4.318545386195182800e-02
1.974344849586486816e-01 4.284885525703430176e-02
1.905191689729690552e-01 4.250008612871170044e-02
1.836366057395935059e-01 4.211872443556785583e-02
1.764767318964004517e-01 4.168656095862388611e-02
1.688722074031829834e-01 4.118093475699424744e-02
1.608190238475799561e-01 4.060800373554229736e-02
1.524230986833572388e-01 3.996318951249122620e-02
1.438904255628585815e-01 3.927422687411308289e-02
1.354824304580688477e-01 3.854373097419738770e-02
1.271758079528808594e-01 3.776780888438224792e-02
1.190144419670104980e-01 3.692836314439773560e-02
1.106261536478996277e-01 3.598018735647201538e-02
1.017540767788887024e-01 3.486561030149459839e-02
9.221679717302322388e-02 3.354635834693908691e-02
8.241587132215499878e-02 3.207867965102195740e-02
7.250587642192840576e-02 3.046930581331253052e-02
6.310747563838958740e-02 2.882201224565505981e-02
5.428594723343849182e-02 2.710600197315216064e-02
4.626079276204109192e-02 2.537094801664352417e-02
3.891959041357040405e-02 2.352437376976013184e-02
3.210687264800071716e-02 2.157638967037200928e-02
2.557216957211494446e-02 1.943862996995449066e-02
1.935317553579807281e-02 1.709246262907981873e-02
1.379805244505405426e-02 1.457841694355010986e-02
9.000788442790508270e-03 1.193851232528686523e-02
5.314566195011138916e-03 9.309565648436546326e-03
2.615435980260372162e-03 6.753735709935426712e-03
9.928406216204166412e-04 4.439775831997394562e-03
1.638177345739677548e-04 2.387649612501263618e-03
-4.268169504939578474e-05 7.810067036189138889e-04
1.916592373163439333e-05 -4.141366225667297840e-04
2.596849226392805576e-04 -1.278418581932783127e-03
6.528894882649183273e-04 -1.962438458576798439e-03
1.150402473285794258e-03 -2.582929562777280807e-03
1.820570672862231731e-03 -3.255084389820694923e-03
2.587456488981842995e-03 -4.017496015876531601e-03
3.586940001696348190e-03 -4.898571409285068512e-03
4.671963863074779510e-03 -5.849792156368494034e-03
5.781369283795356750e-03 -6.752120796591043472e-03
6.922009866684675217e-03 -7.595108356326818466e-03
8.284862153232097626e-03 -8.441208861768245697e-03
1.019310113042593002e-02 -9.381386451423168182e-03
1.285608205944299698e-02 -1.045742072165012360e-02
1.658666506409645081e-02 -1.172374747693538666e-02
2.160180918872356415e-02 -1.313271280378103256e-02
2.826246246695518494e-02 -1.467657554894685745e-02
3.601997345685958862e-02 -1.617038436233997345e-02
4.448265954852104187e-02 -1.749696396291255951e-02
5.328424274921417236e-02 -1.857820339500904083e-02
6.214942783117294312e-02 -1.939153485000133514e-02
7.069101929664611816e-02 -1.995189301669597626e-02
7.852309942245483398e-02 -2.028475515544414520e-02
8.562307804822921753e-02 -2.045726589858531952e-02
9.237411618232727051e-02 -2.051270194351673126e-02
9.914213418960571289e-02 -2.051008492708206177e-02
1.058289259672164917e-01 -2.041827142238616943e-02
1.127426177263259888e-01 -2.025340870022773743e-02
1.201222985982894897e-01 -2.001832239329814911e-02
1.280985325574874878e-01 -1.970794796943664551e-02
1.364440172910690308e-01 -1.932265236973762512e-02
1.449909508228302002e-01 -1.885929331183433533e-02
1.535654217004776001e-01 -1.833475567400455475e-02
1.622044295072555542e-01 -1.775791868567466736e-02
1.706911474466323853e-01 -1.714812219142913818e-02
1.788310110569000244e-01 -1.651990972459316254e-02
1.864672154188156128e-01 -1.590119116008281708e-02
1.937173008918762207e-01 -1.528968010097742081e-02
2.006705850362777710e-01 -1.468617096543312073e-02
2.074956744909286499e-01 -1.407497748732566833e-02
2.145659923553466797e-01 -1.342673320323228836e-02
2.222734093666076660e-01 -1.270608417689800262e-02
2.309470176696777344e-01 -1.188634522259235382e-02
2.405555099248886108e-01 -1.097126957029104233e-02
2.505873441696166992e-01 -1.001297030597925186e-02
2.605359256267547607e-01 -9.061756543815135956e-03
2.702868282794952393e-01 -8.132931776344776154e-03
2.794863879680633545e-01 -7.262479513883590698e-03
2.880357503890991211e-01 -6.463773082941770554e-03
2.962811887264251709e-01 -5.709279328584671021e-03
3.047666549682617188e-01 -4.953945521265268326e-03
3.137942254543304443e-01 -4.174113739281892776e-03
3.233352899551391602e-01 -3.375315805897116661e-03
3.330076038837432861e-01 -2.594177844002842903e-03
3.426173627376556396e-01 -1.845779479481279850e-03
3.520750403404235840e-01 -1.138362102210521698e-03
3.610056042671203613e-01 -5.027095321565866470e-04
3.693531453609466553e-01 5.544127998291514814e-05
3.772731721401214600e-01 5.540530546568334103e-04
3.851054310798645020e-01 1.016487483866512775e-03
3.929747343063354492e-01 1.452179509215056896e-03
4.010273516178131104e-01 1.866077422164380550e-03
4.092574715614318848e-01 2.257194137200713158e-03
4.176464080810546875e-01 2.624673768877983093e-03
4.261962771415710449e-01 2.968227025121450424e-03
4.347688853740692139e-01 3.279041964560747147e-03
4.432559907436370850e-01 3.555837552994489670e-03
4.514724016189575195e-01 3.794343676418066025e-03
4.595476090908050537e-01 4.000283312052488327e-03
4.674413204193115234e-01 4.174102097749710083e-03
4.753217399120330811e-01 4.321643151342868805e-03
4.831605851650238037e-01 4.444176796823740005e-03
4.911077618598937988e-01 4.543520975857973099e-03
4.992331564426422119e-01 4.623318091034889221e-03
5.075803995132446289e-01 4.683843813836574554e-03
5.160030722618103027e-01 4.724560305476188660e-03
5.244642496109008789e-01 4.744076170027256012e-03
5.328006148338317871e-01 4.747150465846061707e-03
5.407400727272033691e-01 4.735739436000585556e-03
5.482791662216186523e-01 4.712739028036594391e-03
5.553855299949645996e-01 4.679203033447265625e-03
5.622653961181640625e-01 4.636966157704591751e-03
5.690246224403381348e-01 4.586412105709314346e-03
5.759432911872863770e-01 4.526850767433643341e-03
5.831535458564758301e-01 4.457633011043071747e-03
5.907265543937683105e-01 4.379760939627885818e-03
5.983347892761230469e-01 4.296940751373767853e-03
6.058039665222167969e-01 4.211555700749158859e-03
6.132910251617431641e-01 4.121800884604454041e-03
6.208117008209228516e-01 4.027857910841703415e-03
6.283395290374755859e-01 3.930955193936824799e-03
6.359100341796875000e-01 3.831538604572415352e-03
6.437724828720092773e-01 3.727493574842810631e-03
6.519231796264648438e-01 3.619750263169407845e-03
6.600878834724426270e-01 3.512416034936904907e-03
6.681200265884399414e-01 3.407688811421394348e-03
6.760545969009399414e-01 3.305922960862517357e-03
6.840140819549560547e-01 3.206136170774698257e-03
6.918086409568786621e-01 3.110763151198625565e-03
6.992440819740295410e-01 3.022162010893225670e-03
7.065047025680541992e-01 2.938575809821486473e-03
7.138702273368835449e-01 2.857184270396828651e-03
7.211554050445556641e-01 2.779355272650718689e-03
7.284503579139709473e-01 2.705163089558482170e-03
7.362381815910339355e-01 2.630726201459765434e-03
7.450169920921325684e-01 2.552896738052368164e-03
7.549072504043579102e-01 2.471618354320526123e-03
7.657480835914611816e-01 2.389251952990889549e-03
7.773213982582092285e-01 2.307875314727425575e-03
7.895022034645080566e-01 2.227764809504151344e-03
8.017826080322265625e-01 2.151540480554103851e-03
8.133218884468078613e-01 2.083175349980592728e-03
8.240935802459716797e-01 2.021189779043197632e-03
8.342982530593872070e-01 1.961158122867345810e-03
8.443141579627990723e-01 1.898025395348668098e-03
8.541941046714782715e-01 1.829187036491930485e-03
8.641312718391418457e-01 1.750969444401562214e-03
8.741888403892517090e-01 1.661568298004567623e-03
8.843744397163391113e-01 1.559813390485942364e-03
8.942468166351318359e-01 1.450259122066199780e-03
9.035722613334655762e-01 1.334721688181161880e-03
9.125062227249145508e-01 1.213200856000185013e-03
9.214670062065124512e-01 1.080075628124177456e-03
9.310408234596252441e-01 9.296155185438692570e-04
9.402690529823303223e-01 7.802898180671036243e-04
9.494849443435668945e-01 6.290944875217974186e-04
9.587454795837402344e-01 4.756780108436942101e-04
9.679400324821472168e-01 3.209169663023203611e-04
9.721930623054504395e-01 2.478459500707685947e-04
9.802225828170776367e-01 1.032958462019450963e-04
9.875164628028869629e-01 -3.997929889010265470e-05
9.939544796943664551e-01 -1.829966495279222727e-04
9.994164109230041504e-01 -3.267733554821461439e-04
