9.998698234558105469e-01 4.659266851376742125e-04
9.929136037826538086e-01 2.127878833562135696e-03
9.854795336723327637e-01 3.673460334539413452e-03
9.777150750160217285e-01 5.103072151541709900e-03
9.697673916816711426e-01 6.417116150259971619e-03
9.580796957015991211e-01 8.141730912029743195e-03
9.504797458648681641e-01 9.155900217592716217e-03
9.429739117622375488e-01 1.008643954992294312e-02
9.354164600372314453e-01 1.095537655055522919e-02
9.278054237365722656e-01 1.176482625305652618e-02
9.194300174713134766e-01 1.261627208441495895e-02
9.107103347778320312e-01 1.346368622034788132e-02
9.017253518104553223e-01 1.430632732808589935e-02
8.927336335182189941e-01 1.511864271014928818e-02
8.838316202163696289e-01 1.589796878397464752e-02
8.751362562179565430e-01 1.664091087877750397e-02
8.666834831237792969e-01 1.734860800206661224e-02
8.582432270050048828e-01 1.804535463452339172e-02
8.497331738471984863e-01 1.873889751732349396e-02
8.411108851432800293e-01 1.943444460630416870e-02
8.323848247528076172e-01 2.013185061514377594e-02
8.235098123550415039e-01 2.083586901426315308e-02
8.145838379859924316e-01 2.153927832841873169e-02
8.056780695915222168e-01 2.223687618970870972e-02
7.970046997070312500e-01 2.291238494217395782e-02
7.885717749595642090e-01 2.356554381549358368e-02
7.803947925567626953e-01 2.419615536928176880e-02
7.724603414535522461e-01 2.480556629598140717e-02
7.647425532341003418e-01 2.539603412151336670e-02
7.570256590843200684e-01 2.598396129906177521e-02
7.491849660873413086e-01 2.657906711101531982e-02
7.410993576049804688e-01 2.719035930931568146e-02
7.326701879501342773e-01 2.782514505088329315e-02
7.238117456436157227e-01 2.848915383219718933e-02
7.145251035690307617e-01 2.918216213583946228e-02
7.050624489784240723e-01 2.988497354090213776e-02
6.955910325050354004e-01 3.058493509888648987e-02
6.861720085144042969e-01 3.127688169479370117e-02
6.767725348472595215e-01 3.196300193667411804e-02
6.675482988357543945e-01 3.263156488537788391e-02
6.584402918815612793e-01 3.328642621636390686e-02
6.494077444076538086e-01 3.393035009503364563e-02
6.403466463088989258e-01 3.457089886069297791e-02
6.314016580581665039e-01 3.519783169031143188e-02
6.226751804351806641e-01 3.580345585942268372e-02
6.141715645790100098e-01 3.638711571693420410e-02
6.058602929115295410e-01 3.695147857069969177e-02
5.977285504341125488e-01 3.749732673168182373e-02
5.897142291069030762e-01 3.802788257598876953e-02
5.816444754600524902e-01 3.855440393090248108e-02
5.734724402427673340e-01 3.907978162169456482e-02
5.651850700378417969e-01 3.960470110177993774e-02
5.568418502807617188e-01 4.012442752718925476e-02
5.483829379081726074e-01 4.064187407493591309e-02
5.398017168045043945e-01 4.115644469857215881e-02
5.311831235885620117e-01 4.166191816329956055e-02
5.224859714508056641e-01 4.215937852859497070e-02
5.136340856552124023e-01 4.265272244811058044e-02
5.046487450599670410e-01 4.314030334353446960e-02
4.956093728542327881e-01 4.361673071980476379e-02
4.865635633468627930e-01 4.407813400030136108e-02
4.775909483432769775e-01 4.452068358659744263e-02
4.686643183231353760e-01 4.494499787688255310e-02
4.598173797130584717e-01 4.534909129142761230e-02
4.510813057422637939e-01 4.573105648159980774e-02
4.423596262931823730e-01 4.609494283795356750e-02
4.336494803428649902e-01 4.644083976745605469e-02
4.249505996704101562e-01 4.676775634288787842e-02
4.163234531879425049e-01 4.707424342632293701e-02
4.078057408332824707e-01 4.735950753092765808e-02
3.995234966278076172e-01 4.761987179517745972e-02
3.914076089859008789e-01 4.785744100809097290e-02
3.834692239761352539e-01 4.807168990373611450e-02
3.756580650806427002e-01 4.826427623629570007e-02
3.678137362003326416e-01 4.843857511878013611e-02
3.598459959030151367e-01 4.859540238976478577e-02
3.516601622104644775e-01 4.873572289943695068e-02
3.433854579925537109e-01 4.885729774832725525e-02
3.351344168186187744e-01 4.895875230431556702e-02
3.270826935768127441e-01 4.903844371438026428e-02
3.192419707775115967e-01 4.909754917025566101e-02
3.115724623203277588e-01 4.913337156176567078e-02
3.038744032382965088e-01 4.914230853319168091e-02
2.958593368530273438e-01 4.912136122584342957e-02
2.873504757881164551e-01 4.906785115599632263e-02
2.783199846744537354e-01 4.898129776120185852e-02
2.689576148986816406e-01 4.886041581630706787e-02
2.594797909259796143e-01 4.870478808879852295e-02
2.501434683799743652e-01 4.851330071687698364e-02
2.411138415336608887e-01 4.828648641705513000e-02
2.323768287897109985e-01 4.802171513438224792e-02
2.238851636648178101e-01 4.772084206342697144e-02
2.156341075897216797e-01 4.738973081111907959e-02
2.077666521072387695e-01 4.704463109374046326e-02
2.003358453512191772e-01 4.669104516506195068e-02
1.932582408189773560e-01 4.632290452718734741e-02
1.862750798463821411e-01 4.591740667819976807e-02
1.791041791439056396e-01 4.545126482844352722e-02
1.714837998151779175e-01 4.490172490477561951e-02
1.632074266672134399e-01 4.425093531608581543e-02
1.542622894048690796e-01 4.348166659474372864e-02
1.451525092124938965e-01 4.265125095844268799e-02
1.363329440355300903e-01 4.179093614220619202e-02
1.279921382665634155e-01 4.091799259185791016e-02
1.200053170323371887e-01 3.999997675418853760e-02
1.119913905858993530e-01 3.896541148424148560e-02
1.035595089197158813e-01 3.772369027137756348e-02
9.449171274900436401e-02 3.623735159635543823e-02
8.467603474855422974e-02 3.446988388895988464e-02
7.425232231616973877e-02 3.241786733269691467e-02
6.420604884624481201e-02 3.029460087418556213e-02
5.491338297724723816e-02 2.814845927059650421e-02
4.671726003289222717e-02 2.604865841567516327e-02
3.954161331057548523e-02 2.394454553723335266e-02
3.317099064588546753e-02 2.180250547826290131e-02
2.731013484299182892e-02 1.954467967152595520e-02
2.188671380281448364e-02 1.717762090265750885e-02
1.673921197652816772e-02 1.465716585516929626e-02
1.197653822600841522e-02 1.205249410122632980e-02
8.134599775075912476e-03 9.610533714294433594e-03
5.127438344061374664e-03 7.354929111897945404e-03
3.015424590557813644e-03 5.378046073019504547e-03
1.606283010914921761e-03 3.684954019263386726e-03
7.736299885436892509e-04 2.337400568649172783e-03
2.944319858215749264e-04 1.288179657422006130e-03
8.247508958447724581e-05 4.574163176584988832e-04
1.059144506143638864e-05 -3.140250919386744499e-04
4.221908966428600252e-05 -1.074843690730631351e-03
2.766655234154313803e-04 -1.865312922745943069e-03
6.440942524932324886e-04 -2.757988870143890381e-03
1.181574421934783459e-03 -3.742134431377053261e-03
1.874726964160799980e-03 -4.789056722074747086e-03
2.774785272777080536e-03 -5.846802610903978348e-03
4.113334696739912033e-03 -6.915796082466840744e-03
6.084657739847898483e-03 -8.032388053834438324e-03
9.003330022096633911e-03 -9.233570657670497894e-03
1.304987166076898575e-02 -1.048171892762184143e-02
1.847184821963310242e-02 -1.178263779729604721e-02
2.520699426531791687e-02 -1.306703221052885056e-02
3.301001712679862976e-02 -1.426077168434858322e-02
4.133729636669158936e-02 -1.528516411781311035e-02
4.966577142477035522e-02 -1.610390469431877136e-02
5.775190517306327820e-02 -1.672224327921867371e-02
6.523238122463226318e-02 -1.716539822518825531e-02
7.218001782894134521e-02 -1.747748441994190216e-02
7.867559790611267090e-02 -1.769106090068817139e-02
8.495977520942687988e-02 -1.786259002983570099e-02
9.135350584983825684e-02 -1.800397783517837524e-02
9.804932028055191040e-02 -1.812333799898624420e-02
1.051084622740745544e-01 -1.821364089846611023e-02
1.125518679618835449e-01 -1.827581413090229034e-02
1.204206496477127075e-01 -1.831280812621116638e-02
1.285858899354934692e-01 -1.831660419702529907e-02
1.369660049676895142e-01 -1.829218864440917969e-02
1.453721970319747925e-01 -1.823946088552474976e-02
1.535652279853820801e-01 -1.816412620246410370e-02
1.617066264152526855e-01 -1.806631870567798615e-02
1.697141975164413452e-01 -1.794952899217605591e-02
1.776779741048812866e-01 -1.781370304524898529e-02
1.855266839265823364e-01 -1.766368933022022247e-02
1.934680938720703125e-01 -1.749616675078868866e-02
2.014260590076446533e-01 -1.731644570827484131e-02
2.094276547431945801e-01 -1.712386123836040497e-02
2.176747769117355347e-01 -1.691121235489845276e-02
2.262622416019439697e-01 -1.667410694062709808e-02
2.354867160320281982e-01 -1.640514284372329712e-02
2.453365623950958252e-01 -1.610274985432624817e-02
2.556155920028686523e-01 -1.577471569180488586e-02
2.658017575740814209e-01 -1.543896831572055817e-02
2.757119834423065186e-01 -1.510320138186216354e-02
2.848558425903320312e-01 -1.478413864970207214e-02
2.932260036468505859e-01 -1.448331214487552643e-02
3.010786771774291992e-01 -1.419314369559288025e-02
3.087322413921356201e-01 -1.390274148434400558e-02
3.164637684822082520e-01 -1.360414829105138779e-02
3.245485424995422363e-01 -1.328753959387540817e-02
3.328909873962402344e-01 -1.295676734298467636e-02
3.413316011428833008e-01 -1.261770166456699371e-02
3.498976528644561768e-01 -1.226942427456378937e-02
3.584923148155212402e-01 -1.191494893282651901e-02
3.671421706676483154e-01 -1.155365630984306335e-02
3.758869469165802002e-01 -1.118439529091119766e-02
3.848077654838562012e-01 -1.080408506095409393e-02
3.937582671642303467e-01 -1.041926722973585129e-02
4.027906954288482666e-01 -1.002812106162309647e-02
4.117606282234191895e-01 -9.636835195124149323e-03
4.206456840038299561e-01 -9.246676228940486908e-03
4.295461773872375488e-01 -8.853591047227382660e-03
4.384955465793609619e-01 -8.456473238766193390e-03
4.475113451480865479e-01 -8.054792881011962891e-03
4.566336870193481445e-01 -7.647059857845306396e-03
4.658948779106140137e-01 -7.232119794934988022e-03
4.751172959804534912e-01 -6.818186026066541672e-03
4.843251109123229980e-01 -6.404534447938203812e-03
4.934244751930236816e-01 -5.995632614940404892e-03
5.024471879005432129e-01 -5.590371321886777878e-03
5.113782882690429688e-01 -5.189695395529270172e-03
5.201787948608398438e-01 -4.795678425580263138e-03
5.288711786270141602e-01 -4.407557658851146698e-03
5.374739766120910645e-01 -4.024812020361423492e-03
5.458872914314270020e-01 -3.651926293969154358e-03
5.540037155151367188e-01 -3.293704008683562279e-03
5.619320869445800781e-01 -2.945649437606334686e-03
5.697569251060485840e-01 -2.604471985250711441e-03
5.776370167732238770e-01 -2.263566013425588608e-03
5.856141448020935059e-01 -1.921521034091711044e-03
5.937979817390441895e-01 -1.574028283357620239e-03
6.021986007690429688e-01 -1.220969832502305508e-03
6.107071638107299805e-01 -8.669853559695184231e-04
6.191143989562988281e-01 -5.214858683757483959e-04
6.273074150085449219e-01 -1.894697634270414710e-04
6.353706121444702148e-01 1.319088623858988285e-04
6.433696150779724121e-01 4.447590326890349388e-04
6.513645052909851074e-01 7.511863950639963150e-04
6.594424843788146973e-01 1.053864019922912121e-03
6.676926016807556152e-01 1.355769811198115349e-03
6.760689616203308105e-01 1.654541818425059319e-03
6.843922734260559082e-01 1.943663577549159527e-03
6.926020979881286621e-01 2.220080001279711723e-03
7.006511092185974121e-01 2.481433562934398651e-03
7.085725665092468262e-01 2.728895051404833794e-03
7.163312435150146484e-01 2.961484016850590706e-03
7.239084243774414062e-01 3.179065883159637451e-03
7.314414381980895996e-01 3.385216696187853813e-03
7.390485405921936035e-01 3.582072677090764046e-03
7.467334866523742676e-01 3.769952803850173950e-03
7.545586824417114258e-01 3.947807010263204575e-03
7.627612352371215820e-01 4.118390381336212158e-03
7.715173959732055664e-01 4.280684981495141983e-03
7.808061242103576660e-01 4.431727807968854904e-03
7.904889583587646484e-01 4.566371440887451172e-03
8.003528118133544922e-01 4.680146463215351105e-03
8.103178739547729492e-01 4.769554361701011658e-03
8.202062249183654785e-01 4.830546677112579346e-03
8.296855688095092773e-01 4.861618392169475555e-03
8.387297987937927246e-01 4.864452406764030457e-03
8.475454449653625488e-01 4.838327877223491669e-03
8.563770651817321777e-01 4.781827796250581741e-03
8.652760982513427734e-01 4.693346098065376282e-03
8.743478655815124512e-01 4.569605924189090729e-03
8.836147785186767578e-01 4.408766981214284897e-03
8.932120203971862793e-01 4.206137731671333313e-03
9.029811620712280273e-01 3.963311202824115753e-03
9.125825166702270508e-01 3.687297459691762924e-03
9.218753576278686523e-01 3.385857678949832916e-03
9.309704303741455078e-01 3.056096844375133514e-03
9.400902986526489258e-01 2.692227018997073174e-03
9.483693838119506836e-01 2.341200830414891243e-03
9.559657573699951172e-01 2.001881366595625877e-03
9.630379676818847656e-01 1.670824130997061729e-03
9.698200821876525879e-01 1.339401351287961006e-03
9.730008244514465332e-01 1.178284408524632454e-03
9.793260693550109863e-01 8.401419618166983128e-04
9.858043789863586426e-01 4.676467506214976311e-04
9.926773905754089355e-01 4.502898082137107849e-05
1.000186800956726074e+00 -4.434810834936797619e-04
