9.988874793052673340e-01 5.210316157899796963e-04
9.902796745300292969e-01 2.661446342244744301e-03
9.819949865341186523e-01 4.507170058786869049e-03
9.739703536033630371e-01 6.101259030401706696e-03
9.661428928375244141e-01 7.486767135560512543e-03
9.547265172004699707e-01 9.264470078051090240e-03
9.470065236091613770e-01 1.034821476787328720e-02
9.392436742782592773e-01 1.137079205363988876e-02
9.314829111099243164e-01 1.233142055571079254e-02
9.239851236343383789e-01 1.320079993456602097e-02
9.161118268966674805e-01 1.407809369266033173e-02
9.082576036453247070e-01 1.490847300738096237e-02
9.002267718315124512e-01 1.572177745401859283e-02
8.921152949333190918e-01 1.651768758893013000e-02
8.838977813720703125e-01 1.730485633015632629e-02
8.754948973655700684e-01 1.809591241180896759e-02
8.669637441635131836e-01 1.888476312160491943e-02
8.581255674362182617e-01 1.968909986317157745e-02
8.491266369819641113e-01 2.049664594233036041e-02
8.400207757949829102e-01 2.130391262471675873e-02
8.309014439582824707e-01 2.210379950702190399e-02
8.216572403907775879e-01 2.290692552924156189e-02
8.126487135887145996e-01 2.368217147886753082e-02
8.039181232452392578e-01 2.442670054733753204e-02
7.955978512763977051e-01 2.513047307729721069e-02
7.877863049507141113e-01 2.578625641763210297e-02
7.805428504943847656e-01 2.639106847345829010e-02
7.738328576087951660e-01 2.694751881062984467e-02
7.674890160560607910e-01 2.747000567615032196e-02
7.612140774726867676e-01 2.798300981521606445e-02
7.547012567520141602e-01 2.851219661533832550e-02
7.478443384170532227e-01 2.906520292162895203e-02
7.405347228050231934e-01 2.965118363499641418e-02
7.327860593795776367e-01 3.026807680726051331e-02
7.247206568717956543e-01 3.090539015829563141e-02
7.165398001670837402e-01 3.154616802930831909e-02
7.083004117012023926e-01 3.218584135174751282e-02
7.000674605369567871e-01 3.281882032752037048e-02
6.918697953224182129e-01 3.344320878386497498e-02
6.837131381034851074e-01 3.405807912349700928e-02
6.755545139312744141e-01 3.466675430536270142e-02
6.674181818962097168e-01 3.526699170470237732e-02
6.591457128524780273e-01 3.587004914879798889e-02
6.506382822990417480e-01 3.648190945386886597e-02
6.418707966804504395e-01 3.710394725203514099e-02
6.328396201133728027e-01 3.773558884859085083e-02
6.236255764961242676e-01 3.837123513221740723e-02
6.142683029174804688e-01 3.900635987520217896e-02
6.048375368118286133e-01 3.963597118854522705e-02
5.954638123512268066e-01 4.025095328688621521e-02
5.861867070198059082e-01 4.084813222289085388e-02
5.769329667091369629e-01 4.143243655562400818e-02
5.675248503684997559e-01 4.201363399624824524e-02
5.579199790954589844e-01 4.259307309985160828e-02
5.481193065643310547e-01 4.317062348127365112e-02
5.381847620010375977e-01 4.374193772673606873e-02
5.279486775398254395e-01 4.431489109992980957e-02
5.175831317901611328e-01 4.487894102931022644e-02
5.072718858718872070e-01 4.542328417301177979e-02
4.972943067550659180e-01 4.593571648001670837e-02
4.876969158649444580e-01 4.641377553343772888e-02
4.783648848533630371e-01 4.686399176716804504e-02
4.692080914974212646e-01 4.728931561112403870e-02
4.601801633834838867e-01 4.769186675548553467e-02
4.510622918605804443e-01 4.808061197400093079e-02
4.415946006774902344e-01 4.846820607781410217e-02
4.318228662014007568e-01 4.885075613856315613e-02
4.219990670680999756e-01 4.921960085630416870e-02
4.125423133373260498e-01 4.955894500017166138e-02
4.034682810306549072e-01 4.986875876784324646e-02
3.947079777717590332e-01 5.014978721737861633e-02
3.861989676952362061e-01 5.040475353598594666e-02
3.778084516525268555e-01 5.063627660274505615e-02
3.693833053112030029e-01 5.085243284702301025e-02
3.607139885425567627e-01 5.105759948492050171e-02
3.517047464847564697e-01 5.125249549746513367e-02
3.425560295581817627e-01 5.142959579825401306e-02
3.333650827407836914e-01 5.158308893442153931e-02
3.241697549819946289e-01 5.171367898583412170e-02
3.149442970752716064e-01 5.182085186243057251e-02
3.058780133724212646e-01 5.190260335803031921e-02
2.970437705516815186e-01 5.196031555533409119e-02
2.884820997714996338e-01 5.198986828327178955e-02
2.799694836139678955e-01 5.199083313345909119e-02
2.714897394180297852e-01 5.196417495608329773e-02
2.631331086158752441e-01 5.191408470273017883e-02
2.547671794891357422e-01 5.184037238359451294e-02
2.463016211986541748e-01 5.173646658658981323e-02
2.374519258737564087e-01 5.158792436122894287e-02
2.281548827886581421e-01 5.137995257973670959e-02
2.183975726366043091e-01 5.110549926757812500e-02
2.080467194318771362e-01 5.075295269489288330e-02
1.974020302295684814e-01 5.033743008971214294e-02
1.870901435613632202e-01 4.988624900579452515e-02
1.777315288782119751e-01 4.943165555596351624e-02
1.694747060537338257e-01 4.898080229759216309e-02
1.623188555240631104e-01 4.854071512818336487e-02
1.557911634445190430e-01 4.808026924729347229e-02
1.496294587850570679e-01 4.760186001658439636e-02
1.433296501636505127e-01 4.706319421529769897e-02
1.364043205976486206e-01 4.642613604664802551e-02
1.289166063070297241e-01 4.567803815007209778e-02
1.210303679108619690e-01 4.481730610132217407e-02
1.128909066319465637e-01 4.383549466729164124e-02
1.045237705111503601e-01 4.272518679499626160e-02
9.609592705965042114e-02 4.148374125361442566e-02
8.755242824554443359e-02 4.008286818861961365e-02
7.927580177783966064e-02 3.856898844242095947e-02
7.113251090049743652e-02 3.691070526838302612e-02
6.319688260555267334e-02 3.510909527540206909e-02
5.563242360949516296e-02 3.319480270147323608e-02
4.859099909663200378e-02 3.121810592710971832e-02
4.213194549083709717e-02 2.921178378164768219e-02
3.637845814228057861e-02 2.728235162794589996e-02
3.127818182110786438e-02 2.541738003492355347e-02
2.667794749140739441e-02 2.356640808284282684e-02
2.255021035671234131e-02 2.166925556957721710e-02
1.861173287034034729e-02 1.959685422480106354e-02
1.476777996867895126e-02 1.723965257406234741e-02
1.105747558176517487e-02 1.456493046134710312e-02
7.630262523889541626e-03 1.161946635693311691e-02
4.670602735131978989e-03 8.565173484385013580e-03
2.442532218992710114e-03 5.714164581149816513e-03
9.398318943567574024e-04 3.191063646227121353e-03
1.398545427946373820e-04 1.084581483155488968e-03
-2.684971150301862508e-05 -6.240704678930342197e-04
3.515478456392884254e-04 -2.054338576272130013e-03
1.165226567536592484e-03 -3.368430072441697121e-03
2.327132737264037132e-03 -4.693243186920881271e-03
3.805318614467978477e-03 -6.100355647504329681e-03
5.519711412489414215e-03 -7.525482214987277985e-03
7.480139844119548798e-03 -8.862897753715515137e-03
9.583367966115474701e-03 -1.007913704961538315e-02
1.182939857244491577e-02 -1.114626973867416382e-02
1.431198511272668839e-02 -1.209640875458717346e-02
1.717859879136085510e-02 -1.298934035003185272e-02
2.042983658611774445e-02 -1.386069040745496750e-02
2.408656664192676544e-02 -1.472964137792587280e-02
2.822450734674930573e-02 -1.560662873089313507e-02
3.281651064753532410e-02 -1.645296439528465271e-02
3.791901469230651855e-02 -1.725934259593486786e-02
4.337278008460998535e-02 -1.799828931689262390e-02
4.914244264364242554e-02 -1.867039687931537628e-02
5.532060936093330383e-02 -1.929057762026786804e-02
6.197497993707656860e-02 -1.986721344292163849e-02
6.901481002569198608e-02 -2.038618549704551697e-02
7.647988945245742798e-02 -2.084985747933387756e-02
8.452243357896804810e-02 -2.126719802618026733e-02
9.322589635848999023e-02 -2.163701876997947693e-02
1.025727689266204834e-01 -2.196279540657997131e-02
1.122469007968902588e-01 -2.223200723528862000e-02
1.220761686563491821e-01 -2.244614623486995697e-02
1.318950951099395752e-01 -2.260855771601200104e-02
1.413053125143051147e-01 -2.272253111004829407e-02
1.500736325979232788e-01 -2.278856188058853149e-02
1.580014079809188843e-01 -2.281927876174449921e-02
1.653380542993545532e-01 -2.282276377081871033e-02
1.723435968160629272e-01 -2.280572243034839630e-02
1.792776137590408325e-01 -2.277009002864360809e-02
1.863718181848526001e-01 -2.271453663706779480e-02
1.939609944820404053e-01 -2.263794839382171631e-02
2.020960152149200439e-01 -2.254078723490238190e-02
2.106441110372543335e-01 -2.242070063948631287e-02
2.196832895278930664e-01 -2.227262407541275024e-02
2.289568036794662476e-01 -2.209752984344959259e-02
2.384824156761169434e-01 -2.189614251255989075e-02
2.481387406587600708e-01 -2.167011424899101257e-02
2.577086091041564941e-01 -2.142634615302085876e-02
2.670698463916778564e-01 -2.116978541016578674e-02
2.761349976062774658e-01 -2.090550772845745087e-02
2.848279774188995361e-01 -2.063534967601299286e-02
2.932993769645690918e-01 -2.035483159124851227e-02
3.017843663692474365e-01 -2.005847729742527008e-02
3.102748692035675049e-01 -1.974696293473243713e-02
3.188337385654449463e-01 -1.942045614123344421e-02
3.274773657321929932e-01 -1.907877251505851746e-02
3.361001610755920410e-01 -1.872515492141246796e-02
3.446675539016723633e-01 -1.836069859564304352e-02
3.529631793498992920e-01 -1.799592934548854828e-02
3.609736263751983643e-01 -1.763264089822769165e-02
3.687864243984222412e-01 -1.726842299103736877e-02
3.764894902706146240e-01 -1.689953729510307312e-02
3.840768635272979736e-01 -1.652657240629196167e-02
3.916073441505432129e-01 -1.614709012210369110e-02
3.992154300212860107e-01 -1.575489528477191925e-02
4.070852100849151611e-01 -1.533983275294303894e-02
4.153026044368743896e-01 -1.489706058055162430e-02
4.236865639686584473e-01 -1.443565916270017624e-02
4.323016107082366943e-01 -1.395161077380180359e-02
4.411658346652984619e-01 -1.344331540167331696e-02
4.501848220825195312e-01 -1.291641220450401306e-02
4.591500163078308105e-01 -1.238325331360101700e-02
4.679100513458251953e-01 -1.185361854732036591e-02
4.764293134212493896e-01 -1.133041270077228546e-02
4.847310483455657959e-01 -1.081348676234483719e-02
4.927501380443572998e-01 -1.030772365629673004e-02
5.004203915596008301e-01 -9.817768819630146027e-03
5.079380273818969727e-01 -9.332388639450073242e-03
5.153027772903442383e-01 -8.853007107973098755e-03
5.224647521972656250e-01 -8.383585140109062195e-03
5.294007658958435059e-01 -7.925988174974918365e-03
5.361355543136596680e-01 -7.478991523385047913e-03
5.427692532539367676e-01 -7.036511786282062531e-03
5.494282841682434082e-01 -6.590570323169231415e-03
5.562334060668945312e-01 -6.133260671049356461e-03
5.633979439735412598e-01 -5.650965031236410141e-03
5.710598826408386230e-01 -5.134927574545145035e-03
5.791316032409667969e-01 -4.591538570821285248e-03
5.875426530838012695e-01 -4.026029724627733231e-03
5.962578654289245605e-01 -3.442404558882117271e-03
6.051353812217712402e-01 -2.851472934707999229e-03
6.140567064285278320e-01 -2.262280788272619247e-03
6.229953169822692871e-01 -1.677799737080931664e-03
6.319685578346252441e-01 -1.098853535950183868e-03
6.411631703376770020e-01 -5.162163870409131050e-04
6.504777073860168457e-01 6.200226926011964679e-05
6.598399877548217773e-01 6.297957152128219604e-04
6.692318320274353027e-01 1.183615182526409626e-03
6.786823272705078125e-01 1.723674824461340904e-03
6.880062222480773926e-01 2.238399814814329147e-03
6.971018314361572266e-01 2.720762277022004128e-03
7.059175968170166016e-01 3.168408293277025223e-03
7.145661711692810059e-01 3.585790516808629036e-03
7.232565879821777344e-01 3.982264548540115356e-03
7.320472002029418945e-01 4.354824777692556381e-03
7.410063147544860840e-01 4.706760868430137634e-03
7.503225803375244141e-01 5.042376928031444550e-03
7.600941061973571777e-01 5.361109506338834763e-03
7.703480124473571777e-01 5.653024651110172272e-03
7.810122370719909668e-01 5.910900887101888657e-03
7.919028997421264648e-01 6.126045249402523041e-03
8.029001951217651367e-01 6.295580416917800903e-03
8.138611316680908203e-01 6.416064221411943436e-03
8.246427774429321289e-01 6.484500132501125336e-03
8.347651362419128418e-01 6.506527308374643326e-03
8.441042304039001465e-01 6.490793079137802124e-03
8.527200222015380859e-01 6.440163124352693558e-03
8.608464598655700684e-01 6.359091028571128845e-03
8.686429262161254883e-01 6.248438265174627304e-03
8.763682246208190918e-01 6.104758940637111664e-03
8.843280076980590820e-01 5.922564771026372910e-03
8.927776813507080078e-01 5.695482250303030014e-03
9.017407298088073730e-01 5.420934874564409256e-03
9.106759428977966309e-01 5.112066399306058884e-03
9.194074869155883789e-01 4.774702712893486023e-03
9.277132749557495117e-01 4.422246012836694717e-03
9.357599020004272461e-01 4.045580048114061356e-03
9.427729249000549316e-01 3.695400198921561241e-03
9.490295052528381348e-01 3.362880554050207138e-03
9.549401998519897461e-01 3.026855643838644028e-03
9.609799981117248535e-01 2.657558536157011986e-03
9.640702605247497559e-01 2.456735353916883469e-03
9.708575010299682617e-01 1.977887237444519997e-03
9.788360595703125000e-01 1.361132482998073101e-03
9.884648919105529785e-01 5.645060446113348007e-04
1.000203013420104980e+00 -4.539569490589201450e-04
