9.997787475585937500e-01 4.388840170577168465e-05
9.926604628562927246e-01 1.754994969815015793e-03
9.849152565002441406e-01 3.399195149540901184e-03
9.766988158226013184e-01 4.967400338500738144e-03
9.681670665740966797e-01 6.450521294027566910e-03
9.553586244583129883e-01 8.461740799248218536e-03
9.468403458595275879e-01 9.678832255303859711e-03
9.383329749107360840e-01 1.081162225455045700e-02
9.297574758529663086e-01 1.187385711818933487e-02
9.212746024131774902e-01 1.284914556890726089e-02
9.121017456054687500e-01 1.386458333581686020e-02
9.027928709983825684e-01 1.484884601086378098e-02
8.934279084205627441e-01 1.580568775534629822e-02
8.842843770980834961e-01 1.670847460627555847e-02
8.753933310508728027e-01 1.755951344966888428e-02
8.667925596237182617e-01 1.836183667182922363e-02
8.584092259407043457e-01 1.912658102810382843e-02
8.498880863189697266e-01 1.989019289612770081e-02
8.411570191383361816e-01 2.065774425864219666e-02
8.321205973625183105e-01 2.144018560647964478e-02
8.228181600570678711e-01 2.223346941173076630e-02
8.133893609046936035e-01 2.302708290517330170e-02
8.040661811828613281e-01 2.380177192389965057e-02
7.949991226196289062e-01 2.454610913991928101e-02
7.863531708717346191e-01 2.524663880467414856e-02
7.780837416648864746e-01 2.590754814445972443e-02
7.700297236442565918e-01 2.654355578124523163e-02
7.620546221733093262e-01 2.716568298637866974e-02
7.540339231491088867e-01 2.778420411050319672e-02
7.458404898643493652e-01 2.840900979936122894e-02
7.375472187995910645e-01 2.903469279408454895e-02
7.292085289955139160e-01 2.965688146650791168e-02
7.207937836647033691e-01 3.027684055268764496e-02
7.122869491577148438e-01 3.089488483965396881e-02
7.036353945732116699e-01 3.151440247893333435e-02
6.949759721755981445e-01 3.212603926658630371e-02
6.863074302673339844e-01 3.272981941699981689e-02
6.777061223983764648e-01 3.332059085369110107e-02
6.691612005233764648e-01 3.389862179756164551e-02
6.608417630195617676e-01 3.445241227746009827e-02
6.526330113410949707e-01 3.498858958482742310e-02
6.443900465965270996e-01 3.551685437560081482e-02
6.360248327255249023e-01 3.604269027709960938e-02
6.275848150253295898e-01 3.656394779682159424e-02
6.191595792770385742e-01 3.707387670874595642e-02
6.107040047645568848e-01 3.757489100098609924e-02
6.022780537605285645e-01 3.806269168853759766e-02
5.938750505447387695e-01 3.853749856352806091e-02
5.855588912963867188e-01 3.899453207850456238e-02
5.771566629409790039e-01 3.944364562630653381e-02
5.686600804328918457e-01 3.988496214151382446e-02
5.601107478141784668e-01 4.031640663743019104e-02
5.516335368156433105e-01 4.073103144764900208e-02
5.431494712829589844e-01 4.113187268376350403e-02
5.346193909645080566e-01 4.152020439505577087e-02
5.260080695152282715e-01 4.189594835042953491e-02
5.173389315605163574e-01 4.225814715027809143e-02
5.086018443107604980e-01 4.260709509253501892e-02
4.997582733631134033e-01 4.294449463486671448e-02
4.907862842082977295e-01 4.326859489083290100e-02
4.818004071712493896e-01 4.357479512691497803e-02
4.728810787200927734e-01 4.386008530855178833e-02
4.639735817909240723e-01 4.412667825818061829e-02
4.550088047981262207e-01 4.437470808625221252e-02
4.459468722343444824e-01 4.460498690605163574e-02
4.368050396442413330e-01 4.481473192572593689e-02
4.276603758335113525e-01 4.500339180231094360e-02
4.184525310993194580e-01 4.517043009400367737e-02
4.092871546745300293e-01 4.531693831086158752e-02
4.003656208515167236e-01 4.543914645910263062e-02
3.918483853340148926e-01 4.553712531924247742e-02
3.836268782615661621e-01 4.561099782586097717e-02
3.755332529544830322e-01 4.566258192062377930e-02
3.674680590629577637e-01 4.569251090288162231e-02
3.592721223831176758e-01 4.570144787430763245e-02
3.509520292282104492e-01 4.568952694535255432e-02
3.423174023628234863e-01 4.565614089369773865e-02
3.336355686187744141e-01 4.560140892863273621e-02
3.249873220920562744e-01 4.552325978875160217e-02
3.165973722934722900e-01 4.542393237352371216e-02
3.083846271038055420e-01 4.530390352010726929e-02
3.004121780395507812e-01 4.516632854938507080e-02
2.925656139850616455e-01 4.500672221183776855e-02
2.847494482994079590e-01 4.482397437095642090e-02
2.768429815769195557e-01 4.461280256509780884e-02
2.686964869499206543e-01 4.437097534537315369e-02
2.603591382503509521e-01 4.409527406096458435e-02
2.517894506454467773e-01 4.378456249833106995e-02
2.431197315454483032e-01 4.343883693218231201e-02
2.344131916761398315e-01 4.306014254689216614e-02
2.258174717426300049e-01 4.265112429857254028e-02
2.173083573579788208e-01 4.221153259277343750e-02
2.090522348880767822e-01 4.175105318427085876e-02
2.011560499668121338e-01 4.128233715891838074e-02
1.936677545309066772e-01 4.080948978662490845e-02
1.865185350179672241e-01 4.033022373914718628e-02
1.795563250780105591e-01 3.983193263411521912e-02
1.725471913814544678e-01 3.929453715682029724e-02
1.652765274047851562e-01 3.869680315256118774e-02
1.575754582881927490e-01 3.802274912595748901e-02
1.494008302688598633e-01 3.726366162300109863e-02
1.410699337720870972e-01 3.645414113998413086e-02
1.328081935644149780e-01 3.560815379023551941e-02
1.246673539280891418e-01 3.472534567117691040e-02
1.165744587779045105e-01 3.377878293395042419e-02
1.083244904875755310e-01 3.272785618901252747e-02
9.968256205320358276e-02 3.152308985590934753e-02
9.050612151622772217e-02 3.013182245194911957e-02
8.088637143373489380e-02 2.856705896556377411e-02
7.100892066955566406e-02 2.682617306709289551e-02
6.153436750173568726e-02 2.504389733076095581e-02
5.265072733163833618e-02 2.321911603212356567e-02
4.452680796384811401e-02 2.137927897274494171e-02
3.707219287753105164e-02 1.945995166897773743e-02
3.017946518957614899e-02 1.744372956454753876e-02
2.371421456336975098e-02 1.527275331318378448e-02
1.769513636827468872e-02 1.293333619832992554e-02
1.229914650321006775e-02 1.045182719826698303e-02
7.644187193363904953e-03 7.870852015912532806e-03
4.169995896518230438e-03 5.400337744504213333e-03
1.775032724253833294e-03 3.080552676692605019e-03
4.439224430825561285e-04 1.045077107846736908e-03
-9.656839392846450210e-05 -6.737311487086117268e-04
-8.310517296195030212e-05 -1.991871045902371407e-03
1.941070659086108208e-04 -2.957908203825354576e-03
6.096122669987380505e-04 -3.663533832877874374e-03
1.133975805714726448e-03 -4.248294048011302948e-03
1.732603530399501324e-03 -4.812013823539018631e-03
2.557519124820828438e-03 -5.415828898549079895e-03
3.514899406582117081e-03 -6.115349940955638885e-03
4.659692756831645966e-03 -6.891697645187377930e-03
5.947654135525226593e-03 -7.718900218605995178e-03
7.408075034618377686e-03 -8.541435934603214264e-03
9.115020744502544403e-03 -9.360468946397304535e-03
1.127739623188972473e-02 -1.021949201822280884e-02
1.416082866489887238e-02 -1.117358636111021042e-02
1.785098202526569366e-02 -1.222659181803464890e-02
2.250056527554988861e-02 -1.339542493224143982e-02
2.804712392389774323e-02 -1.461614295840263367e-02
3.452507033944129944e-02 -1.585319451987743378e-02
4.167949780821800232e-02 -1.703392341732978821e-02
4.930879920721054077e-02 -1.811459846794605255e-02
5.722270905971527100e-02 -1.906907930970191956e-02
6.531746685504913330e-02 -1.990383863449096680e-02
7.340399920940399170e-02 -2.062636055052280426e-02
8.113256841897964478e-02 -2.123063243925571442e-02
8.846239745616912842e-02 -2.173882536590099335e-02
9.550987184047698975e-02 -2.215932123363018036e-02
1.025012060999870300e-01 -2.252061106264591217e-02
1.094287261366844177e-01 -2.282561175525188446e-02
1.164582520723342896e-01 -2.309107966721057892e-02
1.238046810030937195e-01 -2.332782000303268433e-02
1.315942853689193726e-01 -2.354135178029537201e-02
1.396935880184173584e-01 -2.372534386813640594e-02
1.479411125183105469e-01 -2.386868186295032501e-02
1.561952531337738037e-01 -2.397517673671245575e-02
1.645203381776809692e-01 -2.404791675508022308e-02
1.728480756282806396e-01 -2.408760786056518555e-02
1.810164153575897217e-01 -2.409336343407630920e-02
1.889256685972213745e-01 -2.407220564782619476e-02
1.967683434486389160e-01 -2.402564138174057007e-02
2.044316977262496948e-01 -2.396115474402904510e-02
2.120237350463867188e-01 -2.387661859393119812e-02
2.198571562767028809e-01 -2.376596070826053619e-02
2.281124442815780640e-01 -2.362348325550556183e-02
2.371535152196884155e-01 -2.344182878732681274e-02
2.470725476741790771e-01 -2.321604453027248383e-02
2.574534118175506592e-01 -2.295789308845996857e-02
2.677165567874908447e-01 -2.268479205667972565e-02
2.776760160923004150e-01 -2.240298315882682800e-02
2.867937386035919189e-01 -2.212758734822273254e-02
2.951510250568389893e-01 -2.185835689306259155e-02
3.031668961048126221e-01 -2.158262208104133606e-02
3.112337589263916016e-01 -2.128846012055873871e-02
3.197313547134399414e-01 -2.096716687083244324e-02
3.288013041019439697e-01 -2.061559073626995087e-02
3.380471467971801758e-01 -2.024850994348526001e-02
3.471688330173492432e-01 -1.987714879214763641e-02
3.561396300792694092e-01 -1.950318738818168640e-02
3.647413849830627441e-01 -1.913390867412090302e-02
3.730515837669372559e-01 -1.876784488558769226e-02
3.813244402408599854e-01 -1.839573495090007782e-02
3.897093534469604492e-01 -1.801212690770626068e-02
3.982389271259307861e-01 -1.761637255549430847e-02
4.069912135601043701e-01 -1.720491424202919006e-02
4.158411920070648193e-01 -1.678276807069778442e-02
4.247064888477325439e-01 -1.635462045669555664e-02
4.336183071136474609e-01 -1.591947488486766815e-02
4.424227476119995117e-01 -1.548545807600021362e-02
4.510671496391296387e-01 -1.505546551197767258e-02
4.595917165279388428e-01 -1.462811604142189026e-02
4.680391550064086914e-01 -1.420140545815229416e-02
4.763924479484558105e-01 -1.377665996551513672e-02
4.848318099975585938e-01 -1.334513444453477859e-02
4.933605194091796875e-01 -1.290702540427446365e-02
5.020835399627685547e-01 -1.245694421231746674e-02
5.110332369804382324e-01 -1.199358515441417694e-02
5.201689600944519043e-01 -1.151904370635747910e-02
5.294606089591979980e-01 -1.103517878800630569e-02
5.389276742935180664e-01 -1.054119039326906204e-02
5.483775734901428223e-01 -1.004745159298181534e-02
5.576090216636657715e-01 -9.564621374011039734e-03
5.665972828865051270e-01 -9.094362147152423859e-03
5.753470659255981445e-01 -8.636739104986190796e-03
5.840043425559997559e-01 -8.184405043721199036e-03
5.926201343536376953e-01 -7.735000923275947571e-03
6.013401150703430176e-01 -7.281187456101179123e-03
6.101788282394409180e-01 -6.822499446570873260e-03
6.191214919090270996e-01 -6.359732244163751602e-03
6.279202699661254883e-01 -5.906061735004186630e-03
6.364830732345581055e-01 -5.466633941978216171e-03
6.448968052864074707e-01 -5.037511233240365982e-03
6.533040404319763184e-01 -4.611898679286241531e-03
6.617344617843627930e-01 -4.188576713204383850e-03
6.702689528465270996e-01 -3.763845888897776604e-03
6.789540052413940430e-01 -3.335833083838224411e-03
6.877022385597229004e-01 -2.909353002905845642e-03
6.962601542472839355e-01 -2.496726345270872116e-03
7.045385241508483887e-01 -2.103065839037299156e-03
7.125413417816162109e-01 -1.728689181618392467e-03
7.203362584114074707e-01 -1.370298909023404121e-03
7.279145717620849609e-01 -1.027762191370129585e-03
7.352510690689086914e-01 -7.020392222329974174e-04
7.424966692924499512e-01 -3.866150218527764082e-04
7.498021125793457031e-01 -7.580826058983802795e-05
7.571768164634704590e-01 2.308724215254187584e-04
7.646893262863159180e-01 5.336768226698040962e-04
7.726098299026489258e-01 8.419729419983923435e-04
7.811112999916076660e-01 1.159267267212271690e-03
7.901425361633300781e-01 1.481622224673628807e-03
7.995373606681823730e-01 1.800129073671996593e-03
8.091285228729248047e-01 2.106616506353020668e-03
8.187887072563171387e-01 2.395120682194828987e-03
8.282971978187561035e-01 2.658290555700659752e-03
8.373494148254394531e-01 2.887198934331536293e-03
8.459979295730590820e-01 3.082815557718276978e-03
8.543156981468200684e-01 3.247848013415932655e-03
8.624545335769653320e-01 3.385587129741907120e-03
8.704456090927124023e-01 3.495414042845368385e-03
8.784405589103698730e-01 3.576684975996613503e-03
8.865179419517517090e-01 3.629618324339389801e-03
8.947472572326660156e-01 3.651011502370238304e-03
9.030319452285766602e-01 3.636563429608941078e-03
9.112933278083801270e-01 3.580718534067273140e-03
9.195550680160522461e-01 3.482637461274862289e-03
9.278230667114257812e-01 3.334507811814546585e-03
9.363325238227844238e-01 3.127956530079245567e-03
9.442126750946044922e-01 2.903230255469679832e-03
9.515964984893798828e-01 2.661532023921608925e-03
9.585779905319213867e-01 2.401051577180624008e-03
9.653339982032775879e-01 2.113329945132136345e-03
9.685443639755249023e-01 1.961888046935200691e-03
9.751371741294860840e-01 1.612526248209178448e-03
9.822389483451843262e-01 1.182694570161402225e-03
9.901849031448364258e-01 6.501940079033374786e-04
9.993103742599487305e-01 -7.174505753937410191e-06
