9.961138367652893066e-01 8.703786879777908325e-04
9.880177974700927734e-01 2.232215832918882370e-03
9.798948764801025391e-01 3.533561946824193001e-03
9.717451930046081543e-01 4.777556750923395157e-03
9.635690450668334961e-01 5.967340432107448578e-03
9.512552022933959961e-01 7.657198701053857803e-03
9.430131316184997559e-01 8.725102059543132782e-03
9.347449541091918945e-01 9.749799966812133789e-03
9.264508485794067383e-01 1.073454786092042923e-02
9.181309938430786133e-01 1.168264728039503098e-02
9.097856283187866211e-01 1.259744819253683090e-02
9.014149308204650879e-01 1.348235458135604858e-02
8.930191397666931152e-01 1.434082351624965668e-02
8.845983147621154785e-01 1.517638470977544785e-02
8.761513233184814453e-01 1.599286310374736786e-02
8.676789402961730957e-01 1.679411716759204865e-02
8.591840267181396484e-01 1.758357509970664978e-02
8.506710529327392578e-01 1.836398616433143616e-02
8.421453237533569336e-01 1.913727074861526489e-02
8.336121439933776855e-01 1.990449614822864532e-02
8.250760436058044434e-01 2.066597901284694672e-02
8.165402412414550781e-01 2.142150513827800751e-02
8.080058693885803223e-01 2.217067591845989227e-02
7.994717359542846680e-01 2.291333675384521484e-02
7.909374237060546875e-01 2.364943921566009521e-02
7.824029326438903809e-01 2.437890879809856415e-02
7.738683223724365234e-01 2.510167099535465240e-02
7.653335928916931152e-01 2.581765688955783844e-02
7.567988038063049316e-01 2.652679011225700378e-02
7.482639551162719727e-01 2.722899988293647766e-02
7.397289872169494629e-01 2.792421355843544006e-02
7.311940193176269531e-01 2.861236594617366791e-02
7.226591110229492188e-01 2.929338626563549042e-02
7.141243219375610352e-01 2.996718324720859528e-02
7.055898308753967285e-01 3.063364513218402863e-02
6.970558166503906250e-01 3.129264339804649353e-02
6.885223388671875000e-01 3.194402530789375305e-02
6.799895167350769043e-01 3.258762136101722717e-02
6.714573502540588379e-01 3.322326019406318665e-02
6.629258394241333008e-01 3.385076299309730530e-02
6.543948650360107422e-01 3.446996212005615234e-02
6.458644270896911621e-01 3.508068993687629700e-02
6.373345255851745605e-01 3.568277880549430847e-02
6.288051009178161621e-01 3.627606108784675598e-02
6.202762126922607422e-01 3.686036914587020874e-02
6.117478013038635254e-01 3.743552789092063904e-02
6.032197475433349609e-01 3.800138086080551147e-02
5.946921706199645996e-01 3.855775296688079834e-02
5.861650109291076660e-01 3.910447657108306885e-02
5.776382088661193848e-01 3.964138776063919067e-02
5.691118240356445312e-01 4.016831517219543457e-02
5.605857372283935547e-01 4.068509489297866821e-02
5.520599484443664551e-01 4.119155928492546082e-02
5.435344576835632324e-01 4.168753698468208313e-02
5.350092649459838867e-01 4.217286780476570129e-02
5.264843106269836426e-01 4.264738038182258606e-02
5.179595947265625000e-01 4.311091080307960510e-02
5.094350576400756836e-01 4.356328770518302917e-02
5.009107589721679688e-01 4.400435090065002441e-02
4.923865795135498047e-01 4.443393275141716003e-02
4.838625490665435791e-01 4.485186561942100525e-02
4.753385186195373535e-01 4.525798931717872620e-02
4.668142199516296387e-01 4.565219581127166748e-02
4.582898914813995361e-01 4.603436216711997986e-02
4.497662186622619629e-01 4.640424624085426331e-02
4.412442445755004883e-01 4.676145315170288086e-02
4.327251315116882324e-01 4.710540920495986938e-02
4.242100417613983154e-01 4.743533954024314880e-02
4.156999588012695312e-01 4.775032028555870056e-02
4.071955084800720215e-01 4.804931208491325378e-02
3.986968696117401123e-01 4.833124577999114990e-02
3.902038335800170898e-01 4.859511554241180420e-02
3.817164599895477295e-01 4.883991554379463196e-02
3.732347786426544189e-01 4.906466230750083923e-02
3.647588789463043213e-01 4.926836118102073669e-02
3.562888801097869873e-01 4.945003241300582886e-02
3.478248417377471924e-01 4.960869997739791870e-02
3.393668234348297119e-01 4.974338039755821228e-02
3.309149444103240967e-01 4.985311254858970642e-02
3.224692642688751221e-01 4.993692785501480103e-02
3.140298724174499512e-01 4.999385774135589600e-02
3.055967986583709717e-01 5.002295225858688354e-02
2.971701323986053467e-01 5.002325773239135742e-02
2.887499630451202393e-01 4.999381676316261292e-02
2.803363800048828125e-01 4.993369057774543762e-02
2.719294428825378418e-01 4.984193667769432068e-02
2.635292112827301025e-01 4.971761628985404968e-02
2.551357448101043701e-01 4.955979809165000916e-02
2.467491477727890015e-01 4.936755448579788208e-02
2.383694499731063843e-01 4.913995414972305298e-02
2.299967259168624878e-01 4.887607693672180176e-02
2.216310352087020874e-01 4.857501015067100525e-02
2.132724523544311523e-01 4.823582991957664490e-02
2.049210071563720703e-01 4.785763472318649292e-02
1.965765655040740967e-01 4.743949696421623230e-02
1.882356256246566772e-01 4.698050767183303833e-02
1.798983067274093628e-01 4.648042470216751099e-02
1.715713441371917725e-01 4.593892768025398254e-02
1.632660925388336182e-01 4.535465687513351440e-02
1.549965590238571167e-01 4.472461342811584473e-02
1.467774212360382080e-01 4.404385015368461609e-02
1.386219412088394165e-01 4.330553114414215088e-02
1.305399388074874878e-01 4.250120744109153748e-02
1.225355193018913269e-01 4.162138700485229492e-02
1.146059036254882812e-01 4.065647721290588379e-02
1.067497357726097107e-01 3.959797695279121399e-02
9.896820783615112305e-02 3.843811526894569397e-02
9.126330912113189697e-02 3.716964274644851685e-02
8.363776654005050659e-02 3.578581660985946655e-02
7.609413564205169678e-02 3.428011760115623474e-02
6.862090528011322021e-02 3.264272212982177734e-02
6.122266128659248352e-02 3.087000176310539246e-02
5.393146350979804993e-02 2.896514162421226501e-02
4.679596424102783203e-02 2.693306840956211090e-02
3.983776643872261047e-02 2.476015686988830566e-02
3.305454924702644348e-02 2.241766080260276794e-02
2.662161923944950104e-02 1.996354758739471436e-02
2.074550092220306396e-02 1.747641712427139282e-02
1.559258159250020981e-02 1.502884365618228912e-02
1.121213287115097046e-02 1.261617895215749741e-02
7.649448234587907791e-03 1.027416624128818512e-02
4.936643410474061966e-03 8.109952323138713837e-03
3.002841025590896606e-03 6.173323839902877808e-03
1.676710322499275208e-03 4.491266794502735138e-03
7.614311180077493191e-04 3.056952962651848793e-03
2.102842408930882812e-04 1.903561409562826157e-03
-3.900236697518266737e-05 9.991986444219946861e-04
-7.409253885271027684e-05 2.770441642496734858e-04
6.834902251284802333e-06 -4.097032360732555389e-04
1.848404208431020379e-04 -1.121860579587519169e-03
4.873599391430616379e-04 -1.855231937952339649e-03
9.020639117807149887e-04 -2.618366852402687073e-03
1.375453779473900795e-03 -3.364444011822342873e-03
1.987141324207186699e-03 -4.099468700587749481e-03
3.170836251229047775e-03 -4.919528495520353317e-03
5.232295952737331390e-03 -5.872712936252355576e-03
8.341650478541851044e-03 -6.946542765945196152e-03
1.255445834249258041e-02 -8.112527430057525635e-03
1.780009828507900238e-02 -9.301479905843734741e-03
2.390329167246818542e-02 -1.042576506733894348e-02
3.061287850141525269e-02 -1.138243824243545532e-02
3.766016662120819092e-02 -1.209782529622316360e-02
4.495457187294960022e-02 -1.258623227477073669e-02
5.264084413647651672e-02 -1.294289063662290573e-02
6.064911186695098877e-02 -1.320384535938501358e-02
6.888595223426818848e-02 -1.339856628328561783e-02
7.725038379430770874e-02 -1.354704797267913818e-02
8.565180748701095581e-02 -1.365865115076303482e-02
9.403614699840545654e-02 -1.373402588069438934e-02
1.024099886417388916e-01 -1.377101242542266846e-02
1.107992753386497498e-01 -1.377151161432266235e-02
1.192044317722320557e-01 -1.373797282576560974e-02
1.276254653930664062e-01 -1.367285940796136856e-02
1.360623836517333984e-01 -1.357866451144218445e-02
1.445151865482330322e-01 -1.345790736377239227e-02
1.529839038848876953e-01 -1.331313792616128922e-02
1.614689081907272339e-01 -1.314693875610828400e-02
1.699708849191665649e-01 -1.296204049140214920e-02
1.784889400005340576e-01 -1.276123523712158203e-02
1.870210170745849609e-01 -1.254712045192718506e-02
1.955641955137252808e-01 -1.232191547751426697e-02
2.041152417659759521e-01 -1.208734605461359024e-02
2.126710116863250732e-01 -1.184460707008838654e-02
2.212289422750473022e-01 -1.159439887851476669e-02
2.297875434160232544e-01 -1.133704558014869690e-02
2.383467406034469604e-01 -1.107268873602151871e-02
2.469073832035064697e-01 -1.080154534429311752e-02
2.554695308208465576e-01 -1.052391994744539261e-02
2.640331983566284180e-01 -1.024011895060539246e-02
2.725984156131744385e-01 -9.950449690222740173e-03
2.811652123928070068e-01 -9.655219502747058868e-03
2.897336184978485107e-01 -9.354735724627971649e-03
2.983036339282989502e-01 -9.049306623637676239e-03
3.068752586841583252e-01 -8.739240467548370361e-03
3.154485523700714111e-01 -8.424847386777400970e-03
3.240234851837158203e-01 -8.106436580419540405e-03
3.326000869274139404e-01 -7.784317713230848312e-03
3.411784172058105469e-01 -7.458800915628671646e-03
3.497584462165832520e-01 -7.130196783691644669e-03
3.583402335643768311e-01 -6.798816844820976257e-03
3.669237792491912842e-01 -6.464971695095300674e-03
3.755090832710266113e-01 -6.128973793238401413e-03
3.840961754322052002e-01 -5.791134666651487350e-03
3.926852345466613770e-01 -5.451763048768043518e-03
4.012764096260070801e-01 -5.111165810376405716e-03
4.098694026470184326e-01 -4.769667051732540131e-03
4.184637069702148438e-01 -4.427602980285882950e-03
4.270586073398590088e-01 -4.085317719727754593e-03
4.356532096862792969e-01 -3.743157954886555672e-03
4.442467987537384033e-01 -3.401470137760043144e-03
4.528387188911437988e-01 -3.060597693547606468e-03
4.614286422729492188e-01 -2.720875199884176254e-03
4.700165688991546631e-01 -2.382624195888638496e-03
4.786026775836944580e-01 -2.046162495389580727e-03
4.871869683265686035e-01 -1.711817109026014805e-03
4.957694411277770996e-01 -1.379914814606308937e-03
5.043501853942871094e-01 -1.050781342200934887e-03
5.129290819168090820e-01 -7.247418980114161968e-04
5.215061902999877930e-01 -4.021210770588368177e-04
5.300815701484680176e-01 -8.324318332597613335e-05
5.386551022529602051e-01 2.315680030733346939e-04
5.472269058227539062e-01 5.419892258942127228e-04
5.557969212532043457e-01 8.476974908262491226e-04
5.643652081489562988e-01 1.148370211012661457e-03
5.729317069053649902e-01 1.443685498088598251e-03
5.814964175224304199e-01 1.733321696519851685e-03
5.900594592094421387e-01 2.016957383602857590e-03
5.986207127571105957e-01 2.294272184371948242e-03
6.071802377700805664e-01 2.564945258200168610e-03
6.157380342483520508e-01 2.828657161444425583e-03
6.242941021919250488e-01 3.085088450461626053e-03
6.328484416007995605e-01 3.333919681608676910e-03
6.414010524749755859e-01 3.574832342565059662e-03
6.499519944190979004e-01 3.807508386671543121e-03
6.585011482238769531e-01 4.031629767268896103e-03
6.670486330986022949e-01 4.246879834681749344e-03
6.755944490432739258e-01 4.452940542250871658e-03
6.841385364532470703e-01 4.649496171623468399e-03
6.926809549331665039e-01 4.836230538785457611e-03
7.012217044830322266e-01 5.012828391045331955e-03
7.097607851028442383e-01 5.178975872695446014e-03
7.182983160018920898e-01 5.334377288818359375e-03
7.268341779708862305e-01 5.478731356561183929e-03
7.353681921958923340e-01 5.611704662442207336e-03
7.438998818397521973e-01 5.732911173254251480e-03
7.524289488792419434e-01 5.841900594532489777e-03
7.609549760818481445e-01 5.938161164522171021e-03
7.694776058197021484e-01 6.021121982485055923e-03
7.779966592788696289e-01 6.090175360441207886e-03
7.865120768547058105e-01 6.144700106233358383e-03
7.950239181518554688e-01 6.184090394526720047e-03
8.035322427749633789e-01 6.207747850567102432e-03
8.120369911193847656e-01 6.215076893568038940e-03
8.205381035804748535e-01 6.205482874065637589e-03
8.290355801582336426e-01 6.178372073918581009e-03
8.375294208526611328e-01 6.133153103291988373e-03
8.460199236869812012e-01 6.069238763302564621e-03
8.545082807540893555e-01 5.986176896840333939e-03
8.629937171936035156e-01 5.883616860955953598e-03
8.714733719825744629e-01 5.760933738201856613e-03
8.799428939819335938e-01 5.616949405521154404e-03
8.883973956108093262e-01 5.449769087135791779e-03
8.968318104743957520e-01 5.256732460111379623e-03
9.052418470382690430e-01 5.034473724663257599e-03
9.136245846748352051e-01 4.779096227139234543e-03
9.219792485237121582e-01 4.486451856791973114e-03
9.303069710731506348e-01 4.152518231421709061e-03
9.386078119277954102e-01 3.773506032302975655e-03
9.468817114830017090e-01 3.345700446516275406e-03
9.551286101341247559e-01 2.865453017875552177e-03
9.633483886718750000e-01 2.329178387299180031e-03
9.674480557441711426e-01 2.038938459008932114e-03
9.756270051002502441e-01 1.412116689607501030e-03
9.837786555290222168e-01 7.205916335806250572e-04
9.919030070304870605e-01 -3.913465116056613624e-05
9.999999403953552246e-01 -8.705598884262144566e-04
