9.997162818908691406e-01 2.259370230603963137e-04
9.907185435295104980e-01 1.994111808016896248e-03
9.810736775398254395e-01 3.710531862452626228e-03
9.710172414779663086e-01 5.350041203200817108e-03
9.607848525047302246e-01 6.887483410537242889e-03
9.459526538848876953e-01 8.900167420506477356e-03
9.364835619926452637e-01 1.004361547529697418e-02
9.273737072944641113e-01 1.104215905070304871e-02
9.185970425605773926e-01 1.190961431711912155e-02
9.103036522865295410e-01 1.264651771634817123e-02
9.012774825096130371e-01 1.342835929244756699e-02
8.921203613281250000e-01 1.417705789208412170e-02
8.827276229858398438e-01 1.491759624332189560e-02
8.734200596809387207e-01 1.562668383121490479e-02
8.642038702964782715e-01 1.630710996687412262e-02
8.551151156425476074e-01 1.696294359862804413e-02
8.461557626724243164e-01 1.759649068117141724e-02
8.371515870094299316e-01 1.822222769260406494e-02
8.280988335609436035e-01 1.884043216705322266e-02
8.188148140907287598e-01 1.946745999157428741e-02
8.093278408050537109e-01 2.010165154933929443e-02
7.996975779533386230e-01 2.074055001139640808e-02
7.902345061302185059e-01 2.136366069316864014e-02
7.810039520263671875e-01 2.196790464222431183e-02
7.721953988075256348e-01 2.254116907715797424e-02
7.638188600540161133e-01 2.308340184390544891e-02
7.559367418289184570e-01 2.359168790280818939e-02
7.484456896781921387e-01 2.407293207943439484e-02
7.411156892776489258e-01 2.454218827188014984e-02
7.337138056755065918e-01 2.501439675688743591e-02
7.261730432510375977e-01 2.549394965171813965e-02
7.185107469558715820e-01 2.597967907786369324e-02
7.106332182884216309e-01 2.647740393877029419e-02
7.024909853935241699e-01 2.698980644345283508e-02
6.940920948982238770e-01 2.751605585217475891e-02
6.856921315193176270e-01 2.803991362452507019e-02
6.772862672805786133e-01 2.856150642037391663e-02
6.688750386238098145e-01 2.908071130514144897e-02
6.604784727096557617e-01 2.959607727825641632e-02
6.523239016532897949e-01 3.009362705051898956e-02
6.444022059440612793e-01 3.057354316115379333e-02
6.365898251533508301e-01 3.104317747056484222e-02
6.287185549736022949e-01 3.151241689920425415e-02
6.207755208015441895e-01 3.198185935616493225e-02
6.128500103950500488e-01 3.244595229625701904e-02
6.048601865768432617e-01 3.290935978293418884e-02
5.968382358551025391e-01 3.337009623646736145e-02
5.888010859489440918e-01 3.382659330964088440e-02
5.809091925621032715e-01 3.426924720406532288e-02
5.730630755424499512e-01 3.470355644822120667e-02
5.652013421058654785e-01 3.513272851705551147e-02
5.572553873062133789e-01 3.556040301918983459e-02
5.492388606071472168e-01 3.598521649837493896e-02
5.411477684974670410e-01 3.640681132674217224e-02
5.329267978668212891e-01 3.682782128453254700e-02
5.245288610458374023e-01 3.724928572773933411e-02
5.158737897872924805e-01 3.767412528395652771e-02
5.070392489433288574e-01 3.809755295515060425e-02
4.980246722698211670e-01 3.851921111345291138e-02
4.889146685600280762e-01 3.893467038869857788e-02
4.797855615615844727e-01 3.933976590633392334e-02
4.707062840461730957e-01 3.973067924380302429e-02
4.616935849189758301e-01 4.010553285479545593e-02
4.527808725833892822e-01 4.046284407377243042e-02
4.439057409763336182e-01 4.080535471439361572e-02
4.350179135799407959e-01 4.113461822271347046e-02
4.262939691543579102e-01 4.144538566470146179e-02
4.177723824977874756e-01 4.173639416694641113e-02
4.096253812313079834e-01 4.200352728366851807e-02
4.018299579620361328e-01 4.224746301770210266e-02
3.943335711956024170e-01 4.247045889496803284e-02
3.869160413742065430e-01 4.267817363142967224e-02
3.794112801551818848e-01 4.287418723106384277e-02
3.716790080070495605e-01 4.306298494338989258e-02
3.636096715927124023e-01 4.324677586555480957e-02
3.554347753524780273e-01 4.342027008533477783e-02
3.471008837223052979e-01 4.358234629034996033e-02
3.388218283653259277e-01 4.372640699148178101e-02
3.305552303791046143e-01 4.385151341557502747e-02
3.224360048770904541e-01 4.395626485347747803e-02
3.143705427646636963e-01 4.404233023524284363e-02
3.064509332180023193e-01 4.411119967699050903e-02
2.987054586410522461e-01 4.416194185614585876e-02
2.911546826362609863e-01 4.419568181037902832e-02
2.838017940521240234e-01 4.420854896306991577e-02
2.764804065227508545e-01 4.420481622219085693e-02
2.690373957157135010e-01 4.418065026402473450e-02
2.612099647521972656e-01 4.413247108459472656e-02
2.529311478137969971e-01 4.405298456549644470e-02
2.441247999668121338e-01 4.393887519836425781e-02
2.349941283464431763e-01 4.378784447908401489e-02
2.255914211273193359e-01 4.359561204910278320e-02
2.162497192621231079e-01 4.336835816502571106e-02
2.071758657693862915e-01 4.311195388436317444e-02
1.987344324588775635e-01 4.284010455012321472e-02
1.907692998647689819e-01 4.254397749900817871e-02
1.832401305437088013e-01 4.222894087433815002e-02
1.759129315614700317e-01 4.188372939825057983e-02
1.685967743396759033e-01 4.149865731596946716e-02
1.609824299812316895e-01 4.104506596922874451e-02
1.529470384120941162e-01 4.052125662565231323e-02
1.446099728345870972e-01 3.992393985390663147e-02
1.361330598592758179e-01 3.926266729831695557e-02
1.277178227901458740e-01 3.853979334235191345e-02
1.192623972892761230e-01 3.774154558777809143e-02
1.109786704182624817e-01 3.687010332942008972e-02
1.027731820940971375e-01 3.591006249189376831e-02
9.458864480257034302e-02 3.484645113348960876e-02
8.621428161859512329e-02 3.364824503660202026e-02
7.771924138069152832e-02 3.227219358086585999e-02
6.930029392242431641e-02 3.078900650143623352e-02
6.113231554627418518e-02 2.920231968164443970e-02
5.326235294342041016e-02 2.751062996685504913e-02
4.569820687174797058e-02 2.569068968296051025e-02
3.848533704876899719e-02 2.370743453502655029e-02
3.161904588341712952e-02 2.152715995907783508e-02
2.510926127433776855e-02 1.910929568111896515e-02
1.895779557526111603e-02 1.641844771802425385e-02
1.325273420661687851e-02 1.344420108944177628e-02
8.500080555677413940e-03 1.045632455497980118e-02
4.801904316991567612e-03 7.537845056504011154e-03
2.233475679531693459e-03 4.878166597336530685e-03
7.089806022122502327e-04 2.615888370200991631e-03
9.624781341699417681e-06 8.476084913127124310e-04
-8.254574640886858106e-05 -4.273003432899713516e-04
1.657749671721830964e-04 -1.306029036641120911e-03
5.233303527347743511e-04 -1.937782042659819126e-03
8.620789158158004284e-04 -2.468344522640109062e-03
1.319220056757330894e-03 -2.936025382950901985e-03
1.813366310670971870e-03 -3.466153517365455627e-03
2.288667950779199600e-03 -4.016730468720197678e-03
2.711000386625528336e-03 -4.575171042233705521e-03
3.174987854436039925e-03 -5.131780169904232025e-03
3.861375851556658745e-03 -5.731763318181037903e-03
5.035383626818656921e-03 -6.435140036046504974e-03
6.901804823428392410e-03 -7.285586558282375336e-03
9.565194137394428253e-03 -8.308202959597110748e-03
1.309243962168693542e-02 -9.490181691944599152e-03
1.747565343976020813e-02 -1.076168939471244812e-02
2.252009697258472443e-02 -1.198151428252458572e-02
2.827286161482334137e-02 -1.308250147849321365e-02
3.480008617043495178e-02 -1.404027733951807022e-02
4.225993901491165161e-02 -1.486127264797687531e-02
5.079003795981407166e-02 -1.556659489870071411e-02
6.025417149066925049e-02 -1.616528443992137909e-02
7.023341953754425049e-02 -1.666779257357120514e-02
8.043418079614639282e-02 -1.707936078310012817e-02
9.051918238401412964e-02 -1.739151217043399811e-02
1.003608852624893188e-01 -1.758561842143535614e-02
1.097720563411712646e-01 -1.769101247191429138e-02
1.186948418617248535e-01 -1.773377694189548492e-02
1.274538040161132812e-01 -1.773260720074176788e-02
1.363495290279388428e-01 -1.769931800663471222e-02
1.453680545091629028e-01 -1.763580553233623505e-02
1.544919908046722412e-01 -1.753938943147659302e-02
1.636761724948883057e-01 -1.741702482104301453e-02
1.728868484497070312e-01 -1.727178134024143219e-02
1.822345107793807983e-01 -1.710441708564758301e-02
1.914023309946060181e-01 -1.691993698477745056e-02
2.003792822360992432e-01 -1.671886630356311798e-02
2.094216793775558472e-01 -1.649867370724678040e-02
2.183889150619506836e-01 -1.626693829894065857e-02
2.271479070186614990e-01 -1.602831482887268066e-02
2.358929812908172607e-01 -1.577757671475410461e-02
2.445463687181472778e-01 -1.551784947514533997e-02
2.532487511634826660e-01 -1.524535007774829865e-02
2.621842920780181885e-01 -1.495472900569438934e-02
2.711364030838012695e-01 -1.465319935232400894e-02
2.799576818943023682e-01 -1.434889808297157288e-02
2.887230515480041504e-01 -1.403994392603635788e-02
2.971067726612091064e-01 -1.373760867863893509e-02
3.053464293479919434e-01 -1.343232207000255585e-02
3.138311207294464111e-01 -1.310981065034866333e-02
3.225728571414947510e-01 -1.276938617229461670e-02
3.315133154392242432e-01 -1.241551246494054794e-02
3.405605256557464600e-01 -1.205303519964218140e-02
3.492298424243927002e-01 -1.170191541314125061e-02
3.573305010795593262e-01 -1.136938389390707016e-02
3.649720251560211182e-01 -1.105124130845069885e-02
3.721529245376586914e-01 -1.074717100709676743e-02
3.793277740478515625e-01 -1.043938007205724716e-02
3.868928551673889160e-01 -1.011155731976032257e-02
3.948812782764434814e-01 -9.762486442923545837e-03
4.031960070133209229e-01 -9.396118111908435822e-03
4.117468297481536865e-01 -9.016362018883228302e-03
4.203587174415588379e-01 -8.630135096609592438e-03
4.290229678153991699e-01 -8.238088339567184448e-03
4.377165734767913818e-01 -7.841396145522594452e-03
4.461941421031951904e-01 -7.451804354786872864e-03
4.544938206672668457e-01 -7.067956961691379547e-03
4.627191126346588135e-01 -6.685336586087942123e-03
4.708566367626190186e-01 -6.304477341473102570e-03
4.788715541362762451e-01 -5.927343852818012238e-03
4.868882298469543457e-01 -5.548239219933748245e-03
4.950257837772369385e-01 -5.161862354725599289e-03
5.033565759658813477e-01 -4.764934070408344269e-03
5.118239521980285645e-01 -4.360334482043981552e-03
5.202145576477050781e-01 -3.958248533308506012e-03
5.285583138465881348e-01 -3.557584946975111961e-03
5.369861125946044922e-01 -3.152290126308798790e-03
5.453355908393859863e-01 -2.750329207628965378e-03
5.534766912460327148e-01 -2.358131576329469681e-03
5.615122318267822266e-01 -1.971069024875760078e-03
5.695198774337768555e-01 -1.585773425176739693e-03
5.776197910308837891e-01 -1.196817029267549515e-03
5.858218073844909668e-01 -8.041471592150628567e-04
5.941285490989685059e-01 -4.078882921021431684e-04
6.026145815849304199e-01 -4.895244728686520830e-06
6.112686395645141602e-01 4.042898071929812431e-04
6.198011636734008789e-01 8.052759803831577301e-04
6.281728148460388184e-01 1.195631572045385838e-03
6.364630460739135742e-01 1.578355440869927406e-03
6.447831392288208008e-01 1.957827946171164513e-03
6.532104611396789551e-01 2.337004290893673897e-03
6.617749333381652832e-01 2.716618357226252556e-03
6.704129576683044434e-01 3.093460807576775551e-03
6.790207624435424805e-01 3.463119035586714745e-03
6.873974800109863281e-01 3.816362703219056129e-03
6.955288648605346680e-01 4.150994587689638138e-03
7.034668922424316406e-01 4.468728322535753250e-03
7.113324999809265137e-01 4.773920401930809021e-03
7.192609310150146484e-01 5.071477033197879791e-03
7.273729443550109863e-01 5.364597309380769730e-03
7.357121109962463379e-01 5.654030013829469681e-03
7.442153692245483398e-01 5.935695488005876541e-03
7.527014017105102539e-01 6.203149445354938507e-03
7.611371278762817383e-01 6.453074049204587936e-03
7.696146965026855469e-01 6.686931941658258438e-03
7.780793309211730957e-01 6.901698186993598938e-03
7.865741848945617676e-01 7.097138557583093643e-03
7.952226400375366211e-01 7.272395770996809006e-03
8.041839599609375000e-01 7.426607422530651093e-03
8.133659958839416504e-01 7.557992823421955109e-03
8.226834535598754883e-01 7.663087919354438782e-03
8.319122791290283203e-01 7.737428415566682816e-03
8.410316109657287598e-01 7.779572624713182449e-03
8.499211668968200684e-01 7.788640446960926056e-03
8.584169745445251465e-01 7.765019778162240982e-03
8.665794730186462402e-01 7.706957403570413589e-03
8.746171593666076660e-01 7.612481713294982910e-03
8.826763629913330078e-01 7.479933556169271469e-03
8.906831741333007812e-01 7.307861465960741043e-03
8.987290859222412109e-01 7.090862374752759933e-03
9.067500829696655273e-01 6.828429643064737320e-03
9.147035479545593262e-01 6.524647120386362076e-03
9.225049614906311035e-01 6.176376249641180038e-03
9.304267764091491699e-01 5.759182386100292206e-03
9.377249479293823242e-01 5.338642746210098267e-03
9.446580410003662109e-01 4.903220105916261673e-03
9.514613151550292969e-01 4.434168804436922073e-03
9.583692550659179688e-01 3.904804587364196777e-03
9.618490934371948242e-01 3.616784699261188507e-03
9.692907333374023438e-01 2.945161424577236176e-03
9.776723980903625488e-01 2.111112931743264198e-03
9.873508810997009277e-01 1.072661485522985458e-03
9.986830353736877441e-01 -2.121702564181759953e-04
