9.996818900108337402e-01 5.763079752796329558e-05
9.923102259635925293e-01 1.788038876838982105e-03
9.839823842048645020e-01 3.470867173746228218e-03
9.749559164047241211e-01 5.087122786790132523e-03
9.654883146286010742e-01 6.617812439799308777e-03
9.513001441955566406e-01 8.674518205225467682e-03
9.419931769371032715e-01 9.891156107187271118e-03
9.329356551170349121e-01 1.098673045635223389e-02
9.241890311241149902e-01 1.196324080228805542e-02
9.159008264541625977e-01 1.281358022242784500e-02
9.070907831192016602e-01 1.368536241352558136e-02
8.981962203979492188e-01 1.452523097395896912e-02
8.891340494155883789e-01 1.535228267312049866e-02
8.800688982009887695e-01 1.615600474178791046e-02
8.710454106330871582e-01 1.693667843937873840e-02
8.621406555175781250e-01 1.769248768687248230e-02
8.534594178199768066e-01 1.841648295521736145e-02
8.448273539543151855e-01 1.912540197372436523e-02
8.362238407135009766e-01 1.982190087437629700e-02
8.275674581527709961e-01 2.051507867872714996e-02
8.187881708145141602e-01 2.121072635054588318e-02
8.098185062408447266e-01 2.191547676920890808e-02
8.008521199226379395e-01 2.261452004313468933e-02
7.919816970825195312e-01 2.330141887068748474e-02
7.834329009056091309e-01 2.395917661488056183e-02
7.753084897994995117e-01 2.458034642040729523e-02
7.675713300704956055e-01 2.516878210008144379e-02
7.601897120475769043e-01 2.572704479098320007e-02
7.530485987663269043e-01 2.626421861350536346e-02
7.459006309509277344e-01 2.679917216300964355e-02
7.386920452117919922e-01 2.733642049133777618e-02
7.314071059226989746e-01 2.787698060274124146e-02
7.239473462104797363e-01 2.842799760401248932e-02
7.162574529647827148e-01 2.899285778403282166e-02
7.082538604736328125e-01 2.957719378173351288e-02
6.999983191490173340e-01 3.017620556056499481e-02
6.915076375007629395e-01 3.078833781182765961e-02
6.828640103340148926e-01 3.140742704272270203e-02
6.741278171539306641e-01 3.202898800373077393e-02
6.656417250633239746e-01 3.262862190604209900e-02
6.573957800865173340e-01 3.320646286010742188e-02
6.493514776229858398e-01 3.376511484384536743e-02
6.413579583168029785e-01 3.431485593318939209e-02
6.333270072937011719e-01 3.486173227429389954e-02
6.252349615097045898e-01 3.540708124637603760e-02
6.169909238815307617e-01 3.595682233572006226e-02
6.086183786392211914e-01 3.650916740298271179e-02
6.001446843147277832e-01 3.706159070134162903e-02
5.917032957077026367e-01 3.760408982634544373e-02
5.831574201583862305e-01 3.814520314335823059e-02
5.745131969451904297e-01 3.868377208709716797e-02
5.657335519790649414e-01 3.922191262245178223e-02
5.568333864212036133e-01 3.975780308246612549e-02
5.478134155273437500e-01 4.029062762856483459e-02
5.386209487915039062e-01 4.082215949892997742e-02
5.292941331863403320e-01 4.134890809655189514e-02
5.197855234146118164e-01 4.187199473381042480e-02
5.101503133773803711e-01 4.238795861601829529e-02
5.003964304924011230e-01 4.289585351943969727e-02
4.906077384948730469e-01 4.339041933417320251e-02
4.808596074581146240e-01 4.386696219444274902e-02
4.712070524692535400e-01 4.432238265872001648e-02
4.616243243217468262e-01 4.475652053952217102e-02
4.520722627639770508e-01 4.517120122909545898e-02
4.425637423992156982e-01 4.556574299931526184e-02
4.330224394798278809e-01 4.594308137893676758e-02
4.235604405403137207e-01 4.629892110824584961e-02
4.141499102115631104e-01 4.663333296775817871e-02
4.049251079559326172e-01 4.694297909736633301e-02
3.959213793277740479e-01 4.722648113965988159e-02
3.871595561504364014e-01 4.748355224728584290e-02
3.785257637500762939e-01 4.771741107106208801e-02
3.699963092803955078e-01 4.792859032750129700e-02
3.615839183330535889e-01 4.811821877956390381e-02
3.531905710697174072e-01 4.828870296478271484e-02
3.448333740234375000e-01 4.843880981206893921e-02
3.364014327526092529e-01 4.857009649276733398e-02
3.280206918716430664e-01 4.867889732122421265e-02
3.196641206741333008e-01 4.876581206917762756e-02
3.113262057304382324e-01 4.883015528321266174e-02
3.029241561889648438e-01 4.887217283248901367e-02
2.944772839546203613e-01 4.889016225934028625e-02
2.860040664672851562e-01 4.888096824288368225e-02
2.774053812026977539e-01 4.884245991706848145e-02
2.686966359615325928e-01 4.877353459596633911e-02
2.598780691623687744e-01 4.867433756589889526e-02
2.510273456573486328e-01 4.854243621230125427e-02
2.421809136867523193e-01 4.837679862976074219e-02
2.333004325628280640e-01 4.817160218954086304e-02
2.243408411741256714e-01 4.792148992419242859e-02
2.153009027242660522e-01 4.762214794754981995e-02
2.061749696731567383e-01 4.727136716246604919e-02
1.970678567886352539e-01 4.687655344605445862e-02
1.882049888372421265e-01 4.645039886236190796e-02
1.797219067811965942e-01 4.599979892373085022e-02
1.716078221797943115e-01 4.551949724555015564e-02
1.638531386852264404e-01 4.500969871878623962e-02
1.561970263719558716e-01 4.444844648241996765e-02
1.484522968530654907e-01 4.382193833589553833e-02
1.403912007808685303e-01 4.310255870223045349e-02
1.320101618766784668e-01 4.229032620787620544e-02
1.234865114092826843e-01 4.139565676450729370e-02
1.150070056319236755e-01 4.042767733335494995e-02
1.066420450806617737e-01 3.938296064734458923e-02
9.839787334203720093e-02 3.825253620743751526e-02
9.034289419651031494e-02 3.703097254037857056e-02
8.233530074357986450e-02 3.568958491086959839e-02
7.435925304889678955e-02 3.421418368816375732e-02
6.634283065795898438e-02 3.259271010756492615e-02
5.843782424926757812e-02 3.082575462758541107e-02
5.082515254616737366e-02 2.895517647266387939e-02
4.362161457538604736e-02 2.700035832822322845e-02
3.689795359969139099e-02 2.497817762196063995e-02
3.071549534797668457e-02 2.290456369519233704e-02
2.509590424597263336e-02 2.079428546130657196e-02
1.999221928417682648e-02 1.862921379506587982e-02
1.539788488298654556e-02 1.638963446021080017e-02
1.132025290280580521e-02 1.406664680689573288e-02
7.780936546623706818e-03 1.163430977612733841e-02
4.904312547296285629e-03 9.180854074656963348e-03
2.709820168092846870e-03 6.763854529708623886e-03
1.205160631798207760e-03 4.488439764827489853e-03
3.431375080253928900e-04 2.471460960805416107e-03
9.170444315032000304e-08 8.201371529139578342e-04
3.628221747931092978e-05 -4.567010910250246525e-04
3.093226696364581585e-04 -1.399083063006401062e-03
7.291306392289698124e-04 -2.102661179378628731e-03
1.209718175232410431e-03 -2.690775319933891296e-03
1.748345093801617622e-03 -3.222316969186067581e-03
2.332761650905013084e-03 -3.776568919420242310e-03
2.956001786515116692e-03 -4.366573411971330643e-03
3.667064709588885307e-03 -4.993252921849489212e-03
4.550423938781023026e-03 -5.650423932820558548e-03
5.690333433449268341e-03 -6.359659135341644287e-03
7.229683920741081238e-03 -7.142929825931787491e-03
9.342852048575878143e-03 -8.027463220059871674e-03
1.208623591810464859e-02 -9.011291898787021637e-03
1.557310670614242554e-02 -1.006450410932302475e-02
1.988953351974487305e-02 -1.115458831191062927e-02
2.508235163986682892e-02 -1.222443487495183945e-02
3.114735521376132965e-02 -1.324055064469575882e-02
3.800051286816596985e-02 -1.417459454387426376e-02
4.550539702177047729e-02 -1.500486768782138824e-02
5.352318659424781799e-02 -1.572907343506813049e-02
6.189364567399024963e-02 -1.634816639125347137e-02
7.030550390481948853e-02 -1.685787178575992584e-02
7.874383032321929932e-02 -1.726933196187019348e-02
8.719758689403533936e-02 -1.759701222181320190e-02
9.575597941875457764e-02 -1.785225607454776764e-02
1.042868718504905701e-01 -1.805086806416511536e-02
1.127444058656692505e-01 -1.820291951298713684e-02
1.211898848414421082e-01 -1.831438951194286346e-02
1.296067684888839722e-01 -1.839095540344715118e-02
1.379013210535049438e-01 -1.843557134270668030e-02
1.460605859756469727e-01 -1.844622194766998291e-02
1.541135460138320923e-01 -1.843244023621082306e-02
1.622125208377838135e-01 -1.839521527290344238e-02
1.704989373683929443e-01 -1.833612099289894104e-02
1.788839548826217651e-01 -1.825386658310890198e-02
1.874128580093383789e-01 -1.815001294016838074e-02
1.962711960077285767e-01 -1.802235841751098633e-02
2.053040266036987305e-01 -1.787430793046951294e-02
2.143706530332565308e-01 -1.770860515534877777e-02
2.235576808452606201e-01 -1.752312108874320984e-02
2.327536642551422119e-01 -1.731962338089942932e-02
2.420262843370437622e-01 -1.709839701652526855e-02
2.513962686061859131e-01 -1.685905829071998596e-02
2.606234848499298096e-01 -1.660972833633422852e-02
2.695696055889129639e-01 -1.635693944990634918e-02
2.783319056034088135e-01 -1.609944552183151245e-02
2.867881357669830322e-01 -1.584022492170333862e-02
2.950951457023620605e-01 -1.557436771690845490e-02
3.035660386085510254e-01 -1.529262773692607880e-02
3.122704923152923584e-01 -1.499285176396369934e-02
3.211124539375305176e-01 -1.468080095946788788e-02
3.300208151340484619e-01 -1.435992214828729630e-02
3.386965394020080566e-01 -1.404044590890407562e-02
3.470315337181091309e-01 -1.372627541422843933e-02
3.550640940666198730e-01 -1.341672521084547043e-02
3.628489077091217041e-01 -1.310964301228523254e-02
3.706321716308593750e-01 -1.279642805457115173e-02
3.786907792091369629e-01 -1.246666256338357925e-02
3.870442211627960205e-01 -1.211974862962961197e-02
3.954926133155822754e-01 -1.176386885344982147e-02
4.040204286575317383e-01 -1.139985863119363785e-02
4.125557541847229004e-01 -1.103035639971494675e-02
4.210436046123504639e-01 -1.065800525248050690e-02
4.294253587722778320e-01 -1.028560847043991089e-02
4.376736581325531006e-01 -9.914940223097801208e-03
4.458869397640228271e-01 -9.541922248899936676e-03
4.542055428028106689e-01 -9.160513989627361298e-03
4.626575112342834473e-01 -8.769264444708824158e-03
4.711082875728607178e-01 -8.374662138521671295e-03
4.796348512172698975e-01 -7.973453029990196228e-03
4.881811738014221191e-01 -7.568712346255779266e-03
4.966846108436584473e-01 -7.163506932556629181e-03
5.050063133239746094e-01 -6.764753721654415131e-03
5.130856037139892578e-01 -6.375589407980442047e-03
5.209564566612243652e-01 -5.994858685880899429e-03
5.287565588951110840e-01 -5.616236943751573563e-03
5.365172028541564941e-01 -5.238515790551900864e-03
5.441691279411315918e-01 -4.865220747888088226e-03
5.518485903739929199e-01 -4.490087740123271942e-03
5.595701932907104492e-01 -4.112652037292718887e-03
5.674125552177429199e-01 -3.729387652128934860e-03
5.753631591796875000e-01 -3.341275732964277267e-03
5.834479928016662598e-01 -2.947330009192228317e-03
5.916527509689331055e-01 -2.548609394580125809e-03
5.999655723571777344e-01 -2.145863138139247894e-03
6.082701683044433594e-01 -1.745244604535400867e-03
6.164904236793518066e-01 -1.350936712697148323e-03
6.247435808181762695e-01 -9.581923950463533401e-04
6.330858469009399414e-01 -5.650365492329001427e-04
6.415813565254211426e-01 -1.689620839897543192e-04
6.503100991249084473e-01 2.328558475710451603e-04
6.592238545417785645e-01 6.374350050464272499e-04
6.681917905807495117e-01 1.038496266119182110e-03
6.770210266113281250e-01 1.426977571099996567e-03
6.856929063796997070e-01 1.800583209842443466e-03
6.942049264907836914e-01 2.158212708309292793e-03
7.027001380920410156e-01 2.505029318854212761e-03
7.111681103706359863e-01 2.840569941326975822e-03
7.196640372276306152e-01 3.166399663314223289e-03
7.282621860504150391e-01 3.485249588266015053e-03
7.369506359100341797e-01 3.794584888964891434e-03
7.455499172210693359e-01 4.088377580046653748e-03
7.540586590766906738e-01 4.364401567727327347e-03
7.626753449440002441e-01 4.627224057912826538e-03
7.715106606483459473e-01 4.877266939729452133e-03
7.806471586227416992e-01 5.115465726703405380e-03
7.900463938713073730e-01 5.337296053767204285e-03
7.997140288352966309e-01 5.540960934013128281e-03
8.095547556877136230e-01 5.722606554627418518e-03
8.194492459297180176e-01 5.877649877220392227e-03
8.290215730667114258e-01 5.999501328915357590e-03
8.382536172866821289e-01 6.088364403694868088e-03
8.471919298171997070e-01 6.144547369331121445e-03
8.558722138404846191e-01 6.168424617499113083e-03
8.643456697463989258e-01 6.159226410090923309e-03
8.727298974990844727e-01 6.116359494626522064e-03
8.810732960700988770e-01 6.041235290467739105e-03
8.894057869911193848e-01 5.932433065026998520e-03
8.977487087249755859e-01 5.786436144262552261e-03
9.059489965438842773e-01 5.601115990430116653e-03
9.140924811363220215e-01 5.372357554733753204e-03
9.222661256790161133e-01 5.091415718197822571e-03
9.307252168655395508e-01 4.744817968457937241e-03
9.386129379272460938e-01 4.389075096696615219e-03
9.460319876670837402e-01 4.024412948638200760e-03
9.530827999114990234e-01 3.644534852355718613e-03
9.599890112876892090e-01 3.232229501008987427e-03
9.633414745330810547e-01 3.014417365193367004e-03
9.704593420028686523e-01 2.502785529941320419e-03
9.785065054893493652e-01 1.855229958891868591e-03
9.879373311996459961e-01 1.030253595672547817e-03
9.992061257362365723e-01 -1.364084437227575108e-05
