9.997766613960266113e-01 5.265989602776244283e-05
9.923167228698730469e-01 1.821653917431831360e-03
9.839111566543579102e-01 3.565608756616711617e-03
9.748275876045227051e-01 5.254251416772603989e-03
9.653337597846984863e-01 6.857308093458414078e-03
9.512581825256347656e-01 8.982460945844650269e-03
9.421301484107971191e-01 1.020479574799537659e-02
9.331958889961242676e-01 1.128789223730564117e-02
9.244021177291870117e-01 1.224726997315883636e-02
9.158121347427368164e-01 1.308860443532466888e-02
9.063922762870788574e-01 1.397891901433467865e-02
8.967147469520568848e-01 1.484695263206958771e-02
8.867833614349365234e-01 1.570706069469451904e-02
8.770293593406677246e-01 1.652444899082183838e-02
8.675815463066101074e-01 1.729263365268707275e-02
8.585346937179565430e-01 1.801334880292415619e-02
8.498914241790771484e-01 1.868990249931812286e-02
8.413770198822021484e-01 1.934674382209777832e-02
8.328373432159423828e-01 1.999660395085811615e-02
8.240961432456970215e-01 2.065620012581348419e-02
8.150614500045776367e-01 2.133218944072723389e-02
8.057140111923217773e-01 2.202739007771015167e-02
7.964110970497131348e-01 2.271508425474166870e-02
7.872793078422546387e-01 2.338673546910285950e-02
7.785797715187072754e-01 2.402326278388500214e-02
7.703474164009094238e-01 2.462254837155342102e-02
7.624689936637878418e-01 2.519357763230800629e-02
7.547977566719055176e-01 2.574710361659526825e-02
7.471323609352111816e-01 2.629779279232025146e-02
7.392219305038452148e-01 2.686379291117191315e-02
7.310451269149780273e-01 2.744670584797859192e-02
7.227302193641662598e-01 2.803708054125308990e-02
7.142788767814636230e-01 2.863450534641742706e-02
7.057814598083496094e-01 2.923205681145191193e-02
6.972426176071166992e-01 2.982906810939311981e-02
6.887956857681274414e-01 3.041622415184974670e-02
6.804106831550598145e-01 3.099531307816505432e-02
6.720939874649047852e-01 3.156587854027748108e-02
6.638113856315612793e-01 3.213004395365715027e-02
6.557534933090209961e-01 3.267496451735496521e-02
6.478779911994934082e-01 3.320298343896865845e-02
6.401087045669555664e-01 3.371923416852951050e-02
6.323915123939514160e-01 3.422725945711135864e-02
6.246809363365173340e-01 3.472998365759849548e-02
6.169820427894592285e-01 3.522637858986854553e-02
6.091444492340087891e-01 3.572581335902214050e-02
6.011524200439453125e-01 3.622872382402420044e-02
5.929874777793884277e-01 3.673581033945083618e-02
5.847847461700439453e-01 3.723779693245887756e-02
5.764097571372985840e-01 3.774231299757957458e-02
5.678999423980712891e-01 3.824615105986595154e-02
5.593334436416625977e-01 3.874435275793075562e-02
5.506975650787353516e-01 3.923628851771354675e-02
5.419644117355346680e-01 3.972280770540237427e-02
5.330964326858520508e-01 4.020542278885841370e-02
5.241100192070007324e-01 4.068202525377273560e-02
5.150557160377502441e-01 4.114930704236030579e-02
5.060166716575622559e-01 4.160242155194282532e-02
4.969764947891235352e-01 4.204232618212699890e-02
4.880563020706176758e-01 4.246282577514648438e-02
4.793685078620910645e-01 4.285867884755134583e-02
4.708686769008636475e-01 4.323272407054901123e-02
4.624886810779571533e-01 4.358741641044616699e-02
4.540784657001495361e-01 4.392778873443603516e-02
4.455069899559020996e-01 4.425849765539169312e-02
4.366543889045715332e-01 4.458201304078102112e-02
4.275335669517517090e-01 4.489762708544731140e-02
4.181382656097412109e-01 4.520386829972267151e-02
4.087310135364532471e-01 4.549281299114227295e-02
3.994916081428527832e-01 4.575761407613754272e-02
3.906039297580718994e-01 4.599415883421897888e-02
3.820008039474487305e-01 4.620232060551643372e-02
3.735989332199096680e-01 4.638455063104629517e-02
3.653863966464996338e-01 4.654319211840629578e-02
3.572314381599426270e-01 4.668252170085906982e-02
3.491237759590148926e-01 4.680335149168968201e-02
3.408971130847930908e-01 4.690697416663169861e-02
3.326730132102966309e-01 4.698949307203292847e-02
3.244083523750305176e-01 4.705049097537994385e-02
3.161732256412506104e-01 4.708819091320037842e-02
3.078041076660156250e-01 4.710372537374496460e-02
2.994308769702911377e-01 4.709769412875175476e-02
2.911621630191802979e-01 4.706811532378196716e-02
2.830149233341217041e-01 4.701490700244903564e-02
2.749839723110198975e-01 4.693616926670074463e-02
2.669715583324432373e-01 4.683259129524230957e-02
2.589736580848693848e-01 4.670182242989540100e-02
2.508868575096130371e-01 4.654102399945259094e-02
2.426072508096694946e-01 4.634351283311843872e-02
2.340357601642608643e-01 4.610467329621315002e-02
2.253034114837646484e-01 4.582324624061584473e-02
2.164206057786941528e-01 4.549586772918701172e-02
2.075266093015670776e-01 4.512600973248481750e-02
1.989004611968994141e-01 4.473221674561500549e-02
1.907308250665664673e-01 4.432404041290283203e-02
1.830416172742843628e-01 4.390130937099456787e-02
1.757620126008987427e-01 4.346058890223503113e-02
1.686645448207855225e-01 4.298756271600723267e-02
1.615743041038513184e-01 4.247150942683219910e-02
1.542809903621673584e-01 4.189291596412658691e-02
1.466256678104400635e-01 4.124055802822113037e-02
1.386190801858901978e-01 4.050386697053909302e-02
1.306132674217224121e-01 3.971442580223083496e-02
1.226091608405113220e-01 3.885988146066665649e-02
1.146261319518089294e-01 3.793536499142646790e-02
1.066753044724464417e-01 3.692848607897758484e-02
9.874662011861801147e-02 3.583770245313644409e-02
9.078831970691680908e-02 3.463387861847877502e-02
8.281119167804718018e-02 3.334544599056243896e-02
7.476650923490524292e-02 3.193666413426399231e-02
6.657340377569198608e-02 3.035541623830795288e-02
5.839301273226737976e-02 2.857189066708087921e-02
5.013496801257133484e-02 2.655543386936187744e-02
4.192451387643814087e-02 2.431590855121612549e-02
3.388900682330131531e-02 2.186301164329051971e-02
2.631021291017532349e-02 1.923964172601699829e-02
1.940041221678256989e-02 1.649365946650505066e-02
1.360493898391723633e-02 1.379356719553470612e-02
8.930447511374950409e-03 1.114612445235252380e-02
5.358040798455476761e-03 8.595220744609832764e-03
2.843998139724135399e-03 6.187750492244958878e-03
1.265276456251740456e-03 4.038104787468910217e-03
4.414581053424626589e-04 2.228308469057083130e-03
1.196484008687548339e-04 7.897390751168131828e-04
1.269917702302336693e-04 -2.984133607242256403e-04
3.093903651461005211e-04 -1.075814245268702507e-03
6.878027925267815590e-04 -1.604405813850462437e-03
1.128543866798281670e-03 -2.042572712525725365e-03
1.593243097886443138e-03 -2.473521977663040161e-03
2.068502362817525864e-03 -2.958107506856322289e-03
2.643941901624202728e-03 -3.497472964227199554e-03
3.346926998347043991e-03 -4.092270508408546448e-03
4.269753117114305496e-03 -4.740469157695770264e-03
5.449898540973663330e-03 -5.443050060421228409e-03
7.106150966137647629e-03 -6.214656867086887360e-03
9.475863538682460785e-03 -7.084829267114400864e-03
1.260587200522422791e-02 -8.049885742366313934e-03
1.653624698519706726e-02 -9.061170741915702820e-03
2.127101272344589233e-02 -1.007761899381875992e-02
2.691921219229698181e-02 -1.106629520654678345e-02
3.336985036730766296e-02 -1.198128797113895416e-02
4.054223746061325073e-02 -1.279785856604576111e-02
4.828746989369392395e-02 -1.349523290991783142e-02
5.668668821454048157e-02 -1.409593503922224045e-02
6.559667736291885376e-02 -1.461108215153217316e-02
7.462880015373229980e-02 -1.503630913794040680e-02
8.369087427854537964e-02 -1.537126954644918442e-02
9.266964346170425415e-02 -1.562699675559997559e-02
1.016871556639671326e-01 -1.581830717623233795e-02
1.104631125926971436e-01 -1.595090702176094055e-02
1.190555095672607422e-01 -1.603561826050281525e-02
1.276863068342208862e-01 -1.607630215585231781e-02
1.365497261285781860e-01 -1.608519628643989563e-02
1.455746293067932129e-01 -1.606177352368831635e-02
1.546991616487503052e-01 -1.600266806781291962e-02
1.638055145740509033e-01 -1.591832563281059265e-02
1.728024035692214966e-01 -1.581123284995555878e-02
1.816168427467346191e-01 -1.568654738366603851e-02
1.898652166128158569e-01 -1.554914750158786774e-02
1.976103931665420532e-01 -1.540294103324413300e-02
2.051472365856170654e-01 -1.524511631578207016e-02
2.125816792249679565e-01 -1.507549453526735306e-02
2.201001048088073730e-01 -1.489036437124013901e-02
2.280530929565429688e-01 -1.468046195805072784e-02
2.364429682493209839e-01 -1.444454491138458252e-02
2.453567534685134888e-01 -1.418060157448053360e-02
2.546998858451843262e-01 -1.389016769826412201e-02
2.640190720558166504e-01 -1.358748879283666611e-02
2.730163931846618652e-01 -1.328445971012115479e-02
2.817066907882690430e-01 -1.298097986727952957e-02
2.899950444698333740e-01 -1.268011424690485001e-02
2.981106340885162354e-01 -1.237389259040355682e-02
3.064894080162048340e-01 -1.204632129520177841e-02
3.151587843894958496e-01 -1.169717777520418167e-02
3.240830898284912109e-01 -1.133037544786930084e-02
3.331530690193176270e-01 -1.095118653029203415e-02
3.419512808322906494e-01 -1.057674083858728409e-02
3.503233492374420166e-01 -1.021316647529602051e-02
3.583409190177917480e-01 -9.858141653239727020e-03
3.660340309143066406e-01 -9.510515257716178894e-03
3.736630082130432129e-01 -9.160004556179046631e-03
3.815357089042663574e-01 -8.793773129582405090e-03
3.895699381828308105e-01 -8.415898308157920837e-03
3.976990878582000732e-01 -8.029557764530181885e-03
4.059180915355682373e-01 -7.635100279003381729e-03
4.140954315662384033e-01 -7.238469086587429047e-03
4.222187995910644531e-01 -6.840877700597047806e-03
4.302819967269897461e-01 -6.442964542657136917e-03
4.382345378398895264e-01 -6.047730799764394760e-03
4.461271166801452637e-01 -5.653102882206439972e-03
4.540611207485198975e-01 -5.254439543932676315e-03
4.620288610458374023e-01 -4.852070007473230362e-03
4.700395762920379639e-01 -4.445979837328195572e-03
4.782125353813171387e-01 -4.030488431453704834e-03
4.865434765815734863e-01 -3.606182290241122246e-03
4.950869679450988770e-01 -3.170608077198266983e-03
5.038047432899475098e-01 -2.726114587858319283e-03
5.126644968986511230e-01 -2.274785423651337624e-03
5.215771198272705078e-01 -1.821665558964014053e-03
5.305573344230651855e-01 -1.366543001495301723e-03
5.394528508186340332e-01 -9.174940641969442368e-04
5.481036305427551270e-01 -4.828611272387206554e-04
5.565139651298522949e-01 -6.274681800277903676e-05
5.646967291831970215e-01 3.429025819059461355e-04
5.727732181549072266e-01 7.397421286441385746e-04
5.808266997337341309e-01 1.131173456087708473e-03
5.889919400215148926e-01 1.523472601547837257e-03
5.973189473152160645e-01 1.918222405947744846e-03
6.058443784713745117e-01 2.317090285941958427e-03
6.144265532493591309e-01 2.712527057155966759e-03
6.229798197746276855e-01 3.099675988778471947e-03
6.315242648124694824e-01 3.478157799690961838e-03
6.400536298751831055e-01 3.847153624519705772e-03
6.485250592231750488e-01 4.204615950584411621e-03
6.569905281066894531e-01 4.551952704787254333e-03
6.654495596885681152e-01 4.888631403446197510e-03
6.739150285720825195e-01 5.214701406657695770e-03
6.822703480720520020e-01 5.525568034499883652e-03
6.905370354652404785e-01 5.820627789944410324e-03
6.987751126289367676e-01 6.100943777710199356e-03
7.070708870887756348e-01 6.368880625814199448e-03
7.153064012527465820e-01 6.621258333325386047e-03
7.233949899673461914e-01 6.855620536953210831e-03
7.313635945320129395e-01 7.073316257447004318e-03
7.392318248748779297e-01 7.273389957845211029e-03
7.469508051872253418e-01 7.455992046743631363e-03
7.546375393867492676e-01 7.620112970471382141e-03
7.625589966773986816e-01 7.770268712192773819e-03
7.709598541259765625e-01 7.907950319349765778e-03
7.799649238586425781e-01 8.032011799514293671e-03
7.895105481147766113e-01 8.135598152875900269e-03
7.995069622993469238e-01 8.213996887207031250e-03
8.097953200340270996e-01 8.262783288955688477e-03
8.201488852500915527e-01 8.278298191726207733e-03
8.301661014556884766e-01 8.258844725787639618e-03
8.398166298866271973e-01 8.205099031329154968e-03
8.489880561828613281e-01 8.120581507682800293e-03
8.577388525009155273e-01 8.007073774933815002e-03
8.661914467811584473e-01 7.862864062190055847e-03
8.745238184928894043e-01 7.684973999857902527e-03
8.828618526458740234e-01 7.471124175935983658e-03
8.912944197654724121e-01 7.218461018055677414e-03
8.998290300369262695e-01 6.924456451088190079e-03
9.083474278450012207e-01 6.589386612176895142e-03
9.168227314949035645e-01 6.215696223080158234e-03
9.251445531845092773e-01 5.802292842417955399e-03
9.336317777633666992e-01 5.327307153493165970e-03
9.414715170860290527e-01 4.856438376009464264e-03
9.488412737846374512e-01 4.383190069347620010e-03
9.559170603752136230e-01 3.896244801580905914e-03
9.629115462303161621e-01 3.378730732947587967e-03
9.663214683532714844e-01 3.111524973064661026e-03
9.733969569206237793e-01 2.517124172300100327e-03
9.810727834701538086e-01 1.815745024941861629e-03
9.896602630615234375e-01 9.749961900524795055e-04
9.994707107543945312e-01 -3.751386975636705756e-05
