9.997580647468566895e-01 2.579688734840601683e-04
9.932929873466491699e-01 1.934026600793004036e-03
9.849556088447570801e-01 3.720019245520234108e-03
9.752584695816040039e-01 5.544059909880161285e-03
9.647142887115478516e-01 7.334261666983366013e-03
9.489318132400512695e-01 9.717112407088279724e-03
9.388358592987060547e-01 1.104512717574834824e-02
9.292223453521728516e-01 1.216796040534973145e-02
9.201772809028625488e-01 1.309735421091318130e-02
9.118744730949401855e-01 1.384527422487735748e-02
9.029355645179748535e-01 1.463273912668228149e-02
8.938857913017272949e-01 1.539634540677070618e-02
8.846459984779357910e-01 1.615558937191963196e-02
8.755603432655334473e-01 1.687563210725784302e-02
8.664992451667785645e-01 1.757325790822505951e-02
8.573339581489562988e-01 1.826535910367965698e-02
8.480795025825500488e-01 1.895187050104141235e-02
8.387237191200256348e-01 1.963521726429462433e-02
8.293035626411437988e-01 2.031248621642589569e-02
8.196123242378234863e-01 2.100219018757343292e-02
8.098100423812866211e-01 2.169215492904186249e-02
7.999261617660522461e-01 2.238157019019126892e-02
7.902071475982666016e-01 2.305324375629425049e-02
7.805919051170349121e-01 2.371263504028320312e-02
7.712428569793701172e-01 2.434937842190265656e-02
7.622697353363037109e-01 2.495644241571426392e-02
7.539049983024597168e-01 2.551929652690887451e-02
7.460407018661499023e-01 2.604558691382408142e-02
7.384544014930725098e-01 2.655057050287723541e-02
7.309482097625732422e-01 2.704723365604877472e-02
7.233385443687438965e-01 2.754789404571056366e-02
7.155450582504272461e-01 2.805785834789276123e-02
7.074967026710510254e-01 2.858205698430538177e-02
6.992457509040832520e-01 2.911662869155406952e-02
6.909775137901306152e-01 2.964953705668449402e-02
6.829949021339416504e-01 3.016089461743831635e-02
6.752949357032775879e-01 3.065112046897411346e-02
6.677753925323486328e-01 3.112656436860561371e-02
6.603246927261352539e-01 3.159428387880325317e-02
6.529065966606140137e-01 3.205658867955207825e-02
6.454559564590454102e-01 3.251741454005241394e-02
6.378377079963684082e-01 3.298462554812431335e-02
6.299792528152465820e-01 3.346258029341697693e-02
6.219967007637023926e-01 3.394365310668945312e-02
6.139674186706542969e-01 3.442266955971717834e-02
6.059065461158752441e-01 3.489832580089569092e-02
5.978137254714965820e-01 3.537064045667648315e-02
5.896927714347839355e-01 3.583858907222747803e-02
5.816578865051269531e-01 3.629555180668830872e-02
5.736731290817260742e-01 3.674327954649925232e-02
5.656354427337646484e-01 3.718740493059158325e-02
5.575429797172546387e-01 3.762739896774291992e-02
5.494304299354553223e-01 3.806106001138687134e-02
5.413039326667785645e-01 3.848799690604209900e-02
5.331805944442749023e-01 3.890746086835861206e-02
5.250176787376403809e-01 3.932072594761848450e-02
5.166419148445129395e-01 3.973484039306640625e-02
5.081041455268859863e-01 4.014601185917854309e-02
4.993310272693634033e-01 4.055720567703247070e-02
4.903760850429534912e-01 4.096620902419090271e-02
4.812702834606170654e-01 4.137046635150909424e-02
4.721853435039520264e-01 4.176200181245803833e-02
4.632319211959838867e-01 4.213482141494750977e-02
4.546432793140411377e-01 4.248039051890373230e-02
4.463492333889007568e-01 4.280154407024383545e-02
4.381918907165527344e-01 4.310480132699012756e-02
4.302590191364288330e-01 4.338784888386726379e-02
4.224941730499267578e-01 4.365364834666252136e-02
4.149337112903594971e-01 4.390177130699157715e-02
4.074093103408813477e-01 4.413788765668869019e-02
3.998833894729614258e-01 4.436226934194564819e-02
3.921915590763092041e-01 4.457837715744972229e-02
3.843756616115570068e-01 4.478265345096588135e-02
3.763183951377868652e-01 4.497950524091720581e-02
3.680035173892974854e-01 4.516870528459548950e-02
3.597209751605987549e-01 4.534444212913513184e-02
3.514151275157928467e-01 4.550460353493690491e-02
3.430972397327423096e-01 4.564551264047622681e-02
3.346264660358428955e-01 4.576724395155906677e-02
3.259876370429992676e-01 4.586897045373916626e-02
3.170623481273651123e-01 4.595100507140159607e-02
3.080480694770812988e-01 4.601306840777397156e-02
2.992039024829864502e-01 4.605493694543838501e-02
2.907599806785583496e-01 4.607599228620529175e-02
2.829864621162414551e-01 4.607358947396278381e-02
2.758500277996063232e-01 4.605507105588912964e-02
2.691850662231445312e-01 4.602069407701492310e-02
2.625856697559356689e-01 4.596624150872230530e-02
2.556467354297637939e-01 4.588314518332481384e-02
2.480132728815078735e-01 4.576503857970237732e-02
2.397761642932891846e-01 4.561017826199531555e-02
2.309451848268508911e-01 4.541086778044700623e-02
2.217828631401062012e-01 4.517162963747978210e-02
2.126894146203994751e-01 4.490144550800323486e-02
2.042575180530548096e-01 4.462130367755889893e-02
1.964550167322158813e-01 4.432391747832298279e-02
1.891561746597290039e-01 4.400897398591041565e-02
1.820080131292343140e-01 4.365746676921844482e-02
1.748035997152328491e-01 4.326196759939193726e-02
1.672725826501846313e-01 4.279605299234390259e-02
1.590991765260696411e-01 4.223924875259399414e-02
1.503478288650512695e-01 4.157894849777221680e-02
1.413744539022445679e-01 4.084093123674392700e-02
1.325420588254928589e-01 4.003662616014480591e-02
1.238816380500793457e-01 3.917547315359115601e-02
1.155801564455032349e-01 3.826089203357696533e-02
1.076172217726707458e-01 3.729450330138206482e-02
1.000652089715003967e-01 3.628471121191978455e-02
9.257473796606063843e-02 3.517381474375724792e-02
8.492141216993331909e-02 3.390314429998397827e-02
7.717959582805633545e-02 3.251343220472335815e-02
6.955944746732711792e-02 3.102225251495838165e-02
6.206901371479034424e-02 2.943342924118041992e-02
5.481422692537307739e-02 2.775542810559272766e-02
4.777437075972557068e-02 2.594823390245437622e-02
4.102985933423042297e-02 2.400853671133518219e-02
3.456192463636398315e-02 2.189671434462070465e-02
2.813438139855861664e-02 1.952477544546127319e-02
2.176971733570098877e-02 1.685494184494018555e-02
1.593809202313423157e-02 1.406172849237918854e-02
1.082736719399690628e-02 1.119012758135795593e-02
6.668542046099901199e-03 8.400875143706798553e-03
3.594155889004468918e-03 5.839315708726644516e-03
1.531425979919731617e-03 3.640790935605764389e-03
4.178929375484585762e-04 1.897783833555877209e-03
-1.500796042819274589e-05 6.043258472345769405e-04
-8.602321759099140763e-05 -3.187345282640308142e-04
4.388415618450380862e-05 -9.975079447031021118e-04
3.547000233083963394e-04 -1.486021908931434155e-03
7.524637621827423573e-04 -1.962275477126240730e-03
1.115517225116491318e-03 -2.437343122437596321e-03
1.394739607349038124e-03 -2.938565332442522049e-03
1.651235390454530716e-03 -3.460123436525464058e-03
2.143772784620523453e-03 -4.039220511913299561e-03
3.222307888790965080e-03 -4.707831889390945435e-03
5.258544813841581345e-03 -5.489049479365348816e-03
8.257001638412475586e-03 -6.402925122529268265e-03
1.225503627210855484e-02 -7.408447563648223877e-03
1.729775592684745789e-02 -8.475196547806262970e-03
2.298805490136146545e-02 -9.449290111660957336e-03
2.930042892694473267e-02 -1.026574801653623581e-02
3.610244393348693848e-02 -1.089408248662948608e-02
4.363073781132698059e-02 -1.136147230863571167e-02
5.216104164719581604e-02 -1.170569099485874176e-02
6.181627884507179260e-02 -1.196258887648582458e-02
7.197153568267822266e-02 -1.215588115155696869e-02
8.249562233686447144e-02 -1.230276655405759811e-02
9.316249936819076538e-02 -1.241335272789001465e-02
1.037874892354011536e-01 -1.245113369077444077e-02
1.142045781016349792e-01 -1.243748329579830170e-02
1.241335049271583557e-01 -1.238430291414260864e-02
1.337640881538391113e-01 -1.230870932340621948e-02
1.433421671390533447e-01 -1.221829373389482498e-02
1.526746600866317749e-01 -1.211913302540779114e-02
1.615051031112670898e-01 -1.200664322823286057e-02
1.698776185512542725e-01 -1.188882254064083099e-02
1.779416948556900024e-01 -1.176501158624887466e-02
1.860099434852600098e-01 -1.163249276578426361e-02
1.941784471273422241e-01 -1.148794218897819519e-02
2.026078850030899048e-01 -1.132726017385721207e-02
2.116330713033676147e-01 -1.114474050700664520e-02
2.213726788759231567e-01 -1.093812845647335052e-02
2.313395291566848755e-01 -1.071722619235515594e-02
2.415464669466018677e-01 -1.048009470105171204e-02
2.514677941799163818e-01 -1.023944560438394547e-02
2.609176933765411377e-01 -1.000095997005701065e-02
2.698636949062347412e-01 -9.765931405127048492e-03
2.782751619815826416e-01 -9.536286816000938416e-03
2.861313819885253906e-01 -9.315013885498046875e-03
2.937379777431488037e-01 -9.094690904021263123e-03
3.013077676296234131e-01 -8.869364857673645020e-03
3.089870810508728027e-01 -8.633242920041084290e-03
3.171710073947906494e-01 -8.375313133001327515e-03
3.255867362022399902e-01 -8.102984167635440826e-03
3.339893817901611328e-01 -7.825795561075210571e-03
3.422926068305969238e-01 -7.546905893832445145e-03
3.501711189746856689e-01 -7.277667522430419922e-03
3.576097190380096436e-01 -7.017123978585004807e-03
3.648155629634857178e-01 -6.758466828614473343e-03
3.719830811023712158e-01 -6.495099980384111404e-03
3.794369995594024658e-01 -6.215697154402732849e-03
3.873741328716278076e-01 -5.913326051086187363e-03
3.956133127212524414e-01 -5.594564601778984070e-03
4.038210809230804443e-01 -5.272130016237497330e-03
4.118693470954895020e-01 -4.951400682330131531e-03
4.196017682552337646e-01 -4.637729376554489136e-03
4.271350800991058350e-01 -4.327150993049144745e-03
4.344649314880371094e-01 -4.020216874778270721e-03
4.416655898094177246e-01 -3.714410820975899696e-03
4.489976465702056885e-01 -3.398967674002051353e-03
4.566249847412109375e-01 -3.066783538088202477e-03
4.644687175750732422e-01 -2.721159718930721283e-03
4.723739624023437500e-01 -2.368896966800093651e-03
4.803222119808197021e-01 -2.010985976085066795e-03
4.883834123611450195e-01 -1.644263160414993763e-03
4.964402914047241211e-01 -1.274333568289875984e-03
5.043951272964477539e-01 -9.056931594386696815e-04
5.122292041778564453e-01 -5.395131884142756462e-04
5.200308561325073242e-01 -1.724207104416564107e-04
5.278410315513610840e-01 1.971159363165497780e-04
5.355041027069091797e-01 5.615173722617328167e-04
5.428817868232727051e-01 9.138105087913572788e-04
5.500372648239135742e-01 1.256563933566212654e-03
5.571027398109436035e-01 1.595661509782075882e-03
5.641021728515625000e-01 1.931971753947436810e-03
5.711811780929565430e-01 2.272010315209627151e-03
5.784783959388732910e-01 2.621998544782400131e-03
5.861055850982666016e-01 2.986835548654198647e-03
5.940786600112915039e-01 3.366790944710373878e-03
6.022534370422363281e-01 3.754077479243278503e-03
6.104991436004638672e-01 4.141718614846467972e-03
6.187686324119567871e-01 4.526780918240547180e-03
6.270332932472229004e-01 4.907036665827035904e-03
6.352906227111816406e-01 5.281382706016302109e-03
6.435937881469726562e-01 5.651019979268312454e-03
6.519843339920043945e-01 6.016462109982967377e-03
6.603995561599731445e-01 6.375143770128488541e-03
6.688323020935058594e-01 6.725491024553775787e-03
6.773563623428344727e-01 7.068113889545202255e-03
6.859390735626220703e-01 7.400626316666603088e-03
6.945930719375610352e-01 7.721785455942153931e-03
7.033864259719848633e-01 8.031893521547317505e-03
7.124300003051757812e-01 8.331690914928913116e-03
7.217829823493957520e-01 8.620461449027061462e-03
7.313942909240722656e-01 8.893888443708419800e-03
7.409951686859130859e-01 9.143158793449401855e-03
7.504725456237792969e-01 9.366310201585292816e-03
7.598390579223632812e-01 9.561813436448574066e-03
7.688525915145874023e-01 9.725839830935001373e-03
7.775480747222900391e-01 9.858422912657260895e-03
7.861425280570983887e-01 9.960625320672988892e-03
7.949905991554260254e-01 1.003269385546445847e-02
8.042491674423217773e-01 1.007581502199172974e-02
8.139756917953491211e-01 1.008813828229904175e-02
8.239675760269165039e-01 1.006765756756067276e-02
8.340587615966796875e-01 1.001452095806598663e-02
8.441792726516723633e-01 9.925185702741146088e-03
8.539152741432189941e-01 9.801325388252735138e-03
8.632549643516540527e-01 9.641853161156177521e-03
8.722727298736572266e-01 9.448197670280933380e-03
8.811826109886169434e-01 9.215182624757289886e-03
8.899506926536560059e-01 8.942727930843830109e-03
8.986398577690124512e-01 8.625895716249942780e-03
9.070493578910827637e-01 8.276118896901607513e-03
9.151120781898498535e-01 7.899698801338672638e-03
9.230491518974304199e-01 7.471569348126649857e-03
9.310406446456909180e-01 6.967991590499877930e-03
9.383857846260070801e-01 6.465035956352949142e-03
9.453309178352355957e-01 5.947767291218042374e-03
9.521975517272949219e-01 5.386979784816503525e-03
9.591915607452392578e-01 4.749812185764312744e-03
9.626869559288024902e-01 4.402892664074897766e-03
9.700936079025268555e-01 3.591379383578896523e-03
9.783242940902709961e-01 2.579616149887442589e-03
9.877023696899414062e-01 1.315581961534917355e-03
9.985511898994445801e-01 -2.527438628021627665e-04
