1.000079512596130371e+00 8.302435162477195263e-04
9.901813864707946777e-01 2.944256877526640892e-03
9.804083108901977539e-01 4.801167640835046768e-03
9.708452224731445312e-01 6.423213984817266464e-03
9.615769982337951660e-01 7.832635194063186646e-03
9.487425088882446289e-01 9.563283063471317291e-03
9.407913088798522949e-01 1.052751485258340836e-02
9.330385327339172363e-01 1.140039227902889252e-02
9.252181649208068848e-01 1.222376152873039246e-02
9.172031283378601074e-01 1.301790867000818253e-02
9.081929922103881836e-01 1.388414483517408371e-02
8.987030982971191406e-01 1.477285381406545639e-02
8.890299797058105469e-01 1.565173454582691193e-02
8.794529438018798828e-01 1.649256609380245209e-02
8.700395822525024414e-01 1.729798130691051483e-02
8.608393073081970215e-01 1.806927658617496490e-02
8.518531322479248047e-01 1.881012693047523499e-02
8.428933620452880859e-01 1.954059861600399017e-02
8.338543176651000977e-01 2.027138508856296539e-02
8.245779871940612793e-01 2.101529203355312347e-02
8.151174783706665039e-01 2.176837250590324402e-02
8.053620457649230957e-01 2.254003845155239105e-02
7.954717278480529785e-01 2.331859804689884186e-02
7.856041789054870605e-01 2.409194596111774445e-02
7.760378718376159668e-01 2.483889460563659668e-02
7.668854594230651855e-01 2.555101551115512848e-02
7.582472562789916992e-01 2.622113004326820374e-02
7.500414252281188965e-01 2.685585059225559235e-02
7.420641779899597168e-01 2.747136726975440979e-02
7.341888546943664551e-01 2.807758934795856476e-02
7.262744307518005371e-01 2.868581563234329224e-02
7.183074355125427246e-01 2.929701283574104309e-02
7.102659344673156738e-01 2.991298399865627289e-02
7.021162509918212891e-01 3.053605742752552032e-02
6.938251256942749023e-01 3.116874955594539642e-02
6.855449080467224121e-01 3.179934993386268616e-02
6.771843433380126953e-01 3.243472427129745483e-02
6.687256693840026855e-01 3.307614848017692566e-02
6.602192521095275879e-01 3.371974080801010132e-02
6.518624424934387207e-01 3.435047715902328491e-02
6.436640024185180664e-01 3.496751561760902405e-02
6.357820034027099609e-01 3.555906191468238831e-02
6.281507611274719238e-01 3.613016381859779358e-02
6.208273172378540039e-01 3.667663037776947021e-02
6.137059926986694336e-01 3.720597177743911743e-02
6.065046787261962891e-01 3.773882612586021423e-02
5.991213917732238770e-01 3.828272968530654907e-02
5.914115905761718750e-01 3.884772211313247681e-02
5.832515954971313477e-01 3.944190591573715210e-02
5.745589733123779297e-01 4.007059335708618164e-02
5.655525922775268555e-01 4.071690887212753296e-02
5.564506053924560547e-01 4.136500880122184753e-02
5.475062727928161621e-01 4.199622943997383118e-02
5.387687683105468750e-01 4.260705411434173584e-02
5.302841067314147949e-01 4.319403693079948425e-02
5.221016407012939453e-01 4.375283792614936829e-02
5.139365196228027344e-01 4.430181533098220825e-02
5.054795742034912109e-01 4.486075788736343384e-02
4.965479671955108643e-01 4.544030502438545227e-02
4.871461987495422363e-01 4.603873938322067261e-02
4.774452447891235352e-01 4.664374515414237976e-02
4.676056206226348877e-01 4.724387452006340027e-02
4.578284025192260742e-01 4.782543703913688660e-02
4.483267664909362793e-01 4.837447777390480042e-02
4.392484128475189209e-01 4.888252168893814087e-02
4.304740130901336670e-01 4.935634508728981018e-02
4.219428300857543945e-01 4.980038478970527649e-02
4.135455191135406494e-01 5.022079497575759888e-02
4.052706956863403320e-01 5.061927065253257751e-02
3.970425128936767578e-01 5.099801719188690186e-02
3.887745440006256104e-01 5.136045441031455994e-02
3.803684115409851074e-01 5.170803889632225037e-02
3.718224167823791504e-01 5.203917622566223145e-02
3.632313013076782227e-01 5.235026404261589050e-02
3.545547723770141602e-01 5.264203250408172607e-02
3.458745777606964111e-01 5.290915817022323608e-02
3.373431265354156494e-01 5.314834043383598328e-02
3.291313052177429199e-01 5.335473641753196716e-02
3.212514817714691162e-01 5.353084951639175415e-02
3.135868012905120850e-01 5.367739498615264893e-02
3.059365749359130859e-01 5.379809066653251648e-02
2.981343567371368408e-01 5.389088019728660583e-02
2.901413440704345703e-01 5.395494773983955383e-02
2.817800939083099365e-01 5.399001017212867737e-02
2.730995118618011475e-01 5.399530380964279175e-02
2.643069028854370117e-01 5.396573245525360107e-02
2.556633949279785156e-01 5.390264093875885010e-02
2.473324537277221680e-01 5.380566418170928955e-02
2.392078936100006104e-01 5.366996675729751587e-02
2.312256693840026855e-01 5.349300056695938110e-02
2.232045829296112061e-01 5.326851829886436462e-02
2.151303291320800781e-01 5.299507454037666321e-02
2.068913877010345459e-01 5.267024040222167969e-02
1.986902058124542236e-01 5.230721458792686462e-02
1.906312257051467896e-01 5.190874636173248291e-02
1.829365491867065430e-01 5.148537829518318176e-02
1.754751205444335938e-01 5.101877078413963318e-02
1.680372953414916992e-01 5.049363896250724792e-02
1.605035215616226196e-01 4.989938065409660339e-02
1.526652872562408447e-01 4.921837896108627319e-02
1.443530470132827759e-01 4.841407760977745056e-02
1.356514841318130493e-01 4.749856516718864441e-02
1.267432123422622681e-01 4.645964875817298889e-02
1.178400889039039612e-01 4.532744362950325012e-02
1.091221123933792114e-01 4.410785809159278870e-02
1.004962697625160217e-01 4.278657212853431702e-02
9.190540760755538940e-02 4.131165891885757446e-02
8.338280767202377319e-02 3.967724740505218506e-02
7.480952888727188110e-02 3.783540055155754089e-02
6.608355790376663208e-02 3.575932607054710388e-02
5.748723819851875305e-02 3.349450230598449707e-02
4.908711463212966919e-02 3.103622421622276306e-02
4.138278961181640625e-02 2.858528867363929749e-02
3.449894860386848450e-02 2.618439123034477234e-02
2.845890074968338013e-02 2.385490201413631439e-02
2.307145670056343079e-02 2.148726955056190491e-02
1.831449568271636963e-02 1.903139427304267883e-02
1.398493070155382156e-02 1.635208353400230408e-02
1.004754099994897842e-02 1.341566815972328186e-02
6.585549097508192062e-03 1.024674158543348312e-02
3.666696604341268539e-03 6.987435277551412582e-03
1.653996179811656475e-03 3.996761515736579895e-03
4.942005616612732410e-04 1.412671059370040894e-03
9.529522503726184368e-05 -6.220560753718018532e-04
1.760423037922009826e-04 -2.102367579936981201e-03
5.755337188020348549e-04 -3.087337128818035126e-03
1.109222299419343472e-03 -3.767285495996475220e-03
1.674762112088501453e-03 -4.295446444302797318e-03
2.228031633421778679e-03 -4.827754572033882141e-03
2.859123283997178078e-03 -5.426045972853899002e-03
3.741807304322719574e-03 -6.101327948272228241e-03
4.865613766014575958e-03 -6.876111030578613281e-03
6.144437473267316818e-03 -7.700499147176742554e-03
7.610857952386140823e-03 -8.531859144568443298e-03
9.245005436241626740e-03 -9.363846853375434875e-03
1.125839259475469589e-02 -1.021637581288814545e-02
1.394805964082479477e-02 -1.107768621295690536e-02
1.765979826450347900e-02 -1.195908710360527039e-02
2.268058992922306061e-02 -1.286685746163129807e-02
2.917421050369739532e-02 -1.379105262458324432e-02
3.673752024769783020e-02 -1.465705968439579010e-02
4.474008455872535706e-02 -1.539411302655935287e-02
5.285132676362991333e-02 -1.595982722938060760e-02
6.054221838712692261e-02 -1.633473671972751617e-02
6.785640120506286621e-02 -1.653279364109039307e-02
7.509982585906982422e-02 -1.657093316316604614e-02
8.247824758291244507e-02 -1.649690233170986176e-02
9.033100306987762451e-02 -1.634547859430313110e-02
9.882705658674240112e-02 -1.613641344010829926e-02
1.077922582626342773e-01 -1.585692539811134338e-02
1.170210391283035278e-01 -1.550460513681173325e-02
1.264452487230300903e-01 -1.508719939738512039e-02
1.358155012130737305e-01 -1.460527628660202026e-02
1.450901031494140625e-01 -1.407730020582675934e-02
1.542011052370071411e-01 -1.351945288479328156e-02
1.628602296113967896e-01 -1.295708678662776947e-02
1.710943132638931274e-01 -1.239720731973648071e-02
1.788627654314041138e-01 -1.184819452464580536e-02
1.862800419330596924e-01 -1.130252238363027573e-02
1.933849751949310303e-01 -1.076292619109153748e-02
2.003054916858673096e-01 -1.022489275783300400e-02
2.072433382272720337e-01 -9.675007313489913940e-03
2.141917496919631958e-01 -9.116151370108127594e-03
2.213101983070373535e-01 -8.535113185644149780e-03
2.286742329597473145e-01 -7.924023084342479706e-03
2.363912463188171387e-01 -7.275507785379886627e-03
2.444250285625457764e-01 -6.592982448637485504e-03
2.527219355106353760e-01 -5.882989615201950073e-03
2.610490918159484863e-01 -5.165827926248311996e-03
2.692797780036926270e-01 -4.453570581972599030e-03
2.773471474647521973e-01 -3.752785967662930489e-03
2.850975990295410156e-01 -3.077939152717590332e-03
2.926819920539855957e-01 -2.416789298877120018e-03
3.003344833850860596e-01 -1.750706112943589687e-03
3.082051277160644531e-01 -1.067901845090091228e-03
3.164084255695343018e-01 -3.601632779464125633e-04
3.250711262226104736e-01 3.817003744188696146e-04
3.341294825077056885e-01 1.150790601968765259e-03
3.433736562728881836e-01 1.928968471474945545e-03
3.525479137897491455e-01 2.693476388230919838e-03
3.614391982555389404e-01 3.425546223297715187e-03
3.697653412818908691e-01 4.102586302906274796e-03
3.776316046714782715e-01 4.732659552246332169e-03
3.850251734256744385e-01 5.315497051924467087e-03
3.922310173511505127e-01 5.872808396816253662e-03
3.995593190193176270e-01 6.428913213312625885e-03
4.071001708507537842e-01 6.990482565015554428e-03
4.147963225841522217e-01 7.553151808679103851e-03
4.227889776229858398e-01 8.124776184558868408e-03
4.310739934444427490e-01 8.703090250492095947e-03
4.393894970417022705e-01 9.267973713576793671e-03
4.477454125881195068e-01 9.820399805903434753e-03
4.559612572193145752e-01 1.034718751907348633e-02
4.641399085521697998e-01 1.085548661649227142e-02
4.721931815147399902e-01 1.134039927273988724e-02
4.800052642822265625e-01 1.179496943950653076e-02
4.875622689723968506e-01 1.221804972738027573e-02
4.951227903366088867e-01 1.262525189667940140e-02
5.027734041213989258e-01 1.301993150264024734e-02
5.104522109031677246e-01 1.339848060160875320e-02
5.181691646575927734e-01 1.376229245215654373e-02
5.258636474609375000e-01 1.410877518355846405e-02
5.335395932197570801e-01 1.443883869796991348e-02
5.410538315773010254e-01 1.474554371088743210e-02
5.483681559562683105e-01 1.502663269639015198e-02
5.555848479270935059e-01 1.528555061668157578e-02
5.628993511199951172e-01 1.552940346300601959e-02
5.704129934310913086e-01 1.576112210750579834e-02
5.780432820320129395e-01 1.597872562706470490e-02
5.858020782470703125e-01 1.618162915110588074e-02
5.936388969421386719e-01 1.636779680848121643e-02
6.015747785568237305e-01 1.653517410159111023e-02
6.095520853996276855e-01 1.668043434619903564e-02
6.175837516784667969e-01 1.680319756269454956e-02
6.258052587509155273e-01 1.690353080630302429e-02
6.343087553977966309e-01 1.698118634521961212e-02
6.429712772369384766e-01 1.703596860170364380e-02
6.515604853630065918e-01 1.706677488982677460e-02
6.601127982139587402e-01 1.707169041037559509e-02
6.685558557510375977e-01 1.704988442361354828e-02
6.769470572471618652e-01 1.700074970722198486e-02
6.852284073829650879e-01 1.692511513829231262e-02
6.934351325035095215e-01 1.682392880320549011e-02
7.017329335212707520e-01 1.669679209589958191e-02
7.101800441741943359e-01 1.654236204922199249e-02
7.185812592506408691e-01 1.636488921940326691e-02
7.269671559333801270e-01 1.616063900291919708e-02
7.356422543525695801e-01 1.591887325048446655e-02
7.447350025177001953e-01 1.563028432428836823e-02
7.543343901634216309e-01 1.528995670378208160e-02
7.643784880638122559e-01 1.489608921110630035e-02
7.747278809547424316e-01 1.445470005273818970e-02
7.852822542190551758e-01 1.396911963820457458e-02
7.958338856697082520e-01 1.344611681997776031e-02
8.059356808662414551e-01 1.290901564061641693e-02
8.155837655067443848e-01 1.236107572913169861e-02
8.250713348388671875e-01 1.178653724491596222e-02
8.346058130264282227e-01 1.117333769798278809e-02
8.444001078605651855e-01 1.050891447812318802e-02
8.546066284179687500e-01 9.784295223653316498e-03
8.651864528656005859e-01 9.005361236631870270e-03
8.762285709381103516e-01 8.168576285243034363e-03
8.875041604042053223e-01 7.295206189155578613e-03
8.984652757644653320e-01 6.431766785681247711e-03
9.089537858963012695e-01 5.600250326097011566e-03
9.191627502441406250e-01 4.795013461261987686e-03
9.292757511138916016e-01 4.010805860161781311e-03
9.384316802024841309e-01 3.311269916594028473e-03
9.468170404434204102e-01 2.684968756511807442e-03
9.546325802803039551e-01 2.117303898558020592e-03
9.622168540954589844e-01 1.582772471010684967e-03
9.658111929893493652e-01 1.335153705440461636e-03
9.731106162071228027e-01 8.429432637058198452e-04
9.808453917503356934e-01 3.336899972055107355e-04
9.893604516983032227e-01 -2.179006987717002630e-04
9.990010261535644531e-01 -8.371234289370477200e-04
