9.996619820594787598e-01 6.925599882379174232e-04
9.913953542709350586e-01 2.972514368593692780e-03
9.828175902366638184e-01 5.065446253865957260e-03
9.740540981292724609e-01 6.978080142289400101e-03
9.652305245399475098e-01 8.717141114175319672e-03
9.523449540138244629e-01 1.098811160773038864e-02
9.439835548400878906e-01 1.232162211090326309e-02
9.359102845191955566e-01 1.352089177817106247e-02
9.281045198440551758e-01 1.459800638258457184e-02
9.206129908561706543e-01 1.555360760539770126e-02
9.125031232833862305e-01 1.655221916735172272e-02
9.042611718177795410e-01 1.751708053052425385e-02
8.957554697990417480e-01 1.847369037568569183e-02
8.870304822921752930e-01 1.942703314125537872e-02
8.781656622886657715e-01 2.037381939589977264e-02
8.693095445632934570e-01 2.130399271845817566e-02
8.605906963348388672e-01 2.220390737056732178e-02
8.518891930580139160e-01 2.308998256921768188e-02
8.431926369667053223e-01 2.396577969193458557e-02
8.344997167587280273e-01 2.483321167528629303e-02
8.258531093597412109e-01 2.568817883729934692e-02
8.170940876007080078e-01 2.654789760708808899e-02
8.084061741828918457e-01 2.739502117037773132e-02
7.998099923133850098e-01 2.822766639292240143e-02
7.914735078811645508e-01 2.902989648282527924e-02
7.834143638610839844e-01 2.980060875415802002e-02
7.757190465927124023e-01 3.053280152380466461e-02
7.683257460594177246e-01 3.123239241540431976e-02
7.611806988716125488e-01 3.190477564930915833e-02
7.540205717086791992e-01 3.257442638278007507e-02
7.466907501220703125e-01 3.325635567307472229e-02
7.390959262847900391e-01 3.395870327949523926e-02
7.311723828315734863e-01 3.468777611851692200e-02
7.228688001632690430e-01 3.544723242521286011e-02
7.142158746719360352e-01 3.623373061418533325e-02
7.053971290588378906e-01 3.702972084283828735e-02
6.964793801307678223e-01 3.782916069030761719e-02
6.875145435333251953e-01 3.862666338682174683e-02
6.785423755645751953e-01 3.941937536001205444e-02
6.697028279304504395e-01 4.019440338015556335e-02
6.609565615653991699e-01 4.095516726374626160e-02
6.523513793945312500e-01 4.169716686010360718e-02
6.436660289764404297e-01 4.243943095207214355e-02
6.347884535789489746e-01 4.319052770733833313e-02
6.256691217422485352e-01 4.395410045981407166e-02
6.162434816360473633e-01 4.473447054624557495e-02
6.065402030944824219e-01 4.552950710058212280e-02
5.967054963111877441e-01 4.632579535245895386e-02
5.867256522178649902e-01 4.712259396910667419e-02
5.767028927803039551e-01 4.791107773780822754e-02
5.667480826377868652e-01 4.868182167410850525e-02
5.568388104438781738e-01 4.943648725748062134e-02
5.469485521316528320e-01 5.017648264765739441e-02
5.371428132057189941e-01 5.089679732918739319e-02
5.274221897125244141e-01 5.159732326865196228e-02
5.179007649421691895e-01 5.226932838559150696e-02
5.084453225135803223e-01 5.292063951492309570e-02
4.989856779575347900e-01 5.355713143944740295e-02
4.896086752414703369e-01 5.417217314243316650e-02
4.804372191429138184e-01 5.475927144289016724e-02
4.714339673519134521e-01 5.532030388712882996e-02
4.626176357269287109e-01 5.585493892431259155e-02
4.540061354637145996e-01 5.636098980903625488e-02
4.455874860286712646e-01 5.683971196413040161e-02
4.372444748878479004e-01 5.729622021317481995e-02
4.287669658660888672e-01 5.774311348795890808e-02
4.202036857604980469e-01 5.817730352282524109e-02
4.116204679012298584e-01 5.859567597508430481e-02
4.031702578067779541e-01 5.899026989936828613e-02
3.947737216949462891e-01 5.936452373862266541e-02
3.864324390888214111e-01 5.971530824899673462e-02
3.781080543994903564e-01 6.004359945654869080e-02
3.697794973850250244e-01 6.034876406192779541e-02
3.613525629043579102e-01 6.063573434948921204e-02
3.528468012809753418e-01 6.090372800827026367e-02
3.444055020809173584e-01 6.114801764488220215e-02
3.361823856830596924e-01 6.136426702141761780e-02
3.282188475131988525e-01 6.154912337660789490e-02
3.204606473445892334e-01 6.170516833662986755e-02
3.127835988998413086e-01 6.183381378650665283e-02
3.051763474941253662e-01 6.193643063306808472e-02
2.975767850875854492e-01 6.201506406068801880e-02
2.899253666400909424e-01 6.206900626420974731e-02
2.821676731109619141e-01 6.209537386894226074e-02
2.743963003158569336e-01 6.209247931838035583e-02
2.666974961757659912e-01 6.206043064594268799e-02
2.590091526508331299e-01 6.199836358428001404e-02
2.513093054294586182e-01 6.190307438373565674e-02
2.434574812650680542e-01 6.176782399415969849e-02
2.354578226804733276e-01 6.158529967069625854e-02
2.272884845733642578e-01 6.135194748640060425e-02
2.188494801521301270e-01 6.105798855423927307e-02
2.102502137422561646e-01 6.070915982127189636e-02
2.017954289913177490e-01 6.031910702586174011e-02
1.937253028154373169e-01 5.990049988031387329e-02
1.860584020614624023e-01 5.945104360580444336e-02
1.787548959255218506e-01 5.896627157926559448e-02
1.715556681156158447e-01 5.842021107673645020e-02
1.643797606229782104e-01 5.781611427664756775e-02
1.569737792015075684e-01 5.712268874049186707e-02
1.490595191717147827e-01 5.630357563495635986e-02
1.407686173915863037e-01 5.535875260829925537e-02
1.323151439428329468e-01 5.430122464895248413e-02
1.238055303692817688e-01 5.312310904264450073e-02
1.152820885181427002e-01 5.182381346821784973e-02
1.067684441804885864e-01 5.038370937108993530e-02
9.814924001693725586e-02 4.875093698501586914e-02
8.960127830505371094e-02 4.693563655018806458e-02
8.093704283237457275e-02 4.487826302647590637e-02
7.215211540460586548e-02 4.255830124020576477e-02
6.355603784322738647e-02 4.005804285407066345e-02
5.542229115962982178e-02 3.746486827731132507e-02
4.789882153272628784e-02 3.484328091144561768e-02
4.114512354135513306e-02 3.227539360523223877e-02
3.507978469133377075e-02 2.972547151148319244e-02
2.951013296842575073e-02 2.709640562534332275e-02
2.436096593737602234e-02 2.431392297148704529e-02
1.938303560018539429e-02 2.127801999449729919e-02
1.457927003502845764e-02 1.796674542129039764e-02
1.019494142383337021e-02 1.451800949871540070e-02
6.439484190195798874e-03 1.107708923518657684e-02
3.505917266011238098e-03 7.838198915123939514e-03
1.524428487755358219e-03 5.010345950722694397e-03
3.905189514625817537e-04 2.669093664735555649e-03
-6.864713213872164488e-05 8.168295607902109623e-04
-5.305802915245294571e-05 -5.927987513132393360e-04
2.356803161092102528e-04 -1.661726622842252254e-03
6.675582262687385082e-04 -2.517817541956901550e-03
1.168609014712274075e-03 -3.231927519664168358e-03
1.757114659994840622e-03 -3.907746169716119766e-03
2.412204397842288017e-03 -4.578063264489173889e-03
3.233634633943438530e-03 -5.253903102129697800e-03
4.214234650135040283e-03 -5.956072825938463211e-03
5.506169982254505157e-03 -6.692491937428712845e-03
7.228781934827566147e-03 -7.455937098711729050e-03
9.564849548041820526e-03 -8.240936324000358582e-03
1.266186870634555817e-02 -9.029226377606391907e-03
1.662498340010643005e-02 -9.775605052709579468e-03
2.162228524684906006e-02 -1.046238373965024948e-02
2.750877290964126587e-02 -1.103533990681171417e-02
3.430274873971939087e-02 -1.147085055708885193e-02
4.167226329445838928e-02 -1.175076793879270554e-02
4.954153671860694885e-02 -1.188250817358493805e-02
5.766583234071731567e-02 -1.188241411000490189e-02
6.597118079662322998e-02 -1.177524216473102570e-02
7.438163459300994873e-02 -1.158048026263713837e-02
8.284104615449905396e-02 -1.131903566420078278e-02
9.141925722360610962e-02 -1.101204659789800644e-02
1.000051647424697876e-01 -1.066455524414777756e-02
1.087003201246261597e-01 -1.028778962790966034e-02
1.173409521579742432e-01 -9.886158630251884460e-03
1.259664893150329590e-01 -9.468442760407924652e-03
1.344909369945526123e-01 -9.038561955094337463e-03
1.428836286067962646e-01 -8.602526038885116577e-03
1.511107981204986572e-01 -8.164359256625175476e-03
1.590579897165298462e-01 -7.733022328466176987e-03
1.668812483549118042e-01 -7.301348261535167694e-03
1.745946705341339111e-01 -6.869561504572629929e-03
1.824188381433486938e-01 -6.426366511732339859e-03
1.903993785381317139e-01 -5.969384219497442245e-03
1.986679136753082275e-01 -5.491666961461305618e-03
2.072945833206176758e-01 -4.989523440599441528e-03
2.161666005849838257e-01 -4.469996318221092224e-03
2.252742797136306763e-01 -3.933659754693508148e-03
2.343573570251464844e-01 -3.396045183762907982e-03
2.434453964233398438e-01 -2.855959115549921989e-03
2.524150907993316650e-01 -2.320947824046015739e-03
2.613361477851867676e-01 -1.787416520528495312e-03
2.701441347599029541e-01 -1.259607495740056038e-03
2.788644731044769287e-01 -7.364352932199835777e-04
2.876094877719879150e-01 -2.114101080223917961e-04
2.963667511940002441e-01 3.144634538330137730e-04
3.051532208919525146e-01 8.419253281317651272e-04
3.137790560722351074e-01 1.359353773295879364e-03
3.222478628158569336e-01 1.866764039732515812e-03
3.305532932281494141e-01 2.363537205383181572e-03
3.387790322303771973e-01 2.854462247341871262e-03
3.469569683074951172e-01 3.341109957545995712e-03
3.550770580768585205e-01 3.822789294645190239e-03
3.632809221744537354e-01 4.307713825255632401e-03
3.716101646423339844e-01 4.798063077032566071e-03
3.799907267093658447e-01 5.289131309837102890e-03
3.883064091205596924e-01 5.773943383246660233e-03
3.964487910270690918e-01 6.246163975447416306e-03
4.044643938541412354e-01 6.708301138132810593e-03
4.124668836593627930e-01 7.166354916989803314e-03
4.205438792705535889e-01 7.625006604939699173e-03
4.286627173423767090e-01 8.082081563770771027e-03
4.370327889919281006e-01 8.548603393137454987e-03
4.457591772079467773e-01 9.029659442603588104e-03
4.548100233078002930e-01 9.522679261863231659e-03
4.640090763568878174e-01 1.001753844320774078e-02
4.731876552104949951e-01 1.050419360399246216e-02
4.822736680507659912e-01 1.097847241908311844e-02
4.912272393703460693e-01 1.143781840801239014e-02
4.998727738857269287e-01 1.187337376177310944e-02
5.080963969230651855e-01 1.227948255836963654e-02
5.160514712333679199e-01 1.266421377658843994e-02
5.237918496131896973e-01 1.303057651966810226e-02
5.313500761985778809e-01 1.338038500398397446e-02
5.387738943099975586e-01 1.371506601572036743e-02
5.461828112602233887e-01 1.404017768800258636e-02
5.536748766899108887e-01 1.435979641973972321e-02
5.613703727722167969e-01 1.467792689800262451e-02
5.692274570465087891e-01 1.499106548726558685e-02
5.773071050643920898e-01 1.529963128268718719e-02
5.856801271438598633e-01 1.560480054467916489e-02
5.942715406417846680e-01 1.590187847614288330e-02
6.029545068740844727e-01 1.618585921823978424e-02
6.117195487022399902e-01 1.645432040095329285e-02
6.204590201377868652e-01 1.670284569263458252e-02
6.291415691375732422e-01 1.692876219749450684e-02
6.377958059310913086e-01 1.713155396282672882e-02
6.463918089866638184e-01 1.730978302657604218e-02
6.550500988960266113e-01 1.746432483196258545e-02
6.637947559356689453e-01 1.759473793208599091e-02
6.724588274955749512e-01 1.770086213946342468e-02
6.809201836585998535e-01 1.778154820203781128e-02
6.892576217651367188e-01 1.783661358058452606e-02
6.974570155143737793e-01 1.786383800208568573e-02
7.056472301483154297e-01 1.786196790635585785e-02
7.139171957969665527e-01 1.783061213791370392e-02
7.223676443099975586e-01 1.776776835322380066e-02
7.311559915542602539e-01 1.767231523990631104e-02
7.402206063270568848e-01 1.754284277558326721e-02
7.492246627807617188e-01 1.738402247428894043e-02
7.580753564834594727e-01 1.719643920660018921e-02
7.667796015739440918e-01 1.698052883148193359e-02
7.753346562385559082e-01 1.673491485416889191e-02
7.838063240051269531e-01 1.645883917808532715e-02
7.922372817993164062e-01 1.615163870155811310e-02
8.007425069808959961e-01 1.581137441098690033e-02
8.094438910484313965e-01 1.543397177010774612e-02
8.183247447013854980e-01 1.501821540296077728e-02
8.270951509475708008e-01 1.457819156348705292e-02
8.357216119766235352e-01 1.411878038197755814e-02
8.442534208297729492e-01 1.363604050129652023e-02
8.527050018310546875e-01 1.313010975718498230e-02
8.611543774604797363e-01 1.259500533342361450e-02
8.696643710136413574e-01 1.202684734016656876e-02
8.783446550369262695e-01 1.141858845949172974e-02
8.873548507690429688e-01 1.075754687190055847e-02
8.966764211654663086e-01 1.004263665527105331e-02
9.059051275253295898e-01 9.306045249104499817e-03
9.149418473243713379e-01 8.555578999221324921e-03
9.238112568855285645e-01 7.786851841956377029e-03
9.327596426010131836e-01 6.972084287554025650e-03
9.409514665603637695e-01 6.202590186148881912e-03
9.485875368118286133e-01 5.460632964968681335e-03
9.559445977210998535e-01 4.718043375760316849e-03
9.633240699768066406e-01 3.941150382161140442e-03
9.669378399848937988e-01 3.546302206814289093e-03
9.743529558181762695e-01 2.696017734706401825e-03
9.822184443473815918e-01 1.734498189762234688e-03
9.907747507095336914e-01 6.252028397284448147e-04
1.000262141227722168e+00 -6.684087566100060940e-04
