9.995288252830505371e-01 1.528836728539317846e-04
9.923194646835327148e-01 1.748563139699399471e-03
9.838268160820007324e-01 3.321261378005146980e-03
9.743778705596923828e-01 4.852912854403257370e-03
9.642995595932006836e-01 6.325453054159879684e-03
9.490033388137817383e-01 8.350926451385021210e-03
9.388556480407714844e-01 9.591639041900634766e-03
9.290269017219543457e-01 1.073535718023777008e-02
9.198195338249206543e-01 1.176062878221273422e-02
9.115714430809020996e-01 1.264043711125850677e-02
9.030920863151550293e-01 1.353522669523954391e-02
8.947911858558654785e-01 1.438766159117221832e-02
8.865236639976501465e-01 1.522016990929841995e-02
8.782995343208312988e-01 1.603488065302371979e-02
8.700040578842163086e-01 1.684509217739105225e-02
8.615681529045104980e-01 1.765899173915386200e-02
8.531050086021423340e-01 1.846476644277572632e-02
8.446562886238098145e-01 1.925811916589736938e-02
8.362828493118286133e-01 2.003310993313789368e-02
8.277814984321594238e-01 2.080922015011310577e-02
8.192149996757507324e-01 2.158053219318389893e-02
8.105409145355224609e-01 2.235048823058605194e-02
8.018520474433898926e-01 2.311052381992340088e-02
7.931079864501953125e-01 2.386461012065410614e-02
7.844457626342773438e-01 2.460151165723800659e-02
7.759546637535095215e-01 2.531330101191997528e-02
7.678434848785400391e-01 2.598432451486587524e-02
7.600524425506591797e-01 2.661923319101333618e-02
7.524366974830627441e-01 2.723049186170101166e-02
7.449656724929809570e-01 2.782040461897850037e-02
7.374616265296936035e-01 2.840343490242958069e-02
7.298467159271240234e-01 2.898550406098365784e-02
7.220511436462402344e-01 2.957237698137760162e-02
7.141137123107910156e-01 3.016021288931369781e-02
7.060885429382324219e-01 3.074492327868938446e-02
6.982052326202392578e-01 3.130882233381271362e-02
6.903598904609680176e-01 3.185961395502090454e-02
6.825930476188659668e-01 3.239462897181510925e-02
6.749033331871032715e-01 3.291363269090652466e-02
6.672250628471374512e-01 3.342146053910255432e-02
6.594817042350769043e-01 3.392263501882553101e-02
6.516000032424926758e-01 3.442130610346794128e-02
6.435139179229736328e-01 3.492115065455436707e-02
6.352322697639465332e-01 3.542056307196617126e-02
6.268540024757385254e-01 3.591324388980865479e-02
6.183491945266723633e-01 3.640075027942657471e-02
6.099036931991577148e-01 3.687267377972602844e-02
6.014879345893859863e-01 3.732928633689880371e-02
5.931796431541442871e-01 3.776679560542106628e-02
5.849524736404418945e-01 3.818696737289428711e-02
5.767229795455932617e-01 3.859375044703483582e-02
5.684104561805725098e-01 3.899101540446281433e-02
5.599424242973327637e-01 3.938165307044982910e-02
5.513706207275390625e-01 3.976323455572128296e-02
5.426949858665466309e-01 4.013626649975776672e-02
5.339889526367187500e-01 4.049617797136306763e-02
5.250440239906311035e-01 4.084997996687889099e-02
5.159281492233276367e-01 4.119291529059410095e-02
5.066298842430114746e-01 4.152476787567138672e-02
4.972187876701354980e-01 4.184427484869956970e-02
4.877267479896545410e-01 4.214991629123687744e-02
4.782363772392272949e-01 4.243905469775199890e-02
4.688701629638671875e-01 4.270639643073081970e-02
4.598429203033447266e-01 4.294778034090995789e-02
4.511483609676361084e-01 4.316393285989761353e-02
4.426250457763671875e-01 4.336067289113998413e-02
4.343326985836029053e-01 4.353770613670349121e-02
4.262570440769195557e-01 4.369675368070602417e-02
4.184690117835998535e-01 4.383783042430877686e-02
4.107980132102966309e-01 4.396468773484230042e-02
4.030908644199371338e-01 4.407916963100433350e-02
3.951362073421478271e-01 4.418271034955978394e-02
3.868978023529052734e-01 4.427250847220420837e-02
3.782124519348144531e-01 4.435009136795997620e-02
3.690427243709564209e-01 4.441450163722038269e-02
3.597037494182586670e-01 4.446423798799514771e-02
3.503241539001464844e-01 4.449614882469177246e-02
3.410905301570892334e-01 4.450688138604164124e-02
3.320082426071166992e-01 4.449546337127685547e-02
3.230549693107604980e-01 4.446118697524070740e-02
3.141531646251678467e-01 4.440455138683319092e-02
3.053278326988220215e-01 4.432765766978263855e-02
2.966016232967376709e-01 4.423236846923828125e-02
2.880704700946807861e-01 4.412070661783218384e-02
2.799851596355438232e-01 4.399485513567924500e-02
2.723764479160308838e-01 4.386087507009506226e-02
2.651465535163879395e-01 4.371675476431846619e-02
2.579962909221649170e-01 4.355386272072792053e-02
2.505993545055389404e-01 4.336098581552505493e-02
2.427434772253036499e-01 4.313033074140548706e-02
2.344164848327636719e-01 4.286003857851028442e-02
2.255419939756393433e-01 4.254205152392387390e-02
2.163620144128799438e-01 4.218425229191780090e-02
2.071919888257980347e-01 4.179443791508674622e-02
1.985125094652175903e-01 4.139391705393791199e-02
1.902836561203002930e-01 4.097502306103706360e-02
1.825682669878005981e-01 4.055107757449150085e-02
1.751804500818252563e-01 4.011090472340583801e-02
1.680101454257965088e-01 3.964983671903610229e-02
1.607610881328582764e-01 3.913838416337966919e-02
1.531957536935806274e-01 3.856632858514785767e-02
1.452200710773468018e-01 3.790828958153724670e-02
1.369055360555648804e-01 3.717202320694923401e-02
1.283560842275619507e-01 3.634591400623321533e-02
1.195378005504608154e-01 3.542632609605789185e-02
1.108399182558059692e-01 3.443384915590286255e-02
1.024228706955909729e-01 3.340181708335876465e-02
9.444624930620193481e-02 3.234653547406196594e-02
8.669824153184890747e-02 3.122931905090808868e-02
7.916662096977233887e-02 3.002390637993812561e-02
7.159162312746047974e-02 2.867857366800308228e-02
6.409607082605361938e-02 2.721217833459377289e-02
5.648855865001678467e-02 2.558149024844169617e-02
4.897075891494750977e-02 2.384605817496776581e-02
4.175754263997077942e-02 2.203383296728134155e-02
3.524913266301155090e-02 2.025985345244407654e-02
2.950796857476234436e-02 1.853246614336967468e-02
2.438098751008510590e-02 1.683103851974010468e-02
1.973637752234935760e-02 1.507347263395786285e-02
1.544621307402849197e-02 1.321900170296430588e-02
1.156397536396980286e-02 1.123707834631204605e-02
8.007164113223552704e-03 9.115120396018028259e-03
5.010117311030626297e-03 6.981198210269212723e-03
2.613890916109085083e-03 4.933712538331747055e-03
1.044417149387300014e-03 3.128329291939735413e-03
2.047815360128879547e-04 1.628537080250680447e-03
-6.426709296647459269e-05 4.948776913806796074e-04
5.985558527754619718e-05 -3.563969803508371115e-04
4.314129182603210211e-04 -9.788500610738992691e-04
9.781848639249801636e-04 -1.504832529462873936e-03
1.544155762530863285e-03 -1.993219833821058273e-03
2.156937960535287857e-03 -2.472392516210675240e-03
2.863548928871750832e-03 -2.972861053422093391e-03
3.833740483969449997e-03 -3.518563928082585335e-03
5.294108297675848007e-03 -4.118692129850387573e-03
7.439606357365846634e-03 -4.754322580993175507e-03
1.021769270300865173e-02 -5.439273081719875336e-03
1.363725401461124420e-02 -6.139041390269994736e-03
1.761003769934177399e-02 -6.845172960311174393e-03
2.177326194941997528e-02 -7.482219953089952469e-03
2.625108323991298676e-02 -8.037803694605827332e-03
3.108634985983371735e-02 -8.508530445396900177e-03
3.653509169816970825e-02 -8.922443725168704987e-03
4.298030212521553040e-02 -9.311805479228496552e-03
5.073462799191474915e-02 -9.697216562926769257e-03
5.956312641501426697e-02 -1.007827743887901306e-02
6.958062946796417236e-02 -1.045690570026636124e-02
8.033283054828643799e-02 -1.082045026123523712e-02
9.149691462516784668e-02 -1.114153955131769180e-02
1.028134822845458984e-01 -1.142733916640281677e-02
1.137548312544822693e-01 -1.167280878871679306e-02
1.241844892501831055e-01 -1.188439130783081055e-02
1.341226398944854736e-01 -1.207213848829269409e-02
1.434334516525268555e-01 -1.223867293447256088e-02
1.520431190729141235e-01 -1.238132920116186142e-02
1.601638346910476685e-01 -1.251055765897035599e-02
1.678767800331115723e-01 -1.262640301138162613e-02
1.756461858749389648e-01 -1.273761503398418427e-02
1.836520880460739136e-01 -1.284612901508808136e-02
1.921645402908325195e-01 -1.295309793204069138e-02
2.013790756464004517e-01 -1.306124869734048843e-02
2.112737745046615601e-01 -1.317001972347497940e-02
2.213895022869110107e-01 -1.327374950051307678e-02
2.316230088472366333e-01 -1.337013393640518188e-02
2.413858473300933838e-01 -1.345426030457019806e-02
2.504469454288482666e-01 -1.352492254227399826e-02
2.588501870632171631e-01 -1.358302123844623566e-02
2.667261660099029541e-01 -1.362978667020797729e-02
2.744337320327758789e-01 -1.366855110973119736e-02
2.821384668350219727e-01 -1.370077673345804214e-02
2.900494635105133057e-01 -1.372726447880268097e-02
2.983001768589019775e-01 -1.374707929790019989e-02
3.070524632930755615e-01 -1.376110035926103592e-02
3.158658146858215332e-01 -1.376706920564174652e-02
3.244240283966064453e-01 -1.376617141067981720e-02
3.326489329338073730e-01 -1.375855691730976105e-02
3.404458463191986084e-01 -1.374484878033399582e-02
3.480261862277984619e-01 -1.372316014021635056e-02
3.554771542549133301e-01 -1.369299460202455521e-02
3.630524873733520508e-01 -1.365404482930898666e-02
3.710691034793853760e-01 -1.360488124191761017e-02
3.796714842319488525e-01 -1.354342233389616013e-02
3.886033594608306885e-01 -1.347069721668958664e-02
3.974815309047698975e-01 -1.338942348957061768e-02
4.061841368675231934e-01 -1.330086123198270798e-02
4.146669209003448486e-01 -1.320363581180572510e-02
4.230802357196807861e-01 -1.309656538069248199e-02
4.313117563724517822e-01 -1.298115588724613190e-02
4.394586980342864990e-01 -1.285655237734317780e-02
4.477682709693908691e-01 -1.271917019039392471e-02
4.564254879951477051e-01 -1.256525889039039612e-02
4.652174413204193115e-01 -1.239789836108684540e-02
4.739610254764556885e-01 -1.221988722681999207e-02
4.826250374317169189e-01 -1.203213911503553391e-02
4.913197755813598633e-01 -1.183196529746055603e-02
4.998950362205505371e-01 -1.162354461848735809e-02
5.082304477691650391e-01 -1.140885055065155029e-02
5.163620114326477051e-01 -1.118777412921190262e-02
5.244283080101013184e-01 -1.095774304121732712e-02
5.325165390968322754e-01 -1.071680523455142975e-02
5.404797792434692383e-01 -1.046883687376976013e-02
5.482623577117919922e-01 -1.021646801382303238e-02
5.558386445045471191e-01 -9.961877949535846710e-03
5.632649064064025879e-01 -9.704312309622764587e-03
5.704302787780761719e-01 -9.447143413126468658e-03
5.774379968643188477e-01 -9.187130257487297058e-03
5.843752622604370117e-01 -8.921467699110507965e-03
5.914050936698913574e-01 -8.644266054034233093e-03
5.986333489418029785e-01 -8.351690135896205902e-03
6.061010956764221191e-01 -8.041462861001491547e-03
6.138209700584411621e-01 -7.712661288678646088e-03
6.217562556266784668e-01 -7.366580422967672348e-03
6.299087405204772949e-01 -7.002937141805887222e-03
6.382914185523986816e-01 -6.620449479669332504e-03
6.469292044639587402e-01 -6.218205206096172333e-03
6.557248234748840332e-01 -5.801308900117874146e-03
6.645655632019042969e-01 -5.376229993999004364e-03
6.734039187431335449e-01 -4.946162458509206772e-03
6.822264194488525391e-01 -4.512965213507413864e-03
6.908799409866333008e-01 -4.085094667971134186e-03
6.993649005889892578e-01 -3.664029063656926155e-03
7.078011035919189453e-01 -3.245738567784428596e-03
7.164301872253417969e-01 -2.820654073730111122e-03
7.253094911575317383e-01 -2.387619344517588615e-03
7.343546152114868164e-01 -1.952389837242662907e-03
7.434926033020019531e-01 -1.520806341432034969e-03
7.526702880859375000e-01 -1.096044783480465412e-03
7.617601156234741211e-01 -6.858923588879406452e-04
7.704152464866638184e-01 -3.056431305594742298e-04
7.787611484527587891e-01 4.829068348044529557e-05
7.870647311210632324e-01 3.836214891634881496e-04
7.956864833831787109e-01 7.110944716259837151e-04
8.046905994415283203e-01 1.031414722092449665e-03
8.141883015632629395e-01 1.344662508927285671e-03
8.241981267929077148e-01 1.649292767979204655e-03
8.345276713371276855e-01 1.936232321895658970e-03
8.448843359947204590e-01 2.194564091041684151e-03
8.547857403755187988e-01 2.410316374152898788e-03
8.642712831497192383e-01 2.583506284281611443e-03
8.733978867530822754e-01 2.716104034334421158e-03
8.822928071022033691e-01 2.809670986607670784e-03
8.909042477607727051e-01 2.864377340301871300e-03
8.994331955909729004e-01 2.882668981328606606e-03
9.078080654144287109e-01 2.869976684451103210e-03
9.159870743751525879e-01 2.826823154464364052e-03
9.239220619201660156e-01 2.751689404249191284e-03
9.319404363632202148e-01 2.630761358886957169e-03
9.393596053123474121e-01 2.494564978405833244e-03
9.464645385742187500e-01 2.338700694963335991e-03
9.535573124885559082e-01 2.152685541659593582e-03
9.608322381973266602e-01 1.923311268910765648e-03
9.644944071769714355e-01 1.791937276721000671e-03
9.721503257751464844e-01 1.473688404075801373e-03
9.804323315620422363e-01 1.065270509570837021e-03
9.895612597465515137e-01 5.472826887853443623e-04
9.997579455375671387e-01 -9.967626101570203900e-05
