9.997078180313110352e-01 3.323080018162727356e-04
9.916882514953613281e-01 1.952227554284036160e-03
9.834735393524169922e-01 3.390763653442263603e-03
9.751482009887695312e-01 4.664771724492311478e-03
9.667965769767761230e-01 5.791106726974248886e-03
9.546700716018676758e-01 7.218883838504552841e-03
9.467160105705261230e-01 8.050545118749141693e-03
9.387705326080322266e-01 8.815466426312923431e-03
9.307714104652404785e-01 9.528379887342453003e-03
9.228005409240722656e-01 1.018662750720977783e-02
9.141221046447753906e-01 1.087291538715362549e-02
9.051098227500915527e-01 1.155977137386798859e-02
8.958312869071960449e-01 1.225157547742128372e-02
8.867095112800598145e-01 1.291611324995756149e-02
8.778642416000366211e-01 1.355055533349514008e-02
8.692966699600219727e-01 1.415952388197183609e-02
8.610373735427856445e-01 1.474218163639307022e-02
8.528504371643066406e-01 1.531772688031196594e-02
8.445629477500915527e-01 1.589903794229030609e-02
8.359406590461730957e-01 1.650387793779373169e-02
8.268896937370300293e-01 1.713896915316581726e-02
8.173072338104248047e-01 1.781177893280982971e-02
8.074802160263061523e-01 1.850217953324317932e-02
7.975506186485290527e-01 1.920031942427158356e-02
7.878261804580688477e-01 1.988460309803485870e-02
7.785077095031738281e-01 2.054078318178653717e-02
7.696526050567626953e-01 2.116472832858562469e-02
7.611637711524963379e-01 2.176302112638950348e-02
7.528514266014099121e-01 2.234876900911331177e-02
7.445275187492370605e-01 2.293485961854457855e-02
7.359475493431091309e-01 2.353814803063869476e-02
7.270980477333068848e-01 2.415914833545684814e-02
7.179474234580993652e-01 2.479960024356842041e-02
7.086539864540100098e-01 2.544787712395191193e-02
6.992864608764648438e-01 2.609859406948089600e-02
6.900037527084350586e-01 2.674010396003723145e-02
6.808041334152221680e-01 2.737197466194629669e-02
6.717296242713928223e-01 2.799079567193984985e-02
6.628188490867614746e-01 2.859356254339218140e-02
6.540870666503906250e-01 2.917919866740703583e-02
6.455338597297668457e-01 2.974733151495456696e-02
6.372012495994567871e-01 3.029526025056838989e-02
6.291344761848449707e-01 3.082014247775077820e-02
6.212852001190185547e-01 3.132507950067520142e-02
6.136105060577392578e-01 3.181241452693939209e-02
6.059596538543701172e-01 3.229143470525741577e-02
5.982735157012939453e-01 3.276572749018669128e-02
5.904769897460937500e-01 3.323935344815254211e-02
5.825354456901550293e-01 3.371376544237136841e-02
5.744031071662902832e-01 3.419120609760284424e-02
5.661737918853759766e-01 3.466523066163063049e-02
5.579721927642822266e-01 3.512851521372795105e-02
5.497922897338867188e-01 3.558058291673660278e-02
5.416070818901062012e-01 3.602211177349090576e-02
5.334144830703735352e-01 3.645322471857070923e-02
5.252363681793212891e-01 3.687237203121185303e-02
5.169241428375244141e-01 3.728565573692321777e-02
5.083643198013305664e-01 3.769706562161445618e-02
4.995510578155517578e-01 3.810634091496467590e-02
4.906029701232910156e-01 3.850751742720603943e-02
4.817020893096923828e-01 3.889236226677894592e-02
4.728953242301940918e-01 3.925916925072669983e-02
4.642427563667297363e-01 3.960477560758590698e-02
4.558551311492919922e-01 3.992441669106483459e-02
4.477119147777557373e-01 4.021874815225601196e-02
4.395531117916107178e-01 4.049707204103469849e-02
4.312765598297119141e-01 4.076375812292098999e-02
4.228705763816833496e-01 4.101863875985145569e-02
4.144971668720245361e-01 4.125830158591270447e-02
4.062439799308776855e-01 4.147965461015701294e-02
3.981367051601409912e-01 4.168231412768363953e-02
3.901013135910034180e-01 4.186600446701049805e-02
3.821146488189697266e-01 4.202952235937118530e-02
3.741197288036346436e-01 4.217528551816940308e-02
3.659253418445587158e-01 4.230750352144241333e-02
3.575239479541778564e-01 4.242521151900291443e-02
3.488676846027374268e-01 4.252654314041137695e-02
3.401398658752441406e-01 4.260670393705368042e-02
3.314233720302581787e-01 4.266548901796340942e-02
3.227809965610504150e-01 4.270179942250251770e-02
3.141091465950012207e-01 4.271497204899787903e-02
3.054525852203369141e-01 4.270394518971443176e-02
2.968462109565734863e-01 4.266663268208503723e-02
2.882446646690368652e-01 4.260344430804252625e-02
2.796511352062225342e-01 4.251397773623466492e-02
2.710857689380645752e-01 4.240144789218902588e-02
2.626433670520782471e-01 4.226549342274665833e-02
2.543837130069732666e-01 4.210628569126129150e-02
2.461732774972915649e-01 4.191749542951583862e-02
2.378132492303848267e-01 4.169172793626785278e-02
2.292375862598419189e-01 4.142321646213531494e-02
2.203618586063385010e-01 4.110662639141082764e-02
2.112947851419448853e-01 4.074626788496971130e-02
2.022620290517807007e-01 4.035352915525436401e-02
1.935601234436035156e-01 3.994201496243476868e-02
1.852665841579437256e-01 3.951156139373779297e-02
1.773869395256042480e-01 3.905951976776123047e-02
1.696415692567825317e-01 3.856576606631278992e-02
1.618037223815917969e-01 3.801533579826354980e-02
1.536672562360763550e-01 3.739111870527267456e-02
1.450990885496139526e-01 3.667941689491271973e-02
1.362299472093582153e-01 3.588334470987319946e-02
1.272942274808883667e-01 3.501380234956741333e-02
1.185332313179969788e-01 3.408719599246978760e-02
1.100404039025306702e-01 3.311148285865783691e-02
1.019169464707374573e-01 3.209682181477546692e-02
9.406159818172454834e-02 3.102833963930606842e-02
8.645544201135635376e-02 2.990022674202919006e-02
7.898826152086257935e-02 2.869418635964393616e-02
7.159354537725448608e-02 2.739968523383140564e-02
6.423958390951156616e-02 2.599495463073253632e-02
5.693370476365089417e-02 2.446386031806468964e-02
4.983010888099670410e-02 2.284574322402477264e-02
4.305766895413398743e-02 2.117135003209114075e-02
3.674466162919998169e-02 1.947346143424510956e-02
3.089903295040130615e-02 1.774737052619457245e-02
2.557226084172725677e-02 1.599699817597866058e-02
2.075135521590709686e-02 1.421420834958553314e-02
1.642451994121074677e-02 1.239223219454288483e-02
1.250422839075326920e-02 1.050398871302604675e-02
9.004084393382072449e-03 8.581775240600109100e-03
6.090558134019374847e-03 6.739799864590167999e-03
3.811482805758714676e-03 5.068040452897548676e-03
2.172609325498342514e-03 3.647167934104800224e-03
1.068398007191717625e-03 2.501245122402906418e-03
4.062731459271162748e-04 1.610966399312019348e-03
8.917049854062497616e-05 8.899427484720945358e-04
1.382366826874203980e-05 2.280054177390411496e-04
3.821022858119249577e-07 -4.654826188925653696e-04
7.932594598969444633e-05 -1.255249604582786560e-03
4.033920704387128353e-04 -2.168696140870451927e-03
1.073308871127665043e-03 -3.197427606210112572e-03
2.140925964340567589e-03 -4.296611528843641281e-03
3.686488838866353035e-03 -5.419163964688777924e-03
5.933333653956651688e-03 -6.560720968991518021e-03
9.190853685140609741e-03 -7.732538040727376938e-03
1.344564463943243027e-02 -8.899842388927936554e-03
1.861664839088916779e-02 -1.000552810728549957e-02
2.468988485634326935e-02 -1.104839798063039780e-02
3.158889710903167725e-02 -1.202154252678155899e-02
3.891010582447052002e-02 -1.288559753447771072e-02
4.611198604106903076e-02 -1.360560115426778793e-02
5.293678119778633118e-02 -1.418130751699209213e-02
5.946568399667739868e-02 -1.465794164687395096e-02
6.595418602228164673e-02 -1.507615949958562851e-02
7.239934802055358887e-02 -1.544003840535879135e-02
7.915327697992324829e-02 -1.577083766460418701e-02
8.652576059103012085e-02 -1.610139571130275726e-02
9.470195323228836060e-02 -1.644204370677471161e-02
1.033971607685089111e-01 -1.677430234849452972e-02
1.122965738177299500e-01 -1.708058640360832214e-02
1.212765723466873169e-01 -1.735746674239635468e-02
1.302542090415954590e-01 -1.760545186698436737e-02
1.390342116355895996e-01 -1.782366633415222168e-02
1.475247591733932495e-01 -1.800806634128093719e-02
1.557511240243911743e-01 -1.816754788160324097e-02
1.637832373380661011e-01 -1.830632798373699188e-02
1.716868430376052856e-01 -1.842867210507392883e-02
1.794373691082000732e-01 -1.853316091001033783e-02
1.870996057987213135e-01 -1.862244121730327606e-02
1.948331594467163086e-01 -1.869982294738292694e-02
2.027427703142166138e-01 -1.876593939960002899e-02
2.107835710048675537e-01 -1.882001571357250214e-02
2.192566841840744019e-01 -1.886156201362609863e-02
2.280835360288619995e-01 -1.888873614370822906e-02
2.372604161500930786e-01 -1.890152506530284882e-02
2.467169612646102905e-01 -1.889866590499877930e-02
2.562278807163238525e-01 -1.888095773756504059e-02
2.655203342437744141e-01 -1.884967833757400513e-02
2.744463682174682617e-01 -1.880648732185363770e-02
2.830313742160797119e-01 -1.875058002769947052e-02
2.912695109844207764e-01 -1.868258602917194366e-02
2.995701432228088379e-01 -1.860045641660690308e-02
3.079708516597747803e-01 -1.850336045026779175e-02
3.164801299571990967e-01 -1.839365251362323761e-02
3.251843452453613281e-01 -1.827036403119564056e-02
3.339307904243469238e-01 -1.813489384949207306e-02
3.426958322525024414e-01 -1.798538677394390106e-02
3.513977825641632080e-01 -1.782337203621864319e-02
3.601106107234954834e-01 -1.764780469238758087e-02
3.688476085662841797e-01 -1.745785400271415710e-02
3.778123557567596436e-01 -1.724989712238311768e-02
3.869804143905639648e-01 -1.702296733856201172e-02
3.961474299430847168e-01 -1.678238809108734131e-02
4.053654074668884277e-01 -1.652684062719345093e-02
4.145179390907287598e-01 -1.625929400324821472e-02
4.236168861389160156e-01 -1.598034240305423737e-02
4.325301349163055420e-01 -1.569384522736072540e-02
4.413483142852783203e-01 -1.539680454879999161e-02
4.501033127307891846e-01 -1.508884597569704056e-02
4.589334428310394287e-01 -1.476564351469278336e-02
4.678661823272705078e-01 -1.442642509937286377e-02
4.768256545066833496e-01 -1.407334208488464355e-02
4.859150350093841553e-01 -1.370303239673376083e-02
4.950609505176544189e-01 -1.331822108477354050e-02
5.041878223419189453e-01 -1.292254868894815445e-02
5.132160782814025879e-01 -1.251940429210662842e-02
5.221972465515136719e-01 -1.210716739296913147e-02
5.309506058692932129e-01 -1.169565133750438690e-02
5.394829511642456055e-01 -1.128570083528757095e-02
5.477126240730285645e-01 -1.088235154747962952e-02
5.556250214576721191e-01 -1.048732269555330276e-02
5.632886290550231934e-01 -1.009849738329648972e-02
5.707730650901794434e-01 -9.712914936244487762e-03
5.781339406967163086e-01 -9.328596293926239014e-03
5.855826139450073242e-01 -8.935259655117988586e-03
5.933132171630859375e-01 -8.523174561560153961e-03
6.013188362121582031e-01 -8.092545904219150543e-03
6.096654534339904785e-01 -7.640578784048557281e-03
6.183040142059326172e-01 -7.170480675995349884e-03
6.271209120750427246e-01 -6.689299363642930984e-03
6.360409855842590332e-01 -6.202164571732282639e-03
6.449493169784545898e-01 -5.716225132346153259e-03
6.537189483642578125e-01 -5.239446181803941727e-03
6.624930500984191895e-01 -4.765677265822887421e-03
6.712827086448669434e-01 -4.295725841075181961e-03
6.800773739814758301e-01 -3.831373993307352066e-03
6.888792514801025391e-01 -3.373803803697228432e-03
6.977449655532836914e-01 -2.921610837802290916e-03
7.066051363945007324e-01 -2.479653805494308472e-03
7.154133915901184082e-01 -2.050721086561679840e-03
7.240395545959472656e-01 -1.641793642193078995e-03
7.324610352516174316e-01 -1.254714559763669968e-03
7.408123612403869629e-01 -8.835782646201550961e-04
7.491245269775390625e-01 -5.290547851473093033e-04
7.574135065078735352e-01 -1.902815711218863726e-04
7.658159732818603516e-01 1.368784432997927070e-04
7.745397090911865234e-01 4.583467089105397463e-04
7.836905717849731445e-01 7.737549021840095520e-04
7.932059168815612793e-01 1.078896573744714260e-03
8.029851317405700684e-01 1.367663149721920490e-03
8.129003643989562988e-01 1.635615830309689045e-03
8.228625655174255371e-01 1.878378330729901791e-03
8.326774835586547852e-01 2.090780530124902725e-03
8.420228958129882812e-01 2.267428208142518997e-03
8.508082628250122070e-01 2.410422544926404953e-03
8.591424822807312012e-01 2.522917697206139565e-03
8.671966195106506348e-01 2.607833594083786011e-03
8.750116825103759766e-01 2.666240790858864784e-03
8.827342987060546875e-01 2.700813580304384232e-03
8.904762864112854004e-01 2.712253946810960770e-03
8.984386920928955078e-01 2.699607051908969879e-03
9.065884351730346680e-01 2.659865655004978180e-03
9.147450923919677734e-01 2.590495394542813301e-03
9.228421449661254883e-01 2.490323036909103394e-03
9.309898614883422852e-01 2.354048192501068115e-03
9.393309950828552246e-01 2.179460367187857628e-03
9.469765424728393555e-01 1.998224062845110893e-03
9.539359211921691895e-01 1.814450370147824287e-03
9.603162407875061035e-01 1.626205397769808769e-03
9.663773179054260254e-01 1.424146117642521858e-03
9.692481160163879395e-01 1.317585119977593422e-03
9.752866029739379883e-01 1.061149174347519875e-03
9.821078777313232422e-01 7.256487733684480190e-04
9.901762008666992188e-01 2.855092752724885941e-04
9.999558925628662109e-01 -2.848441654350608587e-04
