9.995618462562561035e-01 8.661842002766206861e-05
9.946318268775939941e-01 1.665294636040925980e-03
9.876476526260375977e-01 3.419223241508007050e-03
9.790151715278625488e-01 5.280001554638147354e-03
9.691401124000549316e-01 7.179225794970989227e-03
9.531975984573364258e-01 9.891179390251636505e-03
9.421342611312866211e-01 1.154762972146272659e-02
9.310083389282226562e-01 1.305067446082830429e-02
9.200314283370971680e-01 1.438260171562433243e-02
9.096016883850097656e-01 1.551342941820621490e-02
8.986601233482360840e-01 1.664357446134090424e-02
8.877264261245727539e-01 1.770855672657489777e-02
8.769574761390686035e-01 1.871766336262226105e-02
8.666329383850097656e-01 1.965289004147052765e-02
8.567843437194824219e-01 2.052071318030357361e-02
8.473807573318481445e-01 2.132783457636833191e-02
8.385128378868103027e-01 2.207184769213199615e-02
8.299430608749389648e-01 2.277755178511142731e-02
8.215782642364501953e-01 2.345192246139049530e-02
8.130332827568054199e-01 2.413032390177249908e-02
8.042005300521850586e-01 2.482065185904502869e-02
7.951442003250122070e-01 2.551794238388538361e-02
7.860017418861389160e-01 2.621187642216682434e-02
7.767883539199829102e-01 2.690189518034458160e-02
7.676525115966796875e-01 2.757732011377811432e-02
7.589396834373474121e-01 2.821280993521213531e-02
7.506586909294128418e-01 2.880904823541641235e-02
7.427768111228942871e-01 2.936889789998531342e-02
7.351186275482177734e-01 2.990603633224964142e-02
7.276404500007629395e-01 3.042436391115188599e-02
7.202940583229064941e-01 3.092764690518379211e-02
7.130453586578369141e-01 3.141883388161659241e-02
7.056887149810791016e-01 3.191175684332847595e-02
6.981943845748901367e-01 3.240782395005226135e-02
6.905438303947448730e-01 3.290698677301406860e-02
6.827062964439392090e-01 3.341137990355491638e-02
6.746434569358825684e-01 3.392310813069343567e-02
6.664767265319824219e-01 3.443483263254165649e-02
6.583295464515686035e-01 3.493807092308998108e-02
6.504213809967041016e-01 3.541994094848632812e-02
6.427501440048217773e-01 3.587964177131652832e-02
6.351898312568664551e-01 3.632489591836929321e-02
6.276817321777343750e-01 3.675889223814010620e-02
6.201336979866027832e-01 3.718747571110725403e-02
6.125361919403076172e-01 3.761122748255729675e-02
6.048609018325805664e-01 3.803206607699394226e-02
5.972654223442077637e-01 3.844126686453819275e-02
5.897961854934692383e-01 3.883644193410873413e-02
5.826197862625122070e-01 3.920833766460418701e-02
5.755656957626342773e-01 3.956624493002891541e-02
5.685172677040100098e-01 3.991571068763732910e-02
5.613538622856140137e-01 4.026246443390846252e-02
5.539680719375610352e-01 4.061111062765121460e-02
5.462673306465148926e-01 4.096527770161628723e-02
5.382167100906372070e-01 4.132562130689620972e-02
5.298714637756347656e-01 4.168786481022834778e-02
5.212832093238830566e-01 4.204847291111946106e-02
5.125766396522521973e-01 4.240081831812858582e-02
5.037877559661865234e-01 4.274317994713783264e-02
4.949676990509033203e-01 4.307263344526290894e-02
4.862346649169921875e-01 4.338514804840087891e-02
4.776232838630676270e-01 4.367939382791519165e-02
4.691005051136016846e-01 4.395593702793121338e-02
4.606405496597290039e-01 4.421535506844520569e-02
4.522612690925598145e-01 4.445810988545417786e-02
4.439100623130798340e-01 4.468522965908050537e-02
4.356530606746673584e-01 4.489611461758613586e-02
4.273713529109954834e-01 4.509179294109344482e-02
4.192206561565399170e-01 4.527142271399497986e-02
4.112785756587982178e-01 4.543259367346763611e-02
4.035127162933349609e-01 4.557672515511512756e-02
3.957180678844451904e-01 4.570576176047325134e-02
3.877984285354614258e-01 4.582009091973304749e-02
3.797908723354339600e-01 4.591944068670272827e-02
3.715744614601135254e-01 4.600489884614944458e-02
3.632256090641021729e-01 4.607522860169410706e-02
3.545503020286560059e-01 4.613032191991806030e-02
3.458610177040100098e-01 4.616472497582435608e-02
3.371613919734954834e-01 4.617721587419509888e-02
3.285303413867950439e-01 4.616761207580566406e-02
3.198848068714141846e-01 4.613709077239036560e-02
3.113377690315246582e-01 4.608640819787979126e-02
3.029837310314178467e-01 4.601456597447395325e-02
2.947472631931304932e-01 4.592089727520942688e-02
2.865990102291107178e-01 4.580304026603698730e-02
2.784202396869659424e-01 4.566314071416854858e-02
2.702704071998596191e-01 4.550046846270561218e-02
2.620228230953216553e-01 4.531205072999000549e-02
2.535293102264404297e-01 4.508673399686813354e-02
2.447181642055511475e-01 4.481945186853408813e-02
2.355992347002029419e-01 4.450396448373794556e-02
2.261654436588287354e-01 4.413605853915214539e-02
2.165217846632003784e-01 4.371890425682067871e-02
2.069483548402786255e-01 4.326770827174186707e-02
1.977869272232055664e-01 4.279857128858566284e-02
1.891889274120330811e-01 4.231826961040496826e-02
1.810933202505111694e-01 4.182100296020507812e-02
1.732340753078460693e-01 4.128900170326232910e-02
1.655464172363281250e-01 4.072004184126853943e-02
1.578406691551208496e-01 4.010358080267906189e-02
1.500845551490783691e-01 3.944449499249458313e-02
1.423405259847640991e-01 3.874608501791954041e-02
1.348646581172943115e-01 3.803142905235290527e-02
1.276920586824417114e-01 3.729480132460594177e-02
1.207447350025177002e-01 3.652558475732803345e-02
1.137870699167251587e-01 3.568903729319572449e-02
1.066867932677268982e-01 3.477475419640541077e-02
9.945916384458541870e-02 3.377995267510414124e-02
9.210564196109771729e-02 3.271776065230369568e-02
8.458018302917480469e-02 3.154088556766510010e-02
7.689297199249267578e-02 3.024554625153541565e-02
6.907720118761062622e-02 2.878554537892341614e-02
6.099765375256538391e-02 2.709717117249965668e-02
5.266222357749938965e-02 2.513443864881992340e-02
4.417668282985687256e-02 2.293985709547996521e-02
3.593939170241355896e-02 2.059911191463470459e-02
2.831062674522399902e-02 1.819242723286151886e-02
2.165463380515575409e-02 1.580863073468208313e-02
1.597283408045768738e-02 1.342612318694591522e-02
1.143945753574371338e-02 1.114330813288688660e-02
7.886467501521110535e-03 8.914334699511528015e-03
5.135889630764722824e-03 6.747967097908258438e-03
3.037384012714028358e-03 4.696192685514688492e-03
1.547955791465938091e-03 2.950247377157211304e-03
6.095332209952175617e-04 1.572162844240665436e-03
1.162177941296249628e-04 5.588664207607507706e-04
-1.373756458633579314e-05 -1.617606903892010450e-04
5.137926564202643931e-05 -7.217954262159764767e-04
3.018331481143832207e-04 -1.192071591503918171e-03
5.804009269922971725e-04 -1.713904552161693573e-03
8.775801397860050201e-04 -2.332799602299928665e-03
1.147578004747629166e-03 -3.017537295818328857e-03
1.482550986111164093e-03 -3.691876074299216270e-03
1.961018890142440796e-03 -4.388161469250917435e-03
2.802196424454450607e-03 -5.160667467862367630e-03
4.302199464291334152e-03 -6.072427146136760712e-03
6.343484856188297272e-03 -7.131767459213733673e-03
9.132128208875656128e-03 -8.337697014212608337e-03
1.286213472485542297e-02 -9.665628895163536072e-03
1.777375675737857819e-02 -1.105771958827972412e-02
2.388382516801357269e-02 -1.241773832589387894e-02
3.123929910361766815e-02 -1.370064076036214828e-02
3.981705382466316223e-02 -1.488632895052433014e-02
4.958274960517883301e-02 -1.598107628524303436e-02
6.021215394139289856e-02 -1.697130687534809113e-02
7.062894850969314575e-02 -1.779684051871299744e-02
8.068207651376724243e-02 -1.847409084439277649e-02
9.018141031265258789e-02 -1.901391707360744476e-02
9.926927834749221802e-02 -1.943666115403175354e-02
1.079616621136665344e-01 -1.975598186254501343e-02
1.164858266711235046e-01 -2.000925689935684204e-02
1.252133399248123169e-01 -2.022460475564002991e-02
1.343590617179870605e-01 -2.042253687977790833e-02
1.436234861612319946e-01 -2.059768512845039368e-02
1.525811702013015747e-01 -2.072474919259548187e-02
1.611536443233489990e-01 -2.082169428467750549e-02
1.693110316991806030e-01 -2.088778279721736908e-02
1.772786378860473633e-01 -2.092737331986427307e-02
1.851504147052764893e-01 -2.093953266739845276e-02
1.931829452514648438e-01 -2.092725597321987152e-02
2.018142640590667725e-01 -2.089107222855091095e-02
2.108929306268692017e-01 -2.083540335297584534e-02
2.201264500617980957e-01 -2.076066285371780396e-02
2.295624017715454102e-01 -2.066323347389698029e-02
2.389934808015823364e-01 -2.054196037352085114e-02
2.484092414379119873e-01 -2.039809525012969971e-02
2.579193115234375000e-01 -2.022959664463996887e-02
2.672302126884460449e-01 -2.004647068679332733e-02
2.763007283210754395e-01 -1.985324546694755554e-02
2.853313386440277100e-01 -1.964711770415306091e-02
2.940325438976287842e-01 -1.943323016166687012e-02
3.026228249073028564e-01 -1.920442283153533936e-02
3.115542829036712646e-01 -1.894900947809219360e-02
3.209133148193359375e-01 -1.866404712200164795e-02
3.304359316825866699e-01 -1.836195960640907288e-02
3.399775922298431396e-01 -1.804940402507781982e-02
3.489225208759307861e-01 -1.774639077484607697e-02
3.572280704975128174e-01 -1.745443418622016907e-02
3.649450838565826416e-01 -1.717296801507472992e-02
3.719708025455474854e-01 -1.690626516938209534e-02
3.788008987903594971e-01 -1.663836278021335602e-02
3.859708905220031738e-01 -1.634992659091949463e-02
3.936575353145599365e-01 -1.603388972580432892e-02
4.015923440456390381e-01 -1.570060290396213531e-02
4.098043441772460938e-01 -1.534879207611083984e-02
4.181533753871917725e-01 -1.498236320912837982e-02
4.266190230846405029e-01 -1.460319198668003082e-02
4.350243210792541504e-01 -1.421895530074834824e-02
4.430822730064392090e-01 -1.384328026324510574e-02
4.509317576885223389e-01 -1.347085740417242050e-02
4.587655961513519287e-01 -1.309313345700502396e-02
4.666101932525634766e-01 -1.270863041281700134e-02
4.742726087570190430e-01 -1.232719887048006058e-02
4.819788932800292969e-01 -1.193826086819171906e-02
4.898199141025543213e-01 -1.153789181262254715e-02
4.978020489215850830e-01 -1.112561859190464020e-02
5.058649182319641113e-01 -1.070453040301799774e-02
5.139551758766174316e-01 -1.027687825262546539e-02
5.220955610275268555e-01 -9.842422790825366974e-03
5.303752422332763672e-01 -9.396700188517570496e-03
5.385960936546325684e-01 -8.950827643275260925e-03
5.464848279953002930e-01 -8.519798517227172852e-03
5.541189312934875488e-01 -8.100234903395175934e-03
5.614895820617675781e-01 -7.692944724112749100e-03
5.687043666839599609e-01 -7.292366586625576019e-03
5.758240818977355957e-01 -6.895520724356174469e-03
5.830358266830444336e-01 -6.492301356047391891e-03
5.904622673988342285e-01 -6.076226942241191864e-03
5.981265306472778320e-01 -5.646324250847101212e-03
6.058216094970703125e-01 -5.214483942836523056e-03
6.134871244430541992e-01 -4.784420132637023926e-03
6.213078498840332031e-01 -4.346512258052825928e-03
6.293616890907287598e-01 -3.896834328770637512e-03
6.377702355384826660e-01 -3.429449629038572311e-03
6.465806365013122559e-01 -2.942880382761359215e-03
6.558393836021423340e-01 -2.435720060020685196e-03
6.654600501060485840e-01 -1.913373125717043877e-03
6.750602722167968750e-01 -1.397469663061201572e-03
6.844704151153564453e-01 -8.985153399407863617e-04
6.936053633689880371e-01 -4.220276605337858200e-04
7.025169134140014648e-01 3.422551162657327950e-05
7.111129760742187500e-01 4.655499069485813379e-04
7.195134758949279785e-01 8.775856695137917995e-04
7.278496026992797852e-01 1.276446739211678505e-03
7.362564802169799805e-01 1.667175441980361938e-03
7.446047663688659668e-01 2.045166445896029472e-03
7.528824210166931152e-01 2.407697960734367371e-03
7.612792849540710449e-01 2.762058284133672714e-03
7.699149250984191895e-01 3.110164310783147812e-03
7.788324952125549316e-01 3.451887983828783035e-03
7.880281805992126465e-01 3.782961983233690262e-03
7.976562976837158203e-01 4.104865249246358871e-03
8.076587319374084473e-01 4.414401482790708542e-03
8.179621696472167969e-01 4.705444443970918655e-03
8.281173706054687500e-01 4.963679704815149307e-03
8.381095528602600098e-01 5.186402238905429840e-03
8.479036688804626465e-01 5.369519349187612534e-03
8.574938178062438965e-01 5.510730668902397156e-03
8.668150901794433594e-01 5.607330705970525742e-03
8.759728670120239258e-01 5.658633541315793991e-03
8.850478529930114746e-01 5.666449666023254395e-03
8.938934803009033203e-01 5.631548818200826645e-03
9.024850726127624512e-01 5.553849972784519196e-03
9.106205701828002930e-01 5.430882330983877182e-03
9.184703230857849121e-01 5.260728299617767334e-03
9.262974858283996582e-01 5.023008678108453751e-03
9.343826174736022949e-01 4.708466120064258575e-03
9.419444799423217773e-01 4.373943898826837540e-03
9.491774439811706543e-01 4.018470179289579391e-03
9.561856985092163086e-01 3.636590670794248581e-03
9.630284309387207031e-01 3.215167671442031860e-03
9.662961959838867188e-01 2.993350150063633919e-03
9.730656147003173828e-01 2.474463777616620064e-03
9.804327487945556641e-01 1.823139609768986702e-03
9.887409806251525879e-01 1.000855350866913795e-03
9.983335733413696289e-01 -3.091180042247287929e-05
