9.999002814292907715e-01 8.294098734040744603e-06
9.909725785255432129e-01 1.504504820331931114e-03
9.814615249633789062e-01 2.961487276479601860e-03
9.716113209724426270e-01 4.359790123999118805e-03
9.616662263870239258e-01 5.679962225258350372e-03
9.474712014198303223e-01 7.429870311170816422e-03
9.386159181594848633e-01 8.442967198789119720e-03
9.301691651344299316e-01 9.350483305752277374e-03
9.220154285430908203e-01 1.016886159777641296e-02
9.140154719352722168e-01 1.091550104320049286e-02
9.049665927886962891e-01 1.173494011163711548e-02
8.953848481178283691e-01 1.256821490824222565e-02
8.854563832283020020e-01 1.340338122099637985e-02
8.756008744239807129e-01 1.420777384191751480e-02
8.660794496536254883e-01 1.496544852852821350e-02
8.571362495422363281e-01 1.566134020686149597e-02
8.488975763320922852e-01 1.628836430609226227e-02
8.411339521408081055e-01 1.686736196279525757e-02
8.334810137748718262e-01 1.742840372025966644e-02
8.254786729812622070e-01 1.800742372870445251e-02
8.169140219688415527e-01 1.861995831131935120e-02
8.076852560043334961e-01 1.927378401160240173e-02
7.980533242225646973e-01 1.995056122541427612e-02
7.881932258605957031e-01 2.063802070915699005e-02
7.784274220466613770e-01 2.131365984678268433e-02
7.689577937126159668e-01 2.196371369063854218e-02
7.597869634628295898e-01 2.258872613310813904e-02
7.507914900779724121e-01 2.319772541522979736e-02
7.417799234390258789e-01 2.380448766052722931e-02
7.327539920806884766e-01 2.440960519015789032e-02
7.237266302108764648e-01 2.501267194747924805e-02
7.148988842964172363e-01 2.560040168464183807e-02
7.062667012214660645e-01 2.617333270609378815e-02
6.979138255119323730e-01 2.672587148845195770e-02
6.898376345634460449e-01 2.725831978023052216e-02
6.819988489151000977e-01 2.777348831295967102e-02
6.741971969604492188e-01 2.828459255397319794e-02
6.664134860038757324e-01 2.879310026764869690e-02
6.586816310882568359e-01 2.929671667516231537e-02
6.511008143424987793e-01 2.978911250829696655e-02
6.436712741851806641e-01 3.027001395821571350e-02
6.363576650619506836e-01 3.074175119400024414e-02
6.291759014129638672e-01 3.120324015617370605e-02
6.221179366111755371e-01 3.165495768189430237e-02
6.150858998298645020e-01 3.210296481847763062e-02
6.079466342926025391e-01 3.255574777722358704e-02
6.007837057113647461e-01 3.300783783197402954e-02
5.935642123222351074e-01 3.346109017729759216e-02
5.862846970558166504e-01 3.391511365771293640e-02
5.788591504096984863e-01 3.437525779008865356e-02
5.712862610816955566e-01 3.484092652797698975e-02
5.636225938796997070e-01 3.530849516391754150e-02
5.558217763900756836e-01 3.577997907996177673e-02
5.478342175483703613e-01 3.625813499093055725e-02
5.396738648414611816e-01 3.674143180251121521e-02
5.313531160354614258e-01 3.722792118787765503e-02
5.227360129356384277e-01 3.772390261292457581e-02
5.137500166893005371e-01 3.823242336511611938e-02
5.044277310371398926e-01 3.875017538666725159e-02
4.948082268238067627e-01 3.927390277385711670e-02
4.850930273532867432e-01 3.979175910353660583e-02
4.753080308437347412e-01 4.030109569430351257e-02
4.655934870243072510e-01 4.079294949769973755e-02
4.560404419898986816e-01 4.126160219311714172e-02
4.466974735260009766e-01 4.170495644211769104e-02
4.374779760837554932e-01 4.212713241577148438e-02
4.285004734992980957e-01 4.252475500106811523e-02
4.196807444095611572e-01 4.289991781115531921e-02
4.110906422138214111e-01 4.325148090720176697e-02
4.026717245578765869e-01 4.357969015836715698e-02
3.942807018756866455e-01 4.389093071222305298e-02
3.857148885726928711e-01 4.418925568461418152e-02
3.768873810768127441e-01 4.447651281952857971e-02
3.678304553031921387e-01 4.475093260407447815e-02
3.586193621158599854e-01 4.501106590032577515e-02
3.494850099086761475e-01 4.524818435311317444e-02
3.403881490230560303e-01 4.546308889985084534e-02
3.315110504627227783e-01 4.564740508794784546e-02
3.227189481258392334e-01 4.580277204513549805e-02
3.139468133449554443e-01 4.592835530638694763e-02
3.049935996532440186e-01 4.602820053696632385e-02
2.959148585796356201e-01 4.610082134604454041e-02
2.869657576084136963e-01 4.614782705903053284e-02
2.783442735671997070e-01 4.616843536496162415e-02
2.701145410537719727e-01 4.616073146462440491e-02
2.622466981410980225e-01 4.612531512975692749e-02
2.546663880348205566e-01 4.606113210320472717e-02
2.471498847007751465e-01 4.596741870045661926e-02
2.394235730171203613e-01 4.583781212568283081e-02
2.313490658998489380e-01 4.567129164934158325e-02
2.229138314723968506e-01 4.546254873275756836e-02
2.143441885709762573e-01 4.521121084690093994e-02
2.056501805782318115e-01 4.491061344742774963e-02
1.969128251075744629e-01 4.456141591072082520e-02
1.882538795471191406e-01 4.416351392865180969e-02
1.798338741064071655e-01 4.372670128941535950e-02
1.716836690902709961e-01 4.325269907712936401e-02
1.637813150882720947e-01 4.274435713887214661e-02
1.562371402978897095e-01 4.221118986606597900e-02
1.490050852298736572e-01 4.165351763367652893e-02
1.420104354619979858e-01 4.106183350086212158e-02
1.349504441022872925e-01 4.040518775582313538e-02
1.277005970478057861e-01 3.966450318694114685e-02
1.201228201389312744e-01 3.881612420082092285e-02
1.122688576579093933e-01 3.785512596368789673e-02
1.041663438081741333e-01 3.678033128380775452e-02
9.603450447320938110e-02 3.562165051698684692e-02
8.806869387626647949e-02 3.438640013337135315e-02
8.043371886014938354e-02 3.311260417103767395e-02
7.302673161029815674e-02 3.175895288586616516e-02
6.554402410984039307e-02 3.021582588553428650e-02
5.784481763839721680e-02 2.841218188405036926e-02
4.985001683235168457e-02 2.631349302828311920e-02
4.168006777763366699e-02 2.392715029418468475e-02
3.361181542277336121e-02 2.132980339229106903e-02
2.608334831893444061e-02 1.864106580615043640e-02
1.941896602511405945e-02 1.597036235034465790e-02
1.401057094335556030e-02 1.348305214196443558e-02
9.790808893740177155e-03 1.117103919386863708e-02
6.533285137265920639e-03 8.979308418929576874e-03
4.108117427676916122e-03 6.913235411047935486e-03
2.370008034631609917e-03 4.997381474822759628e-03
1.172015676274895668e-03 3.259832039475440979e-03
4.234141670167446136e-04 1.770273200236260891e-03
3.579356780392117798e-05 5.666199722327291965e-04
-8.923905988922342658e-05 -3.289907181169837713e-04
1.878430157375987619e-05 -9.252713643945753574e-04
2.365812542848289013e-04 -1.355390413664281368e-03
4.423195496201515198e-04 -1.705903094261884689e-03
6.563061033375561237e-04 -2.052417723461985588e-03
9.966923389583826065e-04 -2.472614869475364685e-03
1.391848316416144371e-03 -2.983999904245138168e-03
1.971752382814884186e-03 -3.596171736717224121e-03
2.786000957712531090e-03 -4.309828858822584152e-03
4.066866822540760040e-03 -5.125146359205245972e-03
6.136274430900812149e-03 -6.043537519872188568e-03
9.294223971664905548e-03 -7.069324143230915070e-03
1.370913814753293991e-02 -8.135507814586162567e-03
1.940600201487541199e-02 -9.213872253894805908e-03
2.632102556526660919e-02 -1.026504207402467728e-02
3.383163362741470337e-02 -1.119203865528106689e-02
4.161711782217025757e-02 -1.197135634720325470e-02
4.936928674578666687e-02 -1.257955934852361679e-02
5.715056136250495911e-02 -1.304269023239612579e-02
6.520772725343704224e-02 -1.339518744498491287e-02
7.374097406864166260e-02 -1.367527805268764496e-02
8.298914134502410889e-02 -1.389843784272670746e-02
9.280718117952346802e-02 -1.408922951668500900e-02
1.030676886439323425e-01 -1.425015274435281754e-02
1.131626442074775696e-01 -1.435895916074514389e-02
1.228333041071891785e-01 -1.442332006990909576e-02
1.320355236530303955e-01 -1.443932484835386276e-02
1.408006697893142700e-01 -1.441777311265468597e-02
1.491799056529998779e-01 -1.436898298561573029e-02
1.572596430778503418e-01 -1.429943460971117020e-02
1.651487946510314941e-01 -1.421655341982841492e-02
1.728352904319763184e-01 -1.411960553377866745e-02
1.804899126291275024e-01 -1.400827057659626007e-02
1.880568414926528931e-01 -1.388084236532449722e-02
1.955978274345397949e-01 -1.373894792050123215e-02
2.033012807369232178e-01 -1.358141377568244934e-02
2.111897468566894531e-01 -1.340688019990921021e-02
2.190728038549423218e-01 -1.322089787572622299e-02
2.269583642482757568e-01 -1.302280835807323456e-02
2.347567379474639893e-01 -1.281493809074163437e-02
2.424521148204803467e-01 -1.259854808449745178e-02
2.500587999820709229e-01 -1.237463671714067459e-02
2.574823200702667236e-01 -1.214700564742088318e-02
2.646427154541015625e-01 -1.191955804824829102e-02
2.717869281768798828e-01 -1.168445218354463577e-02
2.789684534072875977e-01 -1.144054811447858810e-02
2.862067818641662598e-01 -1.118623372167348862e-02
2.937874197959899902e-01 -1.091163698583841324e-02
3.017647564411163330e-01 -1.061435788869857788e-02
3.099909424781799316e-01 -1.030096132308244705e-02
3.183221518993377686e-01 -9.977085515856742859e-03
3.266073167324066162e-01 -9.647988714277744293e-03
3.347880542278289795e-01 -9.315430186688899994e-03
3.429048359394073486e-01 -8.978981524705886841e-03
3.507817685604095459e-01 -8.646421134471893311e-03
3.585593700408935547e-01 -8.312376216053962708e-03
3.664143085479736328e-01 -7.970446720719337463e-03
3.743753731250762939e-01 -7.619555108249187469e-03
3.822416067123413086e-01 -7.268729619681835175e-03
3.900720179080963135e-01 -6.915650330483913422e-03
3.979664444923400879e-01 -6.556075997650623322e-03
4.058861732482910156e-01 -6.192447151988744736e-03
4.136383235454559326e-01 -5.834090523421764374e-03
4.212046861648559570e-01 -5.481886677443981171e-03
4.287684261798858643e-01 -5.127855110913515091e-03
4.364651441574096680e-01 -4.765925928950309753e-03
4.443380236625671387e-01 -4.394346848130226135e-03
4.523417353630065918e-01 -4.015405196696519852e-03
4.606509208679199219e-01 -3.621347248554229736e-03
4.692947268486022949e-01 -3.211301518604159355e-03
4.780510663986206055e-01 -2.796088578179478645e-03
4.867324531078338623e-01 -2.384941093623638153e-03
4.954148530960083008e-01 -1.974761253222823143e-03
5.041106939315795898e-01 -1.565548009239137173e-03
5.128839015960693359e-01 -1.154872472397983074e-03
5.216280221939086914e-01 -7.481101201847195625e-04
5.302949547767639160e-01 -3.478371072560548782e-04
5.389447808265686035e-01 4.833759885514155030e-05
5.475318431854248047e-01 4.379363381303846836e-04
5.559358596801757812e-01 8.149850182235240936e-04
5.641304850578308105e-01 1.178097678348422050e-03
5.721790790557861328e-01 1.530081965029239655e-03
5.801230669021606445e-01 1.872475142590701580e-03
5.879606008529663086e-01 2.205813303589820862e-03
5.956606864929199219e-01 2.528341487050056458e-03
6.033483147621154785e-01 2.844620030373334885e-03
6.112856864929199219e-01 3.163733053952455521e-03
6.195865869522094727e-01 3.489332273602485657e-03
6.283522844314575195e-01 3.823900595307350159e-03
6.376379132270812988e-01 4.167733713984489441e-03
6.474382877349853516e-01 4.518458154052495956e-03
6.574710607528686523e-01 4.866252187639474869e-03
6.673581600189208984e-01 5.197242368012666702e-03
6.770324110984802246e-01 5.506714340299367905e-03
6.864902973175048828e-01 5.793589167296886444e-03
6.958685517311096191e-01 6.061340682208538055e-03
7.051020860671997070e-01 6.308520678430795670e-03
7.143094539642333984e-01 6.538773421198129654e-03
7.235736846923828125e-01 6.754851900041103363e-03
7.328813076019287109e-01 6.956604309380054474e-03
7.417997717857360840e-01 7.136037573218345642e-03
7.502697706222534180e-01 7.291043177247047424e-03
7.585201859474182129e-01 7.425821386277675629e-03
7.666063904762268066e-01 7.542063016444444656e-03
7.746806144714355469e-01 7.642821408808231354e-03
7.828693389892578125e-01 7.727040909230709076e-03
7.914448976516723633e-01 7.796215359121561050e-03
8.005062341690063477e-01 7.849909365177154541e-03
8.100389838218688965e-01 7.884408347308635712e-03
8.197383880615234375e-01 7.893850095570087433e-03
8.296502232551574707e-01 7.876897230744361877e-03
8.397372364997863770e-01 7.830876857042312622e-03
8.497489094734191895e-01 7.753756362944841385e-03
8.596033453941345215e-01 7.642709184437990189e-03
8.692799210548400879e-01 7.497514132410287857e-03
8.786987066268920898e-01 7.322021294385194778e-03
8.877686858177185059e-01 7.117247674614191055e-03
8.964757323265075684e-01 6.883225869387388229e-03
9.047167301177978516e-01 6.624006200581789017e-03
9.126331806182861328e-01 6.335547659546136856e-03
9.204881787300109863e-01 5.996812134981155396e-03
9.285672903060913086e-01 5.592791363596916199e-03
9.361363053321838379e-01 5.183747503906488419e-03
9.433466196060180664e-01 4.766511730849742889e-03
9.503162503242492676e-01 4.330698400735855103e-03
9.572586417198181152e-01 3.852806519716978073e-03
9.606579542160034180e-01 3.599541028961539268e-03
9.679296612739562988e-01 3.000433789566159248e-03
9.762061834335327148e-01 2.235765801742672920e-03
9.859362840652465820e-01 1.254986738786101341e-03
9.975687861442565918e-01 7.546429060312220827e-06
