9.999101161956787109e-01 7.224499859148636460e-05
9.927984476089477539e-01 1.712588127702474594e-03
9.844657182693481445e-01 3.352755447849631310e-03
9.753074049949645996e-01 4.952329210937023163e-03
9.657192230224609375e-01 6.470891181379556656e-03
9.518111944198608398e-01 8.450971916317939758e-03
9.432083368301391602e-01 9.545266628265380859e-03
9.352027177810668945e-01 1.047031488269567490e-02
9.276987910270690918e-01 1.125058624893426895e-02
9.205781221389770508e-01 1.191240642219781876e-02
9.126496315002441406e-01 1.262537203729152679e-02
9.042956233024597168e-01 1.334438286721706390e-02
8.955172896385192871e-01 1.407795958220958710e-02
8.866932988166809082e-01 1.479106210172176361e-02
8.779125809669494629e-01 1.548254489898681641e-02
8.693554401397705078e-01 1.614267192780971527e-02
8.611400127410888672e-01 1.676394417881965637e-02
8.530869483947753906e-01 1.736405305564403534e-02
8.449655771255493164e-01 1.796138659119606018e-02
8.364956378936767578e-01 1.857921853661537170e-02
8.275805711746215820e-01 1.922440342605113983e-02
8.182021379470825195e-01 1.989944092929363251e-02
8.086524009704589844e-01 2.058360911905765533e-02
7.990313768386840820e-01 2.127035707235336304e-02
7.896346449851989746e-01 2.193873375654220581e-02
7.805342674255371094e-01 2.258385904133319855e-02
7.717030048370361328e-01 2.320823818445205688e-02
7.629439830780029297e-01 2.382615581154823303e-02
7.540504336357116699e-01 2.445246092975139618e-02
7.449342608451843262e-01 2.509359642863273621e-02
7.356054782867431641e-01 2.574891038239002228e-02
7.262409925460815430e-01 2.640592679381370544e-02
7.168626189231872559e-01 2.706310711801052094e-02
7.076271176338195801e-01 2.770930342376232147e-02
6.985659599304199219e-01 2.834226563572883606e-02
6.897866725921630859e-01 2.895441837608814240e-02
6.811597347259521484e-01 2.955464459955692291e-02
6.726394891738891602e-01 3.014604561030864716e-02
6.641832590103149414e-01 3.073136694729328156e-02
6.558594703674316406e-01 3.130587190389633179e-02
6.476384401321411133e-01 3.187115490436553955e-02
6.394882202148437500e-01 3.242943063378334045e-02
6.313958168029785156e-01 3.298130258917808533e-02
6.233685016632080078e-01 3.352606669068336487e-02
6.153680682182312012e-01 3.406570106744766235e-02
6.072493195533752441e-01 3.460969775915145874e-02
5.990138053894042969e-01 3.515744209289550781e-02
5.906374454498291016e-01 3.571020066738128662e-02
5.821732878684997559e-01 3.626351431012153625e-02
5.735430121421813965e-01 3.682202473282814026e-02
5.648506283760070801e-01 3.737805783748626709e-02
5.561717748641967773e-01 3.792653232812881470e-02
5.475755333900451660e-01 3.846241161227226257e-02
5.390571355819702148e-01 3.898605331778526306e-02
5.305961370468139648e-01 3.949806839227676392e-02
5.221721529960632324e-01 3.999871760606765747e-02
5.137078166007995605e-01 4.049155488610267639e-02
5.050713419914245605e-01 4.098318889737129211e-02
4.961828887462615967e-01 4.147727787494659424e-02
4.870549142360687256e-01 4.197156429290771484e-02
4.778378307819366455e-01 4.245768487453460693e-02
4.686520397663116455e-01 4.292889684438705444e-02
4.596368968486785889e-01 4.337742552161216736e-02
4.508244991302490234e-01 4.380085319280624390e-02
4.421998858451843262e-01 4.419934004545211792e-02
4.335892200469970703e-01 4.457864165306091309e-02
4.249633848667144775e-01 4.494217038154602051e-02
4.161530435085296631e-01 4.529464244842529297e-02
4.072210192680358887e-01 4.563552513718605042e-02
3.982483148574829102e-01 4.595909267663955688e-02
3.893291056156158447e-01 4.626195877790451050e-02
3.804183602333068848e-01 4.654154926538467407e-02
3.715019226074218750e-01 4.679730534553527832e-02
3.625545501708984375e-01 4.702898487448692322e-02
3.535354137420654297e-01 4.723949730396270752e-02
3.446553051471710205e-01 4.742401465773582458e-02
3.357846438884735107e-01 4.758565127849578857e-02
3.271396160125732422e-01 4.771851003170013428e-02
3.186339139938354492e-01 4.782263934612274170e-02
3.102548718452453613e-01 4.789628461003303528e-02
3.017519414424896240e-01 4.794109985232353210e-02
2.931551337242126465e-01 4.795716702938079834e-02
2.845202684402465820e-01 4.794615879654884338e-02
2.760176360607147217e-01 4.790930822491645813e-02
2.677704393863677979e-01 4.784443229436874390e-02
2.597698569297790527e-01 4.775385558605194092e-02
2.520510554313659668e-01 4.763384535908699036e-02
2.444890290498733521e-01 4.748482257127761841e-02
2.369140088558197021e-01 4.730147495865821838e-02
2.291517257690429688e-01 4.708203673362731934e-02
2.212167084217071533e-01 4.682296514511108398e-02
2.131600975990295410e-01 4.652310162782669067e-02
2.050556391477584839e-01 4.618035629391670227e-02
1.969631165266036987e-01 4.579749703407287598e-02
1.889674812555313110e-01 4.537523537874221802e-02
1.810622364282608032e-01 4.491179808974266052e-02
1.732408255338668823e-01 4.440270736813545227e-02
1.653828620910644531e-01 4.383750632405281067e-02
1.574481576681137085e-01 4.320743680000305176e-02
1.493766009807586670e-01 4.250222817063331604e-02
1.411735564470291138e-01 4.171725735068321228e-02
1.328714340925216675e-01 4.085155203938484192e-02
1.245920062065124512e-01 3.991113603115081787e-02
1.164112091064453125e-01 3.889879584312438965e-02
1.083875894546508789e-01 3.781517967581748962e-02
1.005775555968284607e-01 3.666952997446060181e-02
9.293884783983230591e-02 3.545054048299789429e-02
8.539582788944244385e-02 3.413340449333190918e-02
7.792372256517410278e-02 3.271773457527160645e-02
7.049446552991867065e-02 3.118940442800521851e-02
6.306421011686325073e-02 2.951647154986858368e-02
5.563468113541603088e-02 2.767302282154560089e-02
4.828651621937751770e-02 2.568326145410537720e-02
4.111174121499061584e-02 2.355399727821350098e-02
3.427462279796600342e-02 2.132188715040683746e-02
2.782448194921016693e-02 1.897347345948219299e-02
2.184822410345077515e-02 1.652492582798004150e-02
1.654565520584583282e-02 1.404902059584856033e-02
1.197470258921384811e-02 1.158343348652124405e-02
8.135429583489894867e-03 9.165588766336441040e-03
5.056567955762147903e-03 6.881737150251865387e-03
2.806293312460184097e-03 4.871034994721412659e-03
1.299924333579838276e-03 3.192604752257466316e-03
4.369770467747002840e-04 1.888866419903934002e-03
-9.438978167963796295e-07 9.201277280226349831e-04
-1.588260638527572155e-04 2.381541708018630743e-04
-1.276813563890755177e-04 -2.389906730968505144e-04
9.674187140262802131e-07 -6.386819877661764622e-04
9.269124711863696575e-05 -1.031056395731866360e-03
1.794492709450423717e-04 -1.469266950152814388e-03
3.652399755083024502e-04 -1.985445851460099220e-03
6.897249259054660797e-04 -2.605127170681953430e-03
1.207403605803847313e-03 -3.326345700770616531e-03
2.033149125054478645e-03 -4.141323734074831009e-03
3.450185060501098633e-03 -5.055253393948078156e-03
5.843990482389926910e-03 -6.073169875890016556e-03
9.408956393599510193e-03 -7.170672994107007980e-03
1.418631523847579956e-02 -8.250312879681587219e-03
2.027115225791931152e-02 -9.279536083340644836e-03
2.759593538939952850e-02 -1.021629199385643005e-02
3.573812544345855713e-02 -1.100595481693744659e-02
4.417517781257629395e-02 -1.161989849060773849e-02
5.260875821113586426e-02 -1.206005737185478210e-02
6.098233535885810852e-02 -1.236818637698888779e-02
6.931512802839279175e-02 -1.258545555174350739e-02
7.744042575359344482e-02 -1.273521035909652710e-02
8.544843643903732300e-02 -1.282367669045925140e-02
9.346877783536911011e-02 -1.288408413529396057e-02
1.015668883919715881e-01 -1.292277220636606216e-02
1.094913408160209656e-01 -1.293682958930730820e-02
1.171853169798851013e-01 -1.292544789612293243e-02
1.248518601059913635e-01 -1.289111003279685974e-02
1.326767951250076294e-01 -1.283639855682849884e-02
1.407213956117630005e-01 -1.276221964508295059e-02
1.490036398172378540e-01 -1.266596093773841858e-02
1.575058400630950928e-01 -1.255211513489484787e-02
1.661550849676132202e-01 -1.242204941809177399e-02
1.748111993074417114e-01 -1.227854937314987183e-02
1.832094937562942505e-01 -1.212495472282171249e-02
1.912651956081390381e-01 -1.196531113237142563e-02
1.990992575883865356e-01 -1.179898157715797424e-02
2.068903297185897827e-01 -1.162204239517450333e-02
2.146927714347839355e-01 -1.143449731171131134e-02
2.227694392204284668e-01 -1.122990529984235764e-02
2.311092615127563477e-01 -1.100839301943778992e-02
2.397539168596267700e-01 -1.076923962682485580e-02
2.485883235931396484e-01 -1.051557436585426331e-02
2.573966383934020996e-01 -1.025363337248563766e-02
2.659386396408081055e-01 -9.991113096475601196e-03
2.742741405963897705e-01 -9.726366028189659119e-03
2.825256288051605225e-01 -9.455631487071514130e-03
2.906604111194610596e-01 -9.180304594337940216e-03
2.990064620971679688e-01 -8.889726363122463226e-03
3.075868189334869385e-01 -8.583052083849906921e-03
3.162953853607177734e-01 -8.265498094260692596e-03
3.249846696853637695e-01 -7.942807860672473907e-03
3.334858417510986328e-01 -7.621159777045249939e-03
3.416959941387176514e-01 -7.304171100258827209e-03
3.496711254119873047e-01 -6.990606896579265594e-03
3.574505746364593506e-01 -6.679547950625419617e-03
3.651419579982757568e-01 -6.366735789924860001e-03
3.730190098285675049e-01 -6.042223423719406128e-03
3.811325132846832275e-01 -5.703833885490894318e-03
3.893013596534729004e-01 -5.359292495995759964e-03
3.975713551044464111e-01 -5.006634164601564407e-03
4.059249460697174072e-01 -4.646704997867345810e-03
4.142877757549285889e-01 -4.283087793737649918e-03
4.225883483886718750e-01 -3.919104114174842834e-03
4.308187067508697510e-01 -3.555413568392395973e-03
4.390424489974975586e-01 -3.189642913639545441e-03
4.473842978477478027e-01 -2.816631924360990524e-03
4.558806121349334717e-01 -2.435047645121812820e-03
4.645090103149414062e-01 -2.046132460236549377e-03
4.734134376049041748e-01 -1.644010073505342007e-03
4.825822710990905762e-01 -1.229782239533960819e-03
4.918450117111206055e-01 -8.115228265523910522e-04
5.010777115821838379e-01 -3.952695988118648529e-04
5.102319717407226562e-01 1.620900366106070578e-05
5.191810131072998047e-01 4.165745049249380827e-04
5.279927849769592285e-01 8.082251879386603832e-04
5.366190671920776367e-01 1.188497757539153099e-03
5.451022982597351074e-01 1.559057971462607384e-03
5.535195469856262207e-01 1.922894734889268875e-03
5.619364976882934570e-01 2.282358007505536079e-03
5.702661871910095215e-01 2.633291529491543770e-03
5.785812735557556152e-01 2.977829892188310623e-03
5.869821906089782715e-01 3.319358453154563904e-03
5.954721570014953613e-01 3.657006891444325447e-03
6.040981411933898926e-01 3.992544021457433701e-03
6.127815842628479004e-01 4.322073888033628464e-03
6.214552521705627441e-01 4.642609972506761551e-03
6.301581859588623047e-01 4.954020027071237564e-03
6.388476490974426270e-01 5.254282150417566299e-03
6.474328637123107910e-01 5.539438221603631973e-03
6.560421586036682129e-01 5.812895018607378006e-03
6.647335290908813477e-01 6.075703538954257965e-03
6.733883023262023926e-01 6.325533613562583923e-03
6.818934679031372070e-01 6.559476256370544434e-03
6.902856826782226562e-01 6.776931695640087128e-03
6.986246109008789062e-01 6.977749057114124298e-03
7.070574164390563965e-01 7.164989132434129715e-03
7.155140042304992676e-01 7.336948998272418976e-03
7.240178585052490234e-01 7.494108751416206360e-03
7.326682806015014648e-01 7.638889830559492111e-03
7.414040565490722656e-01 7.769611664116382599e-03
7.499079704284667969e-01 7.881776429712772369e-03
7.581716775894165039e-01 7.974031381309032440e-03
7.663648724555969238e-01 8.048063144087791443e-03
7.745918035507202148e-01 8.104966953396797180e-03
7.829026579856872559e-01 8.145733736455440521e-03
7.912822365760803223e-01 8.169136941432952881e-03
7.997897267341613770e-01 8.175711147487163544e-03
8.084748387336730957e-01 8.164891973137855530e-03
8.172433376312255859e-01 8.135749027132987976e-03
8.259115219116210938e-01 8.086406625807285309e-03
8.345402479171752930e-01 8.017836138606071472e-03
8.431761860847473145e-01 7.929361425340175629e-03
8.517616987228393555e-01 7.821367122232913971e-03
8.602687120437622070e-01 7.692582439631223679e-03
8.686752915382385254e-01 7.543985731899738312e-03
8.769807219505310059e-01 7.375547196716070175e-03
8.852756023406982422e-01 7.182511035352945328e-03
8.935604691505432129e-01 6.961056496948003769e-03
9.018797278404235840e-01 6.705382838845252991e-03
9.102800488471984863e-01 6.409680470824241638e-03
9.189395308494567871e-01 6.052866578102111816e-03
9.280054569244384766e-01 5.623089615255594254e-03
9.365216493606567383e-01 5.187539849430322647e-03
9.444428682327270508e-01 4.750060383230447769e-03
9.518316984176635742e-01 4.303019959479570389e-03
9.589112401008605957e-01 3.823698498308658600e-03
9.622738957405090332e-01 3.572558984160423279e-03
9.693840146064758301e-01 2.976877382025122643e-03
9.774472117424011230e-01 2.210385398939251900e-03
9.869916439056396484e-01 1.217556069605052471e-03
9.985454082489013672e-01 -5.713858627132140100e-05
