9.998922348022460938e-01 1.871253152785357088e-05
9.914798736572265625e-01 1.449025585316121578e-03
9.823960661888122559e-01 2.849254291504621506e-03
9.729193449020385742e-01 4.197247792035341263e-03
9.633282423019409180e-01 5.470855161547660828e-03
9.497052431106567383e-01 7.151187863200902939e-03
9.412932991981506348e-01 8.115400560200214386e-03
9.334378838539123535e-01 8.964772336184978485e-03
9.260122776031494141e-01 9.718931280076503754e-03
9.189448952674865723e-01 1.039137318730354309e-02
9.109817147254943848e-01 1.113219186663627625e-02
9.025935530662536621e-01 1.188648492097854614e-02
8.937652111053466797e-01 1.266030780971050262e-02
8.848469257354736328e-01 1.342300791293382645e-02
8.758491873741149902e-01 1.417689491063356400e-02
8.669306635856628418e-01 1.491145975887775421e-02
8.582333326339721680e-01 1.561537478119134903e-02
8.496865630149841309e-01 1.629765518009662628e-02
8.412210941314697266e-01 1.696504279971122742e-02
8.326009511947631836e-01 1.763852499425411224e-02
8.238304853439331055e-01 1.831734552979469299e-02
8.149132728576660156e-01 1.900230534374713898e-02
8.060584664344787598e-01 1.967740245163440704e-02
7.972509264945983887e-01 2.034468576312065125e-02
7.886469960212707520e-01 2.099223807454109192e-02
7.802571654319763184e-01 2.161933667957782745e-02
7.721805572509765625e-01 2.221928164362907410e-02
7.642543315887451172e-01 2.280426025390625000e-02
7.562540769577026367e-01 2.339090406894683838e-02
7.480600476264953613e-01 2.398780547082424164e-02
7.396311759948730469e-01 2.459768392145633698e-02
7.309995293617248535e-01 2.521794848144054413e-02
7.221760153770446777e-01 2.584761008620262146e-02
7.132321596145629883e-01 2.648105099797248840e-02
7.042716145515441895e-01 2.711065858602523804e-02
6.955425143241882324e-01 2.771871536970138550e-02
6.870086789131164551e-01 2.830789424479007721e-02
6.786184906959533691e-01 2.888174541294574738e-02
6.703171730041503906e-01 2.944368496537208557e-02
6.620461344718933105e-01 2.999734878540039062e-02
6.537694334983825684e-01 3.054492361843585968e-02
6.454316377639770508e-01 3.109003230929374695e-02
6.370130181312561035e-01 3.163386508822441101e-02
6.285721659660339355e-01 3.217220678925514221e-02
6.201912164688110352e-01 3.269895911216735840e-02
6.118496060371398926e-01 3.321513533592224121e-02
6.035327911376953125e-01 3.372136130928993225e-02
5.951603651046752930e-01 3.422188013792037964e-02
5.866550803184509277e-01 3.472042456269264221e-02
5.779852867126464844e-01 3.521806374192237854e-02
5.691299438476562500e-01 3.571515157818794250e-02
5.601134896278381348e-01 3.620938211679458618e-02
5.509836077690124512e-01 3.669710829854011536e-02
5.418108701705932617e-01 3.717401623725891113e-02
5.327179431915283203e-01 3.763393685221672058e-02
5.236967802047729492e-01 3.807569667696952820e-02
5.146746635437011719e-01 3.850196301937103271e-02
5.055891871452331543e-01 3.891482949256896973e-02
4.964347779750823975e-01 3.931413963437080383e-02
4.872160553932189941e-01 3.969951346516609192e-02
4.780230820178985596e-01 4.006808996200561523e-02
4.689486920833587646e-01 4.041656851768493652e-02
4.601030647754669189e-01 4.074049368500709534e-02
4.515927433967590332e-01 4.103592038154602051e-02
4.432365894317626953e-01 4.130879044532775879e-02
4.348415136337280273e-01 4.156396165490150452e-02
4.263769984245300293e-01 4.180412739515304565e-02
4.177880883216857910e-01 4.203059524297714233e-02
4.091458022594451904e-01 4.224288836121559143e-02
4.005439877510070801e-01 4.243749380111694336e-02
3.920946717262268066e-01 4.261234775185585022e-02
3.837486207485198975e-01 4.276535287499427795e-02
3.754722774028778076e-01 4.289573803544044495e-02
3.670741021633148193e-01 4.300717264413833618e-02
3.584411442279815674e-01 4.310127347707748413e-02
3.498110771179199219e-01 4.317725077271461487e-02
3.411651551723480225e-01 4.323491081595420837e-02
3.326105177402496338e-01 4.327104985713958740e-02
3.241104781627655029e-01 4.328331723809242249e-02
3.157136142253875732e-01 4.327029362320899963e-02
3.072130978107452393e-01 4.323107749223709106e-02
2.986752390861511230e-01 4.316810145974159241e-02
2.901064753532409668e-01 4.308306425809860229e-02
2.816099524497985840e-01 4.297728836536407471e-02
2.734017074108123779e-01 4.284979403018951416e-02
2.654888033866882324e-01 4.270451515913009644e-02
2.578052580356597900e-01 4.253941774368286133e-02
2.501275837421417236e-01 4.234800860285758972e-02
2.422346621751785278e-01 4.211958870291709900e-02
2.339431494474411011e-01 4.184947162866592407e-02
2.253447771072387695e-01 4.153672233223915100e-02
2.163914591073989868e-01 4.117392003536224365e-02
2.072192430496215820e-01 4.076272249221801758e-02
1.980767846107482910e-01 4.031354188919067383e-02
1.893173903226852417e-01 3.984470665454864502e-02
1.809983849525451660e-01 3.935898467898368835e-02
1.730292737483978271e-01 3.885041177272796631e-02
1.652504354715347290e-01 3.830805048346519470e-02
1.576703488826751709e-01 3.773472830653190613e-02
1.501573026180267334e-01 3.711892664432525635e-02
1.424715071916580200e-01 3.644165769219398499e-02
1.346306651830673218e-01 3.570128977298736572e-02
1.268169432878494263e-01 3.491315618157386780e-02
1.192101985216140747e-01 3.409035503864288330e-02
1.117819994688034058e-01 3.322974219918251038e-02
1.044517531991004944e-01 3.231570497155189514e-02
9.715836495161056519e-02 3.133286535739898682e-02
8.999641239643096924e-02 3.029515780508518219e-02
8.279497921466827393e-02 2.917259745299816132e-02
7.537998259067535400e-02 2.791878581047058105e-02
6.782382726669311523e-02 2.654500678181648254e-02
6.019702181220054626e-02 2.502713352441787720e-02
5.260490253567695618e-02 2.337703667581081390e-02
4.510660097002983093e-02 2.158722281455993652e-02
3.776281699538230896e-02 1.965600810945034027e-02
3.073883056640625000e-02 1.760636083781719208e-02
2.430717088282108307e-02 1.550225168466567993e-02
1.850475557148456573e-02 1.335357315838336945e-02
1.338988728821277618e-02 1.118126139044761658e-02
9.164660237729549408e-03 9.084136225283145905e-03
5.787744186818599701e-03 7.065408863127231598e-03
3.316927002742886543e-03 5.215457174926996231e-03
1.636091736145317554e-03 3.579906886443495750e-03
5.966211901977658272e-04 2.214490203186869621e-03
5.594731555902399123e-05 1.145658432506024837e-03
-1.038213958963751793e-04 3.629537823144346476e-04
-6.044243855285458267e-05 -2.085342275677248836e-04
1.158915401902049780e-04 -6.571352132596075535e-04
4.088042769581079483e-04 -1.042962307110428810e-03
7.704965537413954735e-04 -1.470860326662659645e-03
1.253001741133630276e-03 -1.955502899363636971e-03
1.726937480270862579e-03 -2.480070339515805244e-03
2.149452688172459602e-03 -3.013340523466467857e-03
2.733481815084815025e-03 -3.568361047655344009e-03
3.793141338974237442e-03 -4.182429984211921692e-03
5.683111492544412613e-03 -4.893221426755189896e-03
8.676843717694282532e-03 -5.732756108045578003e-03
1.292759459465742111e-02 -6.693906150758266449e-03
1.861387118697166443e-02 -7.762135006487369537e-03
2.556715905666351318e-02 -8.858202025294303894e-03
3.335147351026535034e-02 -9.870490990579128265e-03
4.158491641283035278e-02 -1.074073556810617447e-02
5.028033629059791565e-02 -1.147084869444370270e-02
5.937533453106880188e-02 -1.207731105387210846e-02
6.877573579549789429e-02 -1.258306950330734253e-02
7.818167656660079956e-02 -1.301072537899017334e-02
8.738440275192260742e-02 -1.337890606373548508e-02
9.636551886796951294e-02 -1.370926480740308762e-02
1.049722954630851746e-01 -1.399194635450839996e-02
1.131312847137451172e-01 -1.421983446925878525e-02
1.208899319171905518e-01 -1.440372411161661148e-02
1.286410540342330933e-01 -1.456435490399599075e-02
1.366286426782608032e-01 -1.470863539725542068e-02
1.448326110839843750e-01 -1.483937446027994156e-02
1.531375497579574585e-01 -1.495215389877557755e-02
1.613631993532180786e-01 -1.504724659025669098e-02
1.694641709327697754e-01 -1.512561924755573273e-02
1.773965805768966675e-01 -1.518622972071170807e-02
1.852427423000335693e-01 -1.522879675030708313e-02
1.930214464664459229e-01 -1.525446493178606033e-02
2.010096907615661621e-01 -1.526552159339189529e-02
2.093031406402587891e-01 -1.526316627860069275e-02
2.177497744560241699e-01 -1.524765603244304657e-02
2.264740765094757080e-01 -1.521665230393409729e-02
2.353029847145080566e-01 -1.516938209533691406e-02
2.441837191581726074e-01 -1.510644704103469849e-02
2.530679106712341309e-01 -1.502831093966960907e-02
2.618826329708099365e-01 -1.493713632225990295e-02
2.703993916511535645e-01 -1.483693625777959824e-02
2.787899076938629150e-01 -1.472598873078823090e-02
2.870007455348968506e-01 -1.460522226989269257e-02
2.950964570045471191e-01 -1.447281893342733383e-02
3.033932745456695557e-01 -1.432481966912746429e-02
3.119433820247650146e-01 -1.415905728936195374e-02
3.205763697624206543e-01 -1.398143731057643890e-02
3.292030096054077148e-01 -1.379450876265764236e-02
3.375860452651977539e-01 -1.360390707850456238e-02
3.456520736217498779e-01 -1.340968161821365356e-02
3.535891473293304443e-01 -1.320800092071294785e-02
3.613855242729187012e-01 -1.299890317022800446e-02
3.692675530910491943e-01 -1.277712918817996979e-02
3.774042129516601562e-01 -1.253943704068660736e-02
3.858159780502319336e-01 -1.228544954210519791e-02
3.941334486007690430e-01 -1.202628016471862793e-02
4.023092985153198242e-01 -1.176354009658098221e-02
4.102658927440643311e-01 -1.149883214384317398e-02
4.180352985858917236e-01 -1.123237982392311096e-02
4.256968498229980469e-01 -1.096194889396429062e-02
4.333177506923675537e-01 -1.068523339927196503e-02
4.410820305347442627e-01 -1.039628591388463974e-02
4.490911066532135010e-01 -1.009128428995609283e-02
4.573204517364501953e-01 -9.771388024091720581e-03
4.656138420104980469e-01 -9.441830217838287354e-03
4.740737676620483398e-01 -9.098770096898078918e-03
4.827466905117034912e-01 -8.740016259253025055e-03
4.914565384387969971e-01 -8.373155258595943451e-03
5.001846551895141602e-01 -7.999262772500514984e-03
5.089503526687622070e-01 -7.617702707648277283e-03
5.177106857299804688e-01 -7.231195457279682159e-03
5.264546871185302734e-01 -6.840683054178953171e-03
5.350672006607055664e-01 -6.451715715229511261e-03
5.435165762901306152e-01 -6.066313944756984711e-03
5.518940091133117676e-01 -5.681232083588838577e-03
5.602987408638000488e-01 -5.292464047670364380e-03
5.686244964599609375e-01 -4.905293229967355728e-03
5.769833922386169434e-01 -4.515325650572776794e-03
5.854968428611755371e-01 -4.117528442293405533e-03
5.941834449768066406e-01 -3.711691591888666153e-03
6.029992103576660156e-01 -3.300386946648359299e-03
6.118661761283874512e-01 -2.888012444600462914e-03
6.207390427589416504e-01 -2.477533649653196335e-03
6.296568512916564941e-01 -2.068206667900085449e-03
6.386210322380065918e-01 -1.660763868130743504e-03
6.475328803062438965e-01 -1.260532648302614689e-03
6.564667820930480957e-01 -8.651733514852821827e-04
6.654893755912780762e-01 -4.728441126644611359e-04
6.745012402534484863e-01 -8.770718704909086227e-05
6.833629012107849121e-01 2.835647028405219316e-04
6.921508908271789551e-01 6.427118787541985512e-04
7.009196281433105469e-01 9.907019557431340218e-04
7.097668051719665527e-01 1.330569619312882423e-03
7.186832427978515625e-01 1.661256421357393265e-03
7.277162671089172363e-01 1.983138034120202065e-03
7.369173169136047363e-01 2.297641709446907043e-03
7.462404370307922363e-01 2.602309454232454300e-03
7.553924918174743652e-01 2.887231064960360527e-03
7.642922401428222656e-01 3.149157622829079628e-03
7.729897499084472656e-01 3.390114987269043922e-03
7.814265489578247070e-01 3.609307808801531792e-03
7.895882725715637207e-01 3.807382192462682724e-03
7.975326180458068848e-01 3.985470626503229141e-03
8.054616451263427734e-01 4.147969186305999756e-03
8.134295940399169922e-01 4.296837840229272842e-03
8.214791417121887207e-01 4.432496149092912674e-03
8.295274972915649414e-01 4.552155733108520508e-03
8.376337885856628418e-01 4.657178651541471481e-03
8.457913994789123535e-01 4.746377468109130859e-03
8.538684248924255371e-01 4.817444365471601486e-03
8.618465662002563477e-01 4.868349991738796234e-03
8.697844147682189941e-01 4.899299237877130508e-03
8.777938485145568848e-01 4.908602219074964523e-03
8.858594894409179688e-01 4.891710821539163589e-03
8.940041065216064453e-01 4.845882300287485123e-03
9.021673798561096191e-01 4.769494757056236267e-03
9.102851152420043945e-01 4.662801511585712433e-03
9.184424281120300293e-01 4.511645529419183731e-03
9.268380999565124512e-01 4.303370136767625809e-03
9.346141219139099121e-01 4.081741441041231155e-03
9.419236183166503906e-01 3.842663951218128204e-03
9.490123987197875977e-01 3.571240929886698723e-03
9.561491012573242188e-01 3.242742968723177910e-03
9.596951603889465332e-01 3.054862376302480698e-03
9.673363566398620605e-01 2.582255983725190163e-03
9.760935306549072266e-01 1.944282208569347858e-03
9.864273071289062500e-01 1.097452826797962189e-03
9.987983703613281250e-01 -1.720515456327120773e-06
