9.998071193695068359e-01 1.762363353918772191e-05
9.944012165069580078e-01 1.437670318409800529e-03
9.870179295539855957e-01 2.947587985545396805e-03
9.781571626663208008e-01 4.494733642786741257e-03
9.683188199996948242e-01 6.026464514434337616e-03
9.531960487365722656e-01 8.128223940730094910e-03
9.433975219726562500e-01 9.349435567855834961e-03
9.341076016426086426e-01 1.041243504732847214e-02
9.253621101379394531e-01 1.132489740848541260e-02
9.172317981719970703e-01 1.209351699799299240e-02
9.085781574249267578e-01 1.288217492401599884e-02
8.997642397880554199e-01 1.365017984062433243e-02
8.907426595687866211e-01 1.441167946904897690e-02
8.815733790397644043e-01 1.516391336917877197e-02
8.722698092460632324e-01 1.590807735919952393e-02
8.629683256149291992e-01 1.663626171648502350e-02
8.538551926612854004e-01 1.733595877885818481e-02
8.447758555412292480e-01 1.802230812609195709e-02
8.357686400413513184e-01 1.869316212832927704e-02
8.267739415168762207e-01 1.935524493455886841e-02
8.177877664566040039e-01 2.000922709703445435e-02
8.087844848632812500e-01 2.065822668373584747e-02
7.998120784759521484e-01 2.129985578358173370e-02
7.908838391304016113e-01 2.193394489586353302e-02
7.822516560554504395e-01 2.254314534366130829e-02
7.740072607994079590e-01 2.312134951353073120e-02
7.661114335060119629e-01 2.367236651480197906e-02
7.585816383361816406e-01 2.419524453580379486e-02
7.513420581817626953e-01 2.469570748507976532e-02
7.441865205764770508e-01 2.518818154931068420e-02
7.370532155036926270e-01 2.567732892930507660e-02
7.298347949981689453e-01 2.617058530449867249e-02
7.223855257034301758e-01 2.667786367237567902e-02
7.146546840667724609e-01 2.720210142433643341e-02
7.065651416778564453e-01 2.774841710925102234e-02
6.981976628303527832e-01 2.831120043992996216e-02
6.896410584449768066e-01 2.888431213796138763e-02
6.809479594230651855e-01 2.946397848427295685e-02
6.721413135528564453e-01 3.004852682352066040e-02
6.634942293167114258e-01 3.061966598033905029e-02
6.549599170684814453e-01 3.118012472987174988e-02
6.464729905128479004e-01 3.173405304551124573e-02
6.379138827323913574e-01 3.228905797004699707e-02
6.293058991432189941e-01 3.284348547458648682e-02
6.207002401351928711e-01 3.339381143450737000e-02
6.121193766593933105e-01 3.393839672207832336e-02
6.036155819892883301e-01 3.447414562106132507e-02
5.952294468879699707e-01 3.499814122915267944e-02
5.869961380958557129e-01 3.550724312663078308e-02
5.787746310234069824e-01 3.601027280092239380e-02
5.704892873764038086e-01 3.651147708296775818e-02
5.620441436767578125e-01 3.701646253466606140e-02
5.534318089485168457e-01 3.752497583627700806e-02
5.446028709411621094e-01 3.803900629281997681e-02
5.355508923530578613e-01 3.855778276920318604e-02
5.263692140579223633e-01 3.907477855682373047e-02
5.170488953590393066e-01 3.958946838974952698e-02
5.076676607131958008e-01 4.009778797626495361e-02
4.983444809913635254e-01 4.059296473860740662e-02
4.891086816787719727e-01 4.107254371047019958e-02
4.799792766571044922e-01 4.153471812605857849e-02
4.709450006484985352e-01 4.197966679930686951e-02
4.618651568889617920e-01 4.241307079792022705e-02
4.526822566986083984e-01 4.283737763762474060e-02
4.433802366256713867e-01 4.325269162654876709e-02
4.339499771595001221e-01 4.365917295217514038e-02
4.246081411838531494e-01 4.404734820127487183e-02
4.154085814952850342e-01 4.441348835825920105e-02
4.064515531063079834e-01 4.475469887256622314e-02
3.978126049041748047e-01 4.506827145814895630e-02
3.895021378993988037e-01 4.535431787371635437e-02
3.813764750957489014e-01 4.561865702271461487e-02
3.733876943588256836e-01 4.586297646164894104e-02
3.654654026031494141e-01 4.609030485153198242e-02
3.575320541858673096e-01 4.630237072706222534e-02
3.496069610118865967e-01 4.649763926863670349e-02
3.415628373622894287e-01 4.667910933494567871e-02
3.335165381431579590e-01 4.684299975633621216e-02
3.254948556423187256e-01 4.698815941810607910e-02
3.175322413444519043e-01 4.711354523897171021e-02
3.096819519996643066e-01 4.722042754292488098e-02
3.019317090511322021e-01 4.730753973126411438e-02
2.941929399967193604e-01 4.737299308180809021e-02
2.862792611122131348e-01 4.741484671831130981e-02
2.780667245388031006e-01 4.743032529950141907e-02
2.694832384586334229e-01 4.741910845041275024e-02
2.605708539485931396e-01 4.737729579210281372e-02
2.514059245586395264e-01 4.730299860239028931e-02
2.421183735132217407e-01 4.719169437885284424e-02
2.329751104116439819e-01 4.704339057207107544e-02
2.240196615457534790e-01 4.685559496283531189e-02
2.153034806251525879e-01 4.662973061203956604e-02
2.069060951471328735e-01 4.637441039085388184e-02
1.989173889160156250e-01 4.609857872128486633e-02
1.913396269083023071e-01 4.580346867442131042e-02
1.839673370122909546e-01 4.547670483589172363e-02
1.765813529491424561e-01 4.510184749960899353e-02
1.688864827156066895e-01 4.465501382946968079e-02
1.607791483402252197e-01 4.412360489368438721e-02
1.521025747060775757e-01 4.349153116345405579e-02
1.430273503065109253e-01 4.276377335190773010e-02
1.340329945087432861e-01 4.198259860277175903e-02
1.254699975252151489e-01 4.117464274168014526e-02
1.174531802535057068e-01 4.034565761685371399e-02
1.098345890641212463e-01 3.947165608406066895e-02
1.023322343826293945e-01 3.849920630455017090e-02
9.455028921365737915e-02 3.735188394784927368e-02
8.631727844476699829e-02 3.599517419934272766e-02
7.751592993736267090e-02 3.440083563327789307e-02
6.833716481924057007e-02 3.255620598793029785e-02
5.946909636259078979e-02 3.063246607780456543e-02
5.125158280134201050e-02 2.868949249386787415e-02
4.387824237346649170e-02 2.675165794789791107e-02
3.732615709304809570e-02 2.478008344769477844e-02
3.141258284449577332e-02 2.273469604551792145e-02
2.588744461536407471e-02 2.053535543382167816e-02
2.067304961383342743e-02 1.815179176628589630e-02
1.568033918738365173e-02 1.554535329341888428e-02
1.099776476621627808e-02 1.274677738547325134e-02
7.153696846216917038e-03 1.004739571362733841e-02
4.188850056380033493e-03 7.512099575251340866e-03
2.125527942553162575e-03 5.233651492744684219e-03
8.568182238377630711e-04 3.277775831520557404e-03
2.199831069447100163e-04 1.741714426316320896e-03
-4.541614543995819986e-06 5.871083703823387623e-04
3.333415952511131763e-05 -2.726293168962001801e-04
1.821071928134188056e-04 -9.756881627254188061e-04
3.775818622671067715e-04 -1.605206285603344440e-03
7.281466969288885593e-04 -2.173629356548190117e-03
1.147328759543597698e-03 -2.786719938740134239e-03
1.590032246895134449e-03 -3.445313312113285065e-03
2.049140864983201027e-03 -4.134749062359333038e-03
2.591656986624002457e-03 -4.824013449251651764e-03
3.431714139878749847e-03 -5.556179676204919815e-03
4.710260313004255295e-03 -6.372273899614810944e-03
6.624663248658180237e-03 -7.301668170839548111e-03
9.368039667606353760e-03 -8.337097242474555969e-03
1.319602970033884048e-02 -9.464445523917675018e-03
1.820777729153633118e-02 -1.061297953128814697e-02
2.434596419334411621e-02 -1.167618390172719955e-02
3.147895261645317078e-02 -1.258062943816184998e-02
3.944857418537139893e-02 -1.328765694051980972e-02
4.812921956181526184e-02 -1.379705313593149185e-02
5.706281587481498718e-02 -1.411422435194253922e-02
6.595290452241897583e-02 -1.426830142736434937e-02
7.452933490276336670e-02 -1.429982762783765793e-02
8.269303292036056519e-02 -1.425444986671209335e-02
9.046402573585510254e-02 -1.414774637669324875e-02
9.793093800544738770e-02 -1.398740708827972412e-02
1.052385494112968445e-01 -1.378669403493404388e-02
1.125693917274475098e-01 -1.355643756687641144e-02
1.201282292604446411e-01 -1.330035645514726639e-02
1.278894841670989990e-01 -1.301248744130134583e-02
1.357987970113754272e-01 -1.269946619868278503e-02
1.437940448522567749e-01 -1.236378308385610580e-02
1.517396718263626099e-01 -1.201426982879638672e-02
1.597833037376403809e-01 -1.164515409618616104e-02
1.679559946060180664e-01 -1.125704590231180191e-02
1.763018965721130371e-01 -1.084901764988899231e-02
1.848015934228897095e-01 -1.042377669364213943e-02
1.936575323343276978e-01 -9.972383268177509308e-03
2.026488482952117920e-01 -9.508078917860984802e-03
2.116378843784332275e-01 -9.039190597832202911e-03
2.206840962171554565e-01 -8.563462644815444946e-03
2.297508567571640015e-01 -8.084208704531192780e-03
2.390558719635009766e-01 -7.591343950480222702e-03
2.486691772937774658e-01 -7.082037162035703659e-03
2.584202289581298828e-01 -6.566280499100685120e-03
2.680675983428955078e-01 -6.057795602828264236e-03
2.776382565498352051e-01 -5.556040909141302109e-03
2.867195904254913330e-01 -5.083304829895496368e-03
2.953822910785675049e-01 -4.636618774384260178e-03
3.038136661052703857e-01 -4.206913989037275314e-03
3.121969103813171387e-01 -3.785134060308337212e-03
3.205873072147369385e-01 -3.367875702679157257e-03
3.290470242500305176e-01 -2.951746806502342224e-03
3.373416662216186523e-01 -2.548632910475134850e-03
3.453734517097473145e-01 -2.163403900340199471e-03
3.532408773899078369e-01 -1.791675691492855549e-03
3.609319925308227539e-01 -1.434948295354843140e-03
3.687137067317962646e-01 -1.080782851204276085e-03
3.767883479595184326e-01 -7.201918633654713631e-04
3.852584362030029297e-01 -3.488720976747572422e-04
3.938873410224914551e-01 2.269909418828319758e-05
4.026038348674774170e-01 3.912959364242851734e-04
4.112592637538909912e-01 7.495393510907888412e-04
4.197878241539001465e-01 1.094306120648980141e-03
4.282633364200592041e-01 1.428186893463134766e-03
4.366833865642547607e-01 1.751453382894396782e-03
4.451727569103240967e-01 2.069078152999281883e-03
4.538454115390777588e-01 2.385284285992383957e-03
4.626986086368560791e-01 2.699705772101879120e-03
4.715006649494171143e-01 3.003949299454689026e-03
4.802348613739013672e-01 3.297594608739018440e-03
4.888459146022796631e-01 3.579045878723263741e-03
4.973088204860687256e-01 3.847392508760094643e-03
5.055816173553466797e-01 4.102222621440887451e-03
5.135855674743652344e-01 4.341384861618280411e-03
5.214223265647888184e-01 4.568661563098430634e-03
5.292450785636901855e-01 4.788542632013559341e-03
5.369758605957031250e-01 4.999826196581125259e-03
5.445251464843750000e-01 5.200223531574010849e-03
5.520544052124023438e-01 5.394050851464271545e-03
5.596601366996765137e-01 5.583452526479959488e-03
5.674563050270080566e-01 5.770956166088581085e-03
5.754173994064331055e-01 5.955473985522985458e-03
5.835878252983093262e-01 6.137588527053594589e-03
5.920224785804748535e-01 6.318436935544013977e-03
6.006276607513427734e-01 6.496635265648365021e-03
6.090755462646484375e-01 6.665063090622425079e-03
6.173124909400939941e-01 6.822259631007909775e-03
6.255345940589904785e-01 6.971196737140417099e-03
6.338279247283935547e-01 7.113029249012470245e-03
6.422914862632751465e-01 7.249244488775730133e-03
6.509807109832763672e-01 7.380255032330751419e-03
6.599364876747131348e-01 7.506833877414464951e-03
6.690080165863037109e-01 7.627387065440416336e-03
6.778715848922729492e-01 7.737602107226848602e-03
6.863905787467956543e-01 7.834382355213165283e-03
6.946282982826232910e-01 7.918390445411205292e-03
7.027658820152282715e-01 7.991669699549674988e-03
7.108402252197265625e-01 8.054726757109165192e-03
7.189788222312927246e-01 8.108673617243766785e-03
7.273377776145935059e-01 8.154015056788921356e-03
7.359398603439331055e-01 8.190046995878219604e-03
7.445563077926635742e-01 8.215881884098052979e-03
7.531162500381469727e-01 8.229308761656284332e-03
7.617370486259460449e-01 8.229499682784080505e-03
7.705029249191284180e-01 8.214411325752735138e-03
7.794727683067321777e-01 8.182520978152751923e-03
7.886432409286499023e-01 8.131331764161586761e-03
7.980438470840454102e-01 8.059813641011714935e-03
8.076805472373962402e-01 7.966999895870685577e-03
8.174347281455993652e-01 7.851345464587211609e-03
8.269805312156677246e-01 7.715654093772172928e-03
8.362966775894165039e-01 7.560271304100751877e-03
8.454084992408752441e-01 7.383524440228939056e-03
8.543504476547241211e-01 7.184428628534078598e-03
8.631609082221984863e-01 6.961464416235685349e-03
8.719351291656494141e-01 6.711634807288646698e-03
8.806716203689575195e-01 6.436423864215612411e-03
8.894282579421997070e-01 6.133816670626401901e-03
8.982192873954772949e-01 5.802052561193704605e-03
9.068803191184997559e-01 5.446515511721372604e-03
9.154728055000305176e-01 5.066059995442628860e-03
9.241591691970825195e-01 4.651029594242572784e-03
9.332082271575927734e-01 4.189421422779560089e-03
9.417220354080200195e-01 3.738492494449019432e-03
9.498099088668823242e-01 3.295979462563991547e-03
9.575154781341552734e-01 2.859858097508549690e-03
9.649729132652282715e-01 2.421148819848895073e-03
9.684985280036926270e-01 2.206615870818495750e-03
9.755895137786865234e-01 1.752763055264949799e-03
9.829479455947875977e-01 1.247680047526955605e-03
9.908309578895568848e-01 6.695496849715709686e-04
9.994958043098449707e-01 -3.445129323154105805e-06
