9.998427629470825195e-01 -5.620304364128969610e-07
9.937130212783813477e-01 1.102527021430432796e-03
9.859025478363037109e-01 2.267897827550768852e-03
9.768581986427307129e-01 3.462165128439664841e-03
9.670269489288330078e-01 4.651942756026983261e-03
9.521826505661010742e-01 6.314999423921108246e-03
9.426426291465759277e-01 7.319876924157142639e-03
9.335078001022338867e-01 8.241528645157814026e-03
9.248194098472595215e-01 9.082443080842494965e-03
9.166249632835388184e-01 9.842269122600555420e-03
9.078516960144042969e-01 1.063986495137214661e-02
8.988973498344421387e-01 1.143540348857641220e-02
8.899571299552917480e-01 1.221682690083980560e-02
8.812946081161499023e-01 1.296057924628257751e-02
8.729988932609558105e-01 1.366262882947921753e-02
8.650924563407897949e-01 1.432282198220491409e-02
8.575555682182312012e-01 1.494438387453556061e-02
8.501375913619995117e-01 1.554941013455390930e-02
8.426035642623901367e-01 1.615746133029460907e-02
8.346205949783325195e-01 1.679587550461292267e-02
8.261532187461853027e-01 1.746776700019836426e-02
8.173088431358337402e-01 1.816412992775440216e-02
8.082708120346069336e-01 1.887086592614650726e-02
7.991931438446044922e-01 1.957573741674423218e-02
7.902679443359375000e-01 2.026393450796604156e-02
7.815569639205932617e-01 2.093040756881237030e-02
7.730104327201843262e-01 2.157948352396488190e-02
7.644782662391662598e-01 2.222273685038089752e-02
7.557802200317382812e-01 2.287421748042106628e-02
7.470172643661499023e-01 2.352653071284294128e-02
7.381802797317504883e-01 2.418038994073867798e-02
7.293809652328491211e-01 2.482740767300128937e-02
7.205473184585571289e-01 2.547240816056728363e-02
7.117532491683959961e-01 2.610974200069904327e-02
7.029387354850769043e-01 2.674368210136890411e-02
6.942034959793090820e-01 2.736729197204113007e-02
6.854260563850402832e-01 2.798902988433837891e-02
6.767403483390808105e-01 2.859985828399658203e-02
6.682244539260864258e-01 2.919364348053932190e-02
6.599828004837036133e-01 2.976373583078384399e-02
6.519285440444946289e-01 3.031538054347038269e-02
6.439799666404724121e-01 3.085482120513916016e-02
6.361418962478637695e-01 3.138163685798645020e-02
6.283463835716247559e-01 3.190059587359428406e-02
6.205470561981201172e-01 3.241402655839920044e-02
6.125611066818237305e-01 3.293384239077568054e-02
6.045082807540893555e-01 3.345155715942382812e-02
5.963053107261657715e-01 3.397223353385925293e-02
5.880336761474609375e-01 3.448958322405815125e-02
5.795922875404357910e-01 3.501013666391372681e-02
5.711717009544372559e-01 3.552161529660224915e-02
5.629026889801025391e-01 3.601634502410888672e-02
5.547856092453002930e-01 3.649358078837394714e-02
5.467579960823059082e-01 3.695713728666305542e-02
5.387374162673950195e-01 3.741142526268959045e-02
5.306603312492370605e-01 3.785883262753486633e-02
5.223197340965270996e-01 3.830989450216293335e-02
5.135620832443237305e-01 3.877136856317520142e-02
5.043435096740722656e-01 3.924424201250076294e-02
4.947620332241058350e-01 3.972097486257553101e-02
4.850696325302124023e-01 4.018899425864219666e-02
4.753465056419372559e-01 4.064340889453887939e-02
4.657899737358093262e-01 4.107424244284629822e-02
4.564986824989318848e-01 4.147620126605033875e-02
4.475827813148498535e-01 4.184595122933387756e-02
4.389279782772064209e-01 4.218811914324760437e-02
4.305937290191650391e-01 4.250448569655418396e-02
4.223578870296478271e-01 4.280114173889160156e-02
4.142823815345764160e-01 4.307958483695983887e-02
4.063451588153839111e-01 4.333860799670219421e-02
3.983662724494934082e-01 4.358506575226783752e-02
3.900876641273498535e-01 4.382172599434852600e-02
3.813089132308959961e-01 4.405121877789497375e-02
3.720447421073913574e-01 4.427013546228408813e-02
3.623369038105010986e-01 4.447853192687034607e-02
3.525497615337371826e-01 4.466694220900535583e-02
3.425583243370056152e-01 4.483561217784881592e-02
3.328263759613037109e-01 4.497264698147773743e-02
3.233533203601837158e-01 4.507637768983840942e-02
3.141826391220092773e-01 4.514638334512710571e-02
3.050776422023773193e-01 4.518719762563705444e-02
2.959580719470977783e-01 4.519929364323616028e-02
2.869020402431488037e-01 4.518381506204605103e-02
2.781214118003845215e-01 4.514373838901519775e-02
2.696736156940460205e-01 4.507718607783317566e-02
2.614088058471679688e-01 4.498669132590293884e-02
2.533922791481018066e-01 4.486779496073722839e-02
2.454875409603118896e-01 4.472108185291290283e-02
2.375814318656921387e-01 4.454155266284942627e-02
2.295603901147842407e-01 4.432961344718933105e-02
2.213401198387145996e-01 4.408023878931999207e-02
2.130466997623443604e-01 4.379467293620109558e-02
2.047794312238693237e-01 4.346939548850059509e-02
1.965681314468383789e-01 4.310763999819755554e-02
1.884896904230117798e-01 4.271151870489120483e-02
1.805925071239471436e-01 4.228455573320388794e-02
1.729017645120620728e-01 4.182658717036247253e-02
1.653193086385726929e-01 4.133060574531555176e-02
1.577968895435333252e-01 4.078689217567443848e-02
1.502555757761001587e-01 4.019226878881454468e-02
1.427306979894638062e-01 3.954891487956047058e-02
1.351021677255630493e-01 3.884199261665344238e-02
1.274069249629974365e-01 3.806570172309875488e-02
1.196716651320457458e-01 3.721619397401809692e-02
1.119823455810546875e-01 3.629718348383903503e-02
1.044178828597068787e-01 3.532305732369422913e-02
9.691552817821502686e-02 3.427656367421150208e-02
8.942019194364547729e-02 3.313935920596122742e-02
8.201464265584945679e-02 3.191816061735153198e-02
7.469379156827926636e-02 3.060094639658927917e-02
6.727467477321624756e-02 2.912900410592556000e-02
5.971215665340423584e-02 2.746397256851196289e-02
5.212767049670219421e-02 2.564385533332824707e-02
4.467168822884559631e-02 2.367811650037765503e-02
3.756961971521377563e-02 2.162152156233787537e-02
3.084976039826869965e-02 1.945798099040985107e-02
2.464010007679462433e-02 1.720177382230758667e-02
1.912155188620090485e-02 1.488744001835584641e-02
1.431525126099586487e-02 1.252519432455301285e-02
1.013263314962387085e-02 1.011716667562723160e-02
6.616322789341211319e-03 7.747569587081670761e-03
3.916512243449687958e-03 5.587812513113021851e-03
1.985965529456734657e-03 3.708224045112729073e-03
7.941743824630975723e-04 2.216203371062874794e-03
1.370280806440860033e-04 1.099370885640382767e-03
-1.222475984832271934e-04 3.143895592074841261e-04
-1.285789476241916418e-04 -2.329623966943472624e-04
-3.389343328308314085e-05 -6.650832365266978741e-04
4.539165820460766554e-05 -1.084546092897653580e-03
1.170927353086881340e-04 -1.552066416479647160e-03
3.180827479809522629e-04 -2.110553439706563950e-03
6.378655671142041683e-04 -2.790331374853849411e-03
1.187672489322721958e-03 -3.566142637282609940e-03
1.987704774364829063e-03 -4.428352694958448410e-03
3.216364653781056404e-03 -5.377230700105428696e-03
5.154207814484834671e-03 -6.405366118997335434e-03
7.902402430772781372e-03 -7.474765181541442871e-03
1.161902956664562225e-02 -8.535894565284252167e-03
1.638184487819671631e-02 -9.558018296957015991e-03
2.230891771614551544e-02 -1.052639819681644440e-02
2.905670367181301117e-02 -1.137979701161384583e-02
3.636745363473892212e-02 -1.209200825542211533e-02
4.387140274047851562e-02 -1.264489442110061646e-02
5.153514817357063293e-02 -1.306326407939195633e-02
5.938239395618438721e-02 -1.337217725813388824e-02
6.724640727043151855e-02 -1.358396466821432114e-02
7.528159022331237793e-02 -1.372243463993072510e-02
8.352464437484741211e-02 -1.381250750273466110e-02
9.209145605564117432e-02 -1.387292426079511642e-02
1.007168889045715332e-01 -1.389523502439260483e-02
1.093797013163566589e-01 -1.388518791645765305e-02
1.180653050541877747e-01 -1.384008023887872696e-02
1.269148588180541992e-01 -1.376702543348073959e-02
1.358876824378967285e-01 -1.367017533630132675e-02
1.449009180068969727e-01 -1.354978233575820923e-02
1.539322733879089355e-01 -1.341304555535316467e-02
1.628425121307373047e-01 -1.326386444270610809e-02
1.715907603502273560e-01 -1.310544554144144058e-02
1.800458580255508423e-01 -1.293959654867649078e-02
1.882525682449340820e-01 -1.276803761720657349e-02
1.962667405605316162e-01 -1.259193290024995804e-02
2.042224258184432983e-01 -1.240980159491300583e-02
2.120942473411560059e-01 -1.222330145537853241e-02
2.200621217489242554e-01 -1.202862896025180817e-02
2.281368672847747803e-01 -1.182570494711399078e-02
2.363319694995880127e-01 -1.161446049809455872e-02
2.446276992559432983e-01 -1.139597035944461823e-02
2.529003918170928955e-01 -1.117409113794565201e-02
2.610646784305572510e-01 -1.095162332057952881e-02
2.690697014331817627e-01 -1.073028706014156342e-02
2.770251631736755371e-01 -1.050726417452096939e-02
2.849596142768859863e-01 -1.028186175972223282e-02
2.932122945785522461e-01 -1.004476100206375122e-02
3.018653094768524170e-01 -9.793804027140140533e-03
3.108379840850830078e-01 -9.531778283417224884e-03
3.199398219585418701e-01 -9.264581836760044098e-03
3.289303779602050781e-01 -8.999458514153957367e-03
3.376706540584564209e-01 -8.740688674151897430e-03
3.460540473461151123e-01 -8.491684682667255402e-03
3.540710806846618652e-01 -8.253023959696292877e-03
3.618552982807159424e-01 -8.021005429327487946e-03
3.697454631328582764e-01 -7.785941939800977707e-03
3.778807818889617920e-01 -7.543887011706829071e-03
3.861545026302337646e-01 -7.298184558749198914e-03
3.945760726928710938e-01 -7.048760075122117996e-03
4.031183123588562012e-01 -6.796615663915872574e-03
4.116855859756469727e-01 -6.544696632772684097e-03
4.201268255710601807e-01 -6.297588814049959183e-03
4.283425211906433105e-01 -6.058418191969394684e-03
4.363798499107360840e-01 -5.825790576636791229e-03
4.443782567977905273e-01 -5.595814902335405350e-03
4.524197280406951904e-01 -5.366314668208360672e-03
4.604823291301727295e-01 -5.138108041137456894e-03
4.687147438526153564e-01 -4.907019436359405518e-03
4.771665334701538086e-01 -4.671848844736814499e-03
4.857378900051116943e-01 -4.435487557202577591e-03
4.943894445896148682e-01 -4.199272021651268005e-03
5.031230449676513672e-01 -3.963451832532882690e-03
5.118711590766906738e-01 -3.729972988367080688e-03
5.207288265228271484e-01 -3.496549325063824654e-03
5.296151041984558105e-01 -3.265257691964507103e-03
5.383703112602233887e-01 -3.040041076019406319e-03
5.469644665718078613e-01 -2.821564674377441406e-03
5.553236603736877441e-01 -2.611574484035372734e-03
5.633755922317504883e-01 -2.411895431578159332e-03
5.712355375289916992e-01 -2.219596877694129944e-03
5.790783762931823730e-01 -2.030414296314120293e-03
5.870526432991027832e-01 -1.840930781327188015e-03
5.953271389007568359e-01 -1.646846649236977100e-03
6.038092374801635742e-01 -1.450418727472424507e-03
6.124199628829956055e-01 -1.253678579814732075e-03
6.212607622146606445e-01 -1.054779393598437309e-03
6.302447915077209473e-01 -8.559752022847533226e-04
6.393299698829650879e-01 -6.584110669791698456e-04
6.485616564750671387e-01 -4.612667544279247522e-04
6.580040454864501953e-01 -2.633711847010999918e-04
6.675895452499389648e-01 -6.601469067391008139e-05
6.771250367164611816e-01 1.269326457986608148e-04
6.865135431289672852e-01 3.130976110696792603e-04
6.957889795303344727e-01 4.928809357807040215e-04
7.050741910934448242e-01 6.686905981041491032e-04
7.143085002899169922e-01 8.391294977627694607e-04
7.234569191932678223e-01 1.003800542093813419e-03
7.325890064239501953e-01 1.163930515758693218e-03
7.417002320289611816e-01 1.319497241638600826e-03
7.505659461021423340e-01 1.466924790292978287e-03
7.591242194175720215e-01 1.604759716428816319e-03
7.675639986991882324e-01 1.735588884912431240e-03
7.760880589485168457e-01 1.861967262811958790e-03
7.848271131515502930e-01 1.985432812944054604e-03
7.938755750656127930e-01 2.106166211888194084e-03
8.032243847846984863e-01 2.223126823082566261e-03
8.128810524940490723e-01 2.335620811209082603e-03
8.226354122161865234e-01 2.440107287839055061e-03
8.321547508239746094e-01 2.531746635213494301e-03
8.413547277450561523e-01 2.609240124002099037e-03
8.502511978149414062e-01 2.671941183507442474e-03
8.588401675224304199e-01 2.719468204304575920e-03
8.671483397483825684e-01 2.751083578914403915e-03
8.753204345703125000e-01 2.766496501863002777e-03
8.834076523780822754e-01 2.765137003734707832e-03
8.914850950241088867e-01 2.745787845924496651e-03
8.995345830917358398e-01 2.706148196011781693e-03
9.075227379798889160e-01 2.644073683768510818e-03
9.154929518699645996e-01 2.557905856519937515e-03
9.236403107643127441e-01 2.438520314171910286e-03
9.321901202201843262e-01 2.280058572068810463e-03
9.402601122856140137e-01 2.110829576849937439e-03
9.479678869247436523e-01 1.930756261572241783e-03
9.553901553153991699e-01 1.738055725581943989e-03
9.626523852348327637e-01 1.527512329630553722e-03
9.661177396774291992e-01 1.417851657606661320e-03
9.732242822647094727e-01 1.166999340057373047e-03
9.808219075202941895e-01 8.609608630649745464e-04
9.892188906669616699e-01 4.839618341065943241e-04
9.987232089042663574e-01 2.022806256718467921e-05
