9.987235665321350098e-01 2.314041368663311005e-03
9.904514551162719727e-01 5.139579065144062042e-03
9.829902648925781250e-01 7.413113024085760117e-03
9.761046171188354492e-01 9.252245537936687469e-03
9.695591926574707031e-01 1.077458169311285019e-02
9.598035216331481934e-01 1.276092510670423508e-02
9.528506398200988770e-01 1.409205049276351929e-02
9.454643130302429199e-01 1.548362523317337036e-02
9.378422498703002930e-01 1.690865680575370789e-02
9.301763176918029785e-01 1.832065545022487640e-02
9.223008751869201660e-01 1.972674764692783356e-02
9.143664240837097168e-01 2.110568620264530182e-02
9.065528512001037598e-01 2.242275141179561615e-02
8.986433148384094238e-01 2.371945418417453766e-02
8.908165097236633301e-01 2.496902644634246826e-02
8.830695152282714844e-01 2.617370150983333588e-02
8.755581974983215332e-01 2.731504663825035095e-02
8.682761788368225098e-01 2.839364111423492432e-02
8.611305356025695801e-01 2.942819893360137939e-02
8.541376590728759766e-01 3.041506372392177582e-02
8.469674587249755859e-01 3.140143677592277527e-02
8.392819166183471680e-01 3.242619708180427551e-02
8.308047652244567871e-01 3.352640569210052490e-02
8.215910792350769043e-01 3.468886017799377441e-02
8.116780519485473633e-01 3.590736910700798035e-02
8.013623952865600586e-01 3.714046999812126160e-02
7.907725572586059570e-01 3.837038949131965637e-02
7.802681922912597656e-01 3.955370560288429260e-02
7.702491283416748047e-01 4.064901918172836304e-02
7.607133388519287109e-01 4.166037961840629578e-02
7.515980005264282227e-01 4.260101169347763062e-02
7.428663372993469238e-01 4.347756877541542053e-02
7.344740033149719238e-01 4.429846256971359253e-02
7.262061834335327148e-01 4.508643969893455505e-02
7.178059220314025879e-01 4.586571082472801208e-02
7.089639306068420410e-01 4.666518047451972961e-02
6.996541619300842285e-01 4.748435690999031067e-02
6.900798082351684570e-01 4.830453917384147644e-02
6.802535057067871094e-01 4.912573471665382385e-02
6.704664826393127441e-01 4.992451891303062439e-02
6.607928872108459473e-01 5.069247633218765259e-02
6.514903306961059570e-01 5.140994489192962646e-02
6.425240039825439453e-01 5.208097398281097412e-02
6.338697075843811035e-01 5.271075293421745300e-02
6.254205107688903809e-01 5.330981314182281494e-02
6.172487735748291016e-01 5.387582629919052124e-02
6.095271706581115723e-01 5.439867079257965088e-02
6.022738218307495117e-01 5.488010123372077942e-02
5.954927206039428711e-01 5.531979724764823914e-02
5.889528393745422363e-01 5.573501065373420715e-02
5.825006961822509766e-01 5.613368749618530273e-02
5.759460926055908203e-01 5.652975291013717651e-02
5.691106319427490234e-01 5.693340301513671875e-02
5.617704987525939941e-01 5.735674127936363220e-02
5.539294481277465820e-01 5.779692903161048889e-02
5.458887815475463867e-01 5.823745951056480408e-02
5.377294421195983887e-01 5.867226421833038330e-02
5.295410752296447754e-01 5.909607559442520142e-02
5.214481353759765625e-01 5.950272455811500549e-02
5.134157538414001465e-01 5.989355593919754028e-02
5.054928064346313477e-01 6.026510521769523621e-02
4.974573254585266113e-01 6.062722206115722656e-02
4.890445768833160400e-01 6.099101901054382324e-02
4.802197217941284180e-01 6.135718896985054016e-02
4.712782800197601318e-01 6.171268597245216370e-02
4.622147381305694580e-01 6.205870956182479858e-02
4.531152844429016113e-01 6.238972023129463196e-02
4.441342353820800781e-01 6.269875913858413696e-02
4.352404177188873291e-01 6.298565864562988281e-02
4.264402389526367188e-01 6.324958801269531250e-02
4.175241589546203613e-01 6.349638104438781738e-02
4.085320830345153809e-01 6.372909992933273315e-02
3.995283544063568115e-01 6.394517421722412109e-02
3.906345963478088379e-01 6.413920968770980835e-02
3.817462623119354248e-01 6.431190669536590576e-02
3.726354539394378662e-01 6.446260213851928711e-02
3.632800877094268799e-01 6.458906084299087524e-02
3.535934984683990479e-01 6.469137221574783325e-02
3.437294960021972656e-01 6.476970016956329346e-02
3.337805271148681641e-01 6.482400000095367432e-02
3.242706656455993652e-01 6.485387682914733887e-02
3.151330053806304932e-01 6.485347449779510498e-02
3.063081502914428711e-01 6.481939554214477539e-02
2.974559068679809570e-01 6.474460661411285400e-02
2.881848812103271484e-01 6.462457776069641113e-02
2.783699035644531250e-01 6.445310264825820923e-02
2.680577635765075684e-01 6.423197686672210693e-02
2.576215267181396484e-01 6.396803259849548340e-02
2.473690211772918701e-01 6.366585195064544678e-02
2.377399057149887085e-01 6.332886219024658203e-02
2.286453992128372192e-01 6.295853853225708008e-02
2.201253771781921387e-01 6.255911290645599365e-02
2.118336111307144165e-01 6.211552023887634277e-02
2.034886181354522705e-01 6.161227449774742126e-02
1.948282420635223389e-01 6.102588772773742676e-02
1.858555823564529419e-01 6.034889817237854004e-02
1.766829192638397217e-01 5.957924202084541321e-02
1.674308925867080688e-01 5.872264504432678223e-02
1.583268940448760986e-01 5.779622122645378113e-02
1.497256755828857422e-01 5.684798583388328552e-02
1.419114321470260620e-01 5.591430887579917908e-02
1.347761303186416626e-01 5.498436465859413147e-02
1.282798349857330322e-01 5.406728014349937439e-02
1.220938712358474731e-01 5.311575159430503845e-02
1.160153374075889587e-01 5.210001021623611450e-02
1.097279340028762817e-01 5.095800757408142090e-02
1.031588539481163025e-01 4.968796670436859131e-02
9.629620611667633057e-02 4.826975613832473755e-02
8.941683918237686157e-02 4.674445465207099915e-02
8.265326172113418579e-02 4.513420909643173218e-02
7.597915828227996826e-02 4.341432824730873108e-02
6.956383585929870605e-02 4.161092266440391541e-02
6.322698295116424561e-02 3.965218737721443176e-02
5.699918419122695923e-02 3.754001855850219727e-02
5.091274157166481018e-02 3.531818836927413940e-02
4.523542523384094238e-02 3.310143947601318359e-02
4.003471136093139648e-02 3.094284050166606903e-02
3.550035506486892700e-02 2.892868779599666595e-02
3.162104263901710510e-02 2.706337720155715942e-02
2.829880081117153168e-02 2.534769661724567413e-02
2.540559135377407074e-02 2.371702343225479126e-02
2.261597290635108948e-02 2.205468527972698212e-02
1.982555910944938660e-02 2.030120231211185455e-02
1.704420708119869232e-02 1.844276487827301025e-02
1.429805159568786621e-02 1.640586182475090027e-02
1.159312576055526733e-02 1.417938061058521271e-02
8.971678093075752258e-03 1.178017817437648773e-02
6.414101924747228622e-03 9.235466830432415009e-03
4.121559672057628632e-03 6.641512736678123474e-03
2.155589638277888298e-03 3.989058081060647964e-03
7.202672422863543034e-04 1.318768248893320560e-03
5.307261744746938348e-05 -1.391560886986553669e-03
4.784883931279182434e-04 -4.181659314781427383e-03
2.065188484266400337e-03 -7.083320058882236481e-03
4.845296964049339294e-03 -9.945536963641643524e-03
8.696304634213447571e-03 -1.260256022214889526e-02
1.338998880237340927e-02 -1.488986983895301819e-02
1.892321556806564331e-02 -1.671895384788513184e-02
2.482591196894645691e-02 -1.807039044797420502e-02
3.093196824193000793e-02 -1.898083835840225220e-02
3.712694719433784485e-02 -1.958403736352920532e-02
4.352921620011329651e-02 -2.002709917724132538e-02
4.995193704962730408e-02 -2.038805559277534485e-02
5.635029822587966919e-02 -2.067531086504459381e-02
6.296590715646743774e-02 -2.088656276464462280e-02
7.004549354314804077e-02 -2.102496661245822906e-02
7.781829684972763062e-02 -2.111513540148735046e-02
8.598134666681289673e-02 -2.114342525601387024e-02
9.453324228525161743e-02 -2.112501300871372223e-02
1.034199446439743042e-01 -2.106579020619392395e-02
1.125198230147361755e-01 -2.097403444349765778e-02
1.213492602109909058e-01 -2.085074037313461304e-02
1.295917928218841553e-01 -2.071021310985088348e-02
1.373240351676940918e-01 -2.056077122688293457e-02
1.446187645196914673e-01 -2.040841244161128998e-02
1.515496373176574707e-01 -2.025668695569038391e-02
1.583974957466125488e-01 -2.009623497724533081e-02
1.655867248773574829e-01 -1.992108672857284546e-02
1.734420657157897949e-01 -1.972500607371330261e-02
1.821193397045135498e-01 -1.950482837855815887e-02
1.915893405675888062e-01 -1.926023326814174652e-02
2.015309929847717285e-01 -1.899994909763336182e-02
2.116600126028060913e-01 -1.873312145471572876e-02
2.214907109737396240e-01 -1.847279630601406097e-02
2.308231145143508911e-01 -1.822483353316783905e-02
2.398815900087356567e-01 -1.798429340124130249e-02
2.488077133893966675e-01 -1.774828322231769562e-02
2.577292919158935547e-01 -1.751410029828548431e-02
2.668526470661163330e-01 -1.727670989930629730e-02
2.762953639030456543e-01 -1.703328080475330353e-02
2.858120203018188477e-01 -1.679024286568164825e-02
2.952359020709991455e-01 -1.655193977057933807e-02
3.041019141674041748e-01 -1.633010059595108032e-02
3.124217092990875244e-01 -1.612431555986404419e-02
3.203349709510803223e-01 -1.593090593814849854e-02
3.279852271080017090e-01 -1.574629545211791992e-02
3.355097174644470215e-01 -1.556702982634305954e-02
3.432348370552062988e-01 -1.538526546210050583e-02
3.513614833354949951e-01 -1.519630663096904755e-02
3.599944114685058594e-01 -1.499810535460710526e-02
3.690906763076782227e-01 -1.479165256023406982e-02
3.784252703189849854e-01 -1.458258647471666336e-02
3.879389166831970215e-01 -1.437210664153099060e-02
3.974581658840179443e-01 -1.416401844471693039e-02
4.067255854606628418e-01 -1.396364532411098480e-02
4.156211018562316895e-01 -1.377346552908420563e-02
4.242715537548065186e-01 -1.359054818749427795e-02
4.327371120452880859e-01 -1.341335661709308624e-02
4.411542117595672607e-01 -1.323873735964298248e-02
4.495232701301574707e-01 -1.306645106524229050e-02
4.579896032810211182e-01 -1.289330050349235535e-02
4.666449427604675293e-01 -1.271728519350290298e-02
4.754039645195007324e-01 -1.254002749919891357e-02
4.840958118438720703e-01 -1.236490532755851746e-02
4.927726984024047852e-01 -1.219071913510560989e-02
5.014970302581787109e-01 -1.201601698994636536e-02
5.101790428161621094e-01 -1.184245757758617401e-02
5.187598466873168945e-01 -1.167104579508304596e-02
5.272266864776611328e-01 -1.150191761553287506e-02
5.356269478797912598e-01 -1.133396103978157043e-02
5.440137982368469238e-01 -1.116598118096590042e-02
5.522303581237792969e-01 -1.100106071680784225e-02
5.602733492851257324e-01 -1.083917822688817978e-02
5.681556463241577148e-01 -1.068003568798303604e-02
5.759069919586181641e-01 -1.052297651767730713e-02
5.834392905235290527e-01 -1.036977674812078476e-02
5.907846093177795410e-01 -1.021976023912429810e-02
5.980685353279113770e-01 -1.007034815847873688e-02
6.053354144096374512e-01 -9.920639917254447937e-03
6.126358509063720703e-01 -9.769626893103122711e-03
6.199561357498168945e-01 -9.617553092539310455e-03
6.274129748344421387e-01 -9.462011978030204773e-03
6.350073814392089844e-01 -9.302971884608268738e-03
6.428625583648681641e-01 -9.137869812548160553e-03
6.509842872619628906e-01 -8.966650813817977905e-03
6.594486236572265625e-01 -8.787828497588634491e-03
6.682798862457275391e-01 -8.601115085184574127e-03
6.772887706756591797e-01 -8.410703390836715698e-03
6.862292289733886719e-01 -8.221986703574657440e-03
6.949948072433471680e-01 -8.037528023123741150e-03
7.034541368484497070e-01 -7.860487326979637146e-03
7.115511894226074219e-01 -7.692461833357810974e-03
7.193259000778198242e-01 -7.532696705311536789e-03
7.269118428230285645e-01 -7.378788664937019348e-03
7.344846129417419434e-01 -7.227637805044651031e-03
7.422214746475219727e-01 -7.076256442815065384e-03
7.501050829887390137e-01 -6.925549823790788651e-03
7.581909298896789551e-01 -6.775693502277135849e-03
7.666575908660888672e-01 -6.625073496252298355e-03
7.755294442176818848e-01 -6.475131027400493622e-03
7.848376631736755371e-01 -6.327780429273843765e-03
7.943640947341918945e-01 -6.187325343489646912e-03
8.041020035743713379e-01 -6.056151352822780609e-03
8.140550851821899414e-01 -5.937440320849418640e-03
8.240982890129089355e-01 -5.834404379129409790e-03
8.341144323348999023e-01 -5.750044714659452438e-03
8.440852165222167969e-01 -5.684911273419857025e-03
8.540742397308349609e-01 -5.637126974761486053e-03
8.640815615653991699e-01 -5.603657104074954987e-03
8.741797804832458496e-01 -5.577071569859981537e-03
8.840584158897399902e-01 -5.553768016397953033e-03
8.937732577323913574e-01 -5.526588764041662216e-03
9.034261703491210938e-01 -5.484909750521183014e-03
9.129120707511901855e-01 -5.417817737907171249e-03
9.223211407661437988e-01 -5.312200635671615601e-03
9.315760731697082520e-01 -5.161650013178586960e-03
9.409831166267395020e-01 -4.949127789586782455e-03
9.497035145759582520e-01 -4.712848458439111710e-03
9.578597545623779297e-01 -4.451904911547899246e-03
9.653457999229431152e-01 -4.171618726104497910e-03
9.722904562950134277e-01 -3.874001558870077133e-03
9.754770398139953613e-01 -3.724034642800688744e-03
9.816398620605468750e-01 -3.402555594220757484e-03
9.876920580863952637e-01 -3.044898156076669693e-03
9.938371777534484863e-01 -2.642121165990829468e-03
1.000278711318969727e+00 -2.185282995924353600e-03
