airfoilPPO
9.999619364436915792e-01 9.753877406505108427e-04
9.893037195260675487e-01 8.418611036048786675e-03
9.786283980405005023e-01 8.894059372731117838e-03
9.707270788126840522e-01 9.290392685835681397e-03
9.630345337871947242e-01 9.634715503112704568e-03
9.552593957993396057e-01 1.007597911225248041e-02
9.492833042020060175e-01 1.045323832137998697e-02
9.414044765142915994e-01 1.098447316152662348e-02
9.322746199227569530e-01 1.155239828088316587e-02
9.233374413197553698e-01 1.214774185231774946e-02
9.147470736982327155e-01 1.278215885966545173e-02
9.054330818844855688e-01 1.338163706565704061e-02
8.970331068927221985e-01 1.397179488963461343e-02
8.880632169372443263e-01 1.459629052542041512e-02
8.788494881704917994e-01 1.523103233224544321e-02
8.701444598656252749e-01 1.581276323738526821e-02
8.610199424540857516e-01 1.643647675115449819e-02
8.540885879995525620e-01 1.692378264783022182e-02
8.442552149087280133e-01 1.759677367276041640e-02
8.355934125253920985e-01 1.818982694976332276e-02
8.269927304771844678e-01 1.876459487347028124e-02
8.201695871995431375e-01 1.923270773587510904e-02
8.103319260796013612e-01 1.988820780910044786e-02
8.032549718128614291e-01 2.037646678069561859e-02
7.938198977500723341e-01 2.100989140505106142e-02
7.855638671378165627e-01 2.158591516096430157e-02
7.764435278661995232e-01 2.220137752895273361e-02
7.689665415169546492e-01 2.271419116756856829e-02
7.600998012618863653e-01 2.331252659907757235e-02
7.529802076797289523e-01 2.379294444784981269e-02
7.452799144554558275e-01 2.431017843323448821e-02
7.371465824496218344e-01 2.484534512530599260e-02
7.292105365588225085e-01 2.537284479093894138e-02
7.214291569196307208e-01 2.589063458592005124e-02
7.121556449942222367e-01 2.651228377814976098e-02
7.030503135033518980e-01 2.711028414830850622e-02
6.944773339449478167e-01 2.768258192760413017e-02
6.867159220320665503e-01 2.819310739203951394e-02
6.790644409229678047e-01 2.869103788975364486e-02
6.702221101165324324e-01 2.926931988856610461e-02
6.626967370278269431e-01 2.976109608613524207e-02
6.527814268390512709e-01 3.040408329100595733e-02
6.457285434288045911e-01 3.085438086547931738e-02
6.366526302701580597e-01 3.144021995138234632e-02
6.289145166819132271e-01 3.192868291157567595e-02
6.192226948472810966e-01 3.253282223396890271e-02
6.116174696796894406e-01 3.301058640390525795e-02
6.013776217597651685e-01 3.365044473869120006e-02
5.942369426847415870e-01 3.407623175865007181e-02
5.843449911060210056e-01 3.466517372203785363e-02
5.760806148652422021e-01 3.516199055069872681e-02
5.656251945735021325e-01 3.578390274289267731e-02
5.575790288701485409e-01 3.625323157565361193e-02
5.483794046978297532e-01 3.675519795320643379e-02
5.403428899807644070e-01 3.719219947923003283e-02
5.298096199271749018e-01 3.777414641718053467e-02
5.227103493934656120e-01 3.814437390710189585e-02
5.129961808369378762e-01 3.862223918157881020e-02
5.044795749101441684e-01 3.905013780662284356e-02
4.963823704148556115e-01 3.944529775050303888e-02
4.879242585431462498e-01 3.986945777145878278e-02
4.796463059214871594e-01 4.024525993251654860e-02
4.710754299056604810e-01 4.063355993464146804e-02
4.607417898665962519e-01 4.106074456200402983e-02
4.532272097901667296e-01 4.137638708430779744e-02
4.461739694651015165e-01 4.166380845312588066e-02
4.382949975821391342e-01 4.198202520210952970e-02
4.287347372273682122e-01 4.232219814025291876e-02
4.177821692623681638e-01 4.269794106504143372e-02
4.102061543208577188e-01 4.294621095556517415e-02
4.014958835849489205e-01 4.321402235943880982e-02
3.934329382031587219e-01 4.343020630795197540e-02
3.846527964032656621e-01 4.363917647556438129e-02
3.763008264846921525e-01 4.384322012766025262e-02
3.675916639987964474e-01 4.401043445126246595e-02
3.589616556015226001e-01 4.415815773375715569e-02
3.486876312407310441e-01 4.432661649180975882e-02
3.412332547759950874e-01 4.444150374040925500e-02
3.322070562120039150e-01 4.454649620126223397e-02
3.249552683174116718e-01 4.461768487889956197e-02
3.133637535243389283e-01 4.464752018850824677e-02
3.052866433167795157e-01 4.466635837318425756e-02
2.963470438385875094e-01 4.463343269779602301e-02
2.891224472310489069e-01 4.459579779829631746e-02
2.803902511029177647e-01 4.449990555730796299e-02
2.720598819769473597e-01 4.446175351304077622e-02
2.636973397266448860e-01 4.436723112357313092e-02
2.551288247905968976e-01 4.425507236244390769e-02
2.474126646901901594e-01 4.408491993252689617e-02
2.400920101000131313e-01 4.394743620945370383e-02
2.312114356146909022e-01 4.370853089512501122e-02
2.242732909484328185e-01 4.352523669071060863e-02
2.159155936011616650e-01 4.324558570315169270e-02
2.066499718563845067e-01 4.288808765526360561e-02
1.968095670950039677e-01 4.243540763706542956e-02
1.880496347351353903e-01 4.199089253631021340e-02
1.809979114638342046e-01 4.161697322452868192e-02
1.746302395942241625e-01 4.125140343013394828e-02
1.674644380989664116e-01 4.079910916318913588e-02
1.600442927825135864e-01 4.028091965851379741e-02
1.533941934153452702e-01 3.979078565382917348e-02
1.447794543634026432e-01 3.907919395911771399e-02
1.360599833186240948e-01 3.830388161604480340e-02
1.289627624219809587e-01 3.761708242983083372e-02
1.218402603757505059e-01 3.688380899979711025e-02
1.136404986539204659e-01 3.593306096996701227e-02
1.062412128312720805e-01 3.502801672173910114e-02
9.360125258890789057e-02 3.325738270222736853e-02
8.714839221104514477e-02 3.230815161382925849e-02
7.994038657065666298e-02 3.113609141847803810e-02
7.166454597361220091e-02 2.970952981906263557e-02
6.271694387828591344e-02 2.789865864669473228e-02
5.587628664868393019e-02 2.643306631997378864e-02
4.822193187299748940e-02 2.455005703565334152e-02
4.287320574455193156e-02 2.318818316755051276e-02
3.594004303503769981e-02 2.121469359171818114e-02
3.041733920434688127e-02 1.945339008414165988e-02
2.539826878819808481e-02 1.770397670594398010e-02
2.073060836540195281e-02 1.580536497087715181e-02
1.625750349751429666e-02 1.383788631495803251e-02
1.310231480707574163e-02 1.225299604005265254e-02
9.503653704924869272e-03 1.010849133679034458e-02
6.057384195641292955e-03 7.835450753085297995e-03
3.978170922768069044e-03 6.134050978358988708e-03
2.580789760111008857e-03 4.630552265252891285e-03
9.559050820448789778e-04 2.908624817829229530e-03
3.411849413387112086e-04 1.916608133032385872e-03
1.610032065507028144e-04 1.082926685158160139e-03
0.000000000000000000e+00 0.000000000000000000e+00
2.486757022161343211e-04 -8.737060632986765486e-04
9.611711348748674900e-04 -2.005661815191899389e-03
2.056117283282893338e-03 -3.076610179721887568e-03
3.133670484160292879e-03 -3.908437212369331171e-03
4.736099331951844175e-03 -4.973313589558740408e-03
6.286406084623836175e-03 -5.861581223018376592e-03
7.894787948965668531e-03 -6.625585536947940779e-03
1.002082086781905419e-02 -7.484499242938416272e-03
1.292573330159721770e-02 -8.380306446111320320e-03
1.586925101841790350e-02 -9.188453903160701680e-03
2.236061566256292502e-02 -1.050831752340805961e-02
2.847331298493543592e-02 -1.158312894933520923e-02
3.493866190554362205e-02 -1.237111188541738065e-02
4.000459956041001880e-02 -1.289640390409850686e-02
4.604339938041557972e-02 -1.341072020240812075e-02
5.136370322476802031e-02 -1.379817579213031206e-02
5.867982713782848164e-02 -1.418779643446438365e-02
6.548988786621033620e-02 -1.454469914199198535e-02
7.413899390571972170e-02 -1.475578318382225404e-02
8.188107450350755323e-02 -1.492827892922926614e-02
9.037067317493582830e-02 -1.509114964591746523e-02
1.003168479023513332e-01 -1.522676458856655167e-02
1.097878219187490012e-01 -1.531229495646445685e-02
1.180031958261156394e-01 -1.535725279713566309e-02
1.263771735987064548e-01 -1.539837312031258447e-02
1.354377844388882923e-01 -1.535669672613167690e-02
1.445985539283138610e-01 -1.524298594513903704e-02
1.517179742969513023e-01 -1.519893357539349975e-02
1.592214002440282550e-01 -1.511165867624560989e-02
1.667399247484121216e-01 -1.506359020300147324e-02
1.736470357506110229e-01 -1.494392470031754780e-02
1.798819560416021202e-01 -1.483155534841134465e-02
1.874414355010673439e-01 -1.470461488851092756e-02
1.971730790773085495e-01 -1.454780856020511208e-02
2.043052100663482751e-01 -1.439047495299194956e-02
2.146013788060611438e-01 -1.419888397483661663e-02
2.220443667265735999e-01 -1.404833775753919385e-02
2.312922235211874733e-01 -1.381074498076340432e-02
2.394470916388783399e-01 -1.360324496713906546e-02
2.495152295179987045e-01 -1.332321290083854880e-02
2.582742660174531801e-01 -1.309191072534540007e-02
2.673926523546881762e-01 -1.280523210360436440e-02
2.756060188291916124e-01 -1.254195254162931115e-02
2.832222256622016765e-01 -1.228311483020126313e-02
2.953959819891804894e-01 -1.194451435696307004e-02
3.039421332452544311e-01 -1.167886204588196829e-02
3.125182827237085736e-01 -1.137344803498859490e-02
3.213865415202575293e-01 -1.106290433033052523e-02
3.298376143370395086e-01 -1.072741552704177363e-02
3.388107179879857878e-01 -1.040823588243466533e-02
3.476018220906526013e-01 -1.006155403243709848e-02
3.566601779720919851e-01 -9.706739165317694248e-03
3.672372632070597942e-01 -9.274158094525997501e-03
3.761002487234486047e-01 -8.926533077554889978e-03
3.861224656576072722e-01 -8.557925438296542370e-03
3.939845520827278680e-01 -8.246965025713431582e-03
4.030873671209492803e-01 -7.893061499669236369e-03
4.108373458215426877e-01 -7.556245438954180792e-03
4.226644213794733540e-01 -7.094946654281676993e-03
4.300597368424601830e-01 -6.788104961178592113e-03
4.394486521868757323e-01 -6.374033571063925617e-03
4.485428030172909364e-01 -5.965091673006601460e-03
4.594893687776312463e-01 -5.528442939234700162e-03
4.687022101500480931e-01 -5.127417588984454523e-03
4.780090052571558390e-01 -4.736093324813079458e-03
4.862215546486877149e-01 -4.374304529997724393e-03
4.970476948290863395e-01 -3.910144400396936906e-03
5.063997674046396558e-01 -3.498775442703300209e-03
5.138322784494685491e-01 -3.176044886928366083e-03
5.233208874316443993e-01 -2.761356597732775569e-03
5.324224586587111840e-01 -2.357915221716458919e-03
5.411359409968028444e-01 -1.965207359874562073e-03
5.487879436880431783e-01 -1.633067785444117063e-03
5.568345228749929099e-01 -1.278040760757641380e-03
5.652436775605078623e-01 -9.076726093126241115e-04
5.736730604799010758e-01 -5.499308128714669843e-04
5.819937592518289460e-01 -1.885098974940170190e-04
5.894601605196096994e-01 1.349208427163087253e-04
5.979499658725461186e-01 4.996126359673527546e-04
6.064227591351679658e-01 8.559371563927992924e-04
6.141761815559252380e-01 1.177689372586636883e-03
6.228647559348434726e-01 1.538321432442865200e-03
6.318818034735887990e-01 1.926100403302050644e-03
6.393609517097247341e-01 2.225210788186120572e-03
6.478715200298075239e-01 2.582440278921012237e-03
6.553385089232647287e-01 2.888441082487114633e-03
6.645310717799465250e-01 3.254023945352330690e-03
6.738074101527549153e-01 3.589421500419440886e-03
6.820212188125501784e-01 3.876547416263257956e-03
6.887739496210100176e-01 4.112733186941714206e-03
6.973858936776338169e-01 4.389348042626972646e-03
7.064614138113594066e-01 4.672162434504717465e-03
7.140659352576261831e-01 4.869437237751689761e-03
7.212540061844426864e-01 5.040020187069581270e-03
7.284733944779090420e-01 5.206712640011880791e-03
7.369718597886202316e-01 5.394163726587962969e-03
7.453462037337855728e-01 5.545544342775651087e-03
7.527397631342049866e-01 5.651638665356696449e-03
7.611861588349625451e-01 5.792606687529726350e-03
7.698444162904679589e-01 5.923809461992390890e-03
7.779135184642060885e-01 6.016223982331874928e-03
7.870712873090033312e-01 6.058029195136914805e-03
7.958191423606897352e-01 6.075137574413174563e-03
8.043862289705292490e-01 6.072893923493254305e-03
8.133232180080571805e-01 6.035972346058527879e-03
8.232742582582545099e-01 5.975456096486445219e-03
8.322974853998582612e-01 5.932394557772641998e-03
8.402383488571049108e-01 5.871765060655920535e-03
8.491030026960550980e-01 5.783707002922908354e-03
8.574584719272527744e-01 5.656032591038680744e-03
8.654443485329821328e-01 5.505149691429494369e-03
8.741095906615797828e-01 5.300543762951671033e-03
8.813358955998280564e-01 5.196650839351462173e-03
8.895923032365603556e-01 4.989634780755078380e-03
9.001447273621775436e-01 4.636482251066516465e-03
9.092487614210431612e-01 4.327675935647793196e-03
9.174793902646075638e-01 4.085665708742832261e-03
9.262856151418218387e-01 3.741073301677716369e-03
9.334830890898111466e-01 3.504084072778117925e-03
9.417052217012111814e-01 3.146748317931697455e-03
9.491339509810161612e-01 2.845735380266031182e-03
9.568602963360145486e-01 2.431818808436086391e-03
9.651587542080509730e-01 1.966682575236645188e-03
9.766328823273295878e-01 6.816825195698506543e-04
9.843790910833435381e-01 2.457780754980727362e-04
9.933518430891167261e-01 -3.111201565435853483e-04
9.999999999999998890e-01 -9.753877406505110596e-04
