airfoilPPO_-2.0_0.65F
1.000000000000000000e+00 9.253205956215674861e-05
9.915524306738304761e-01 9.768479108084864460e-04
9.831007999835620348e-01 1.845462792918989335e-03
9.746451402879039438e-01 2.698824906434403072e-03
9.661854841925366921e-01 3.537383277863901006e-03
9.577218554612918489e-01 4.361588641522126664e-03
9.492542725377376422e-01 5.171893034375418634e-03
9.407827921567307738e-01 5.968745693160392059e-03
9.323074478142635568e-01 6.752599004534801976e-03
9.238282732033531452e-01 7.523906206212128446e-03
9.153452788764419035e-01 8.283123462439621193e-03
9.068585116215219788e-01 9.030704516430104051e-03
8.983680160273990190e-01 9.767104254007471717e-03
8.898738264892590566e-01 1.049277936242881508e-02
8.813759695780025716e-01 1.120818806646368786e-02
8.728744611282109878e-01 1.191379032480727705e-02
8.643694140872304477e-01 1.261003900078216423e-02
8.558638167892452797e-01 1.329697576051042281e-02
8.473603098220270358e-01 1.397402708692802552e-02
8.388589437194338139e-01 1.464068597917096530e-02
8.303596814334381904e-01 1.529645349600039679e-02
8.218625074063575786e-01 1.594083000054126106e-02
8.133674115587338216e-01 1.657331647415859199e-02
8.048743978224565110e-01 1.719341393431121634e-02
7.963834644770986237e-01 1.780062493030803300e-02
7.878945788478091128e-01 1.839445525399058950e-02
7.794077308315187080e-01 1.897441007377346361e-02
7.709229102899121111e-01 1.953999559896232863e-02
7.624401343861032521e-01 2.009071732643223293e-02
7.539593732826950223e-01 2.062608490946412493e-02
7.454806086446281732e-01 2.114560819936891350e-02
7.370038300603333203e-01 2.164879755196884303e-02
7.285290272926739918e-01 2.213516433638929373e-02
7.200430795550804008e-01 2.260551077877893597e-02
7.115176392530505600e-01 2.306596450223669104e-02
7.029552157543431656e-01 2.352321465064269312e-02
6.944100738896233915e-01 2.398135462491009923e-02
6.859061254055379697e-01 2.444603079121962161e-02
6.774429689959856615e-01 2.492399713273729320e-02
6.690203312144789027e-01 2.542181370707505272e-02
6.606380712355507390e-01 2.594585227331664898e-02
6.522759068625668677e-01 2.650287089497354795e-02
6.438846500254713501e-01 2.709439899336081592e-02
6.354600320577976635e-01 2.771515417293014816e-02
6.270015826053890740e-01 2.835942398924645377e-02
6.185085391709475022e-01 2.902136932514336881e-02
6.099801218420403126e-01 2.969500104849115418e-02
6.014280678119511281e-01 3.037318248873662266e-02
5.929051817051296247e-01 3.104543589955469432e-02
5.844080486485013770e-01 3.170620600354157048e-02
5.759121329147631752e-01 3.235533235449058326e-02
5.674154681943179845e-01 3.299296317369899978e-02
5.589180291553896840e-01 3.361911831832390535e-02
5.504197923062471576e-01 3.423381750436685356e-02
5.419207331337475564e-01 3.483708052033821639e-02
5.334208271285264535e-01 3.542892714968958606e-02
5.249200488216706484e-01 3.600937723600761142e-02
5.164183742635316543e-01 3.657845051234590722e-02
5.079157793405701948e-01 3.713616672075534947e-02
4.994122395590590013e-01 3.768254562496522325e-02
4.909077300892213391e-01 3.821760700512420728e-02
4.824022256992435143e-01 3.874137065961701792e-02
4.738957029667912879e-01 3.925385627067129457e-02
4.653881374142967431e-01 3.975508358331617670e-02
4.568795045682613742e-01 4.024507233809426071e-02
4.483710591359902908e-01 4.072371837163787228e-02
4.398659906247252560e-01 4.119033748467740980e-02
4.313645070600373721e-01 4.164416373581138892e-02
4.228666537638214318e-01 4.208444040328766789e-02
4.143724873651462581e-01 4.251041261519363651e-02
4.058820844087082103e-01 4.292132703622859174e-02
3.973954474360748557e-01 4.331643634316046515e-02
3.889126218608381924e-01 4.369499341701525708e-02
3.804336530367909419e-01 4.405625352659300886e-02
3.719586074645533369e-01 4.439947348700515328e-02
3.634875386418859322e-01 4.472391316132665745e-02
3.550204613773419449e-01 4.502883621810261500e-02
3.465574204186330776e-01 4.531350744107611600e-02
3.380984602639846015e-01 4.557719397638917286e-02
3.296436423956644601e-01 4.581916485410945233e-02
3.211930242261691881e-01 4.603869173026828993e-02
3.127481402874653371e-01 4.623495234570144247e-02
3.043122757348523666e-01 4.640658063552707824e-02
2.958856108925115302e-01 4.655204419724266740e-02
2.874681326778577573e-01 4.666982380888353571e-02
2.790599063465490914e-01 4.675840976462222742e-02
2.706608441512287078e-01 4.681630441373731827e-02
2.622709174821151734e-01 4.684201899294308802e-02
2.538901063203354291e-01 4.683407446781922417e-02
2.455183882677817453e-01 4.679100152729766954e-02
2.371557382719294005e-01 4.671134043420999138e-02
2.288021628889913284e-01 4.659364142992853536e-02
2.204576337689391485e-01 4.643646398339958126e-02
2.121220758744159496e-01 4.623837556294257967e-02
2.037954506120877585e-01 4.599795293480627573e-02
1.954777152760634185e-01 4.571378145951183330e-02
1.871688227482848077e-01 4.538445484288701481e-02
1.788790983782346800e-01 4.500862797715280555e-02
1.706297933670213041e-01 4.458241436981861400e-02
1.624233519095195366e-01 4.409985448966196458e-02
1.542611389361377983e-01 4.355511899599350673e-02
1.461443582062920410e-01 4.294254712368254095e-02
1.380741729775769866e-01 4.225664717876903564e-02
1.300517448056263958e-01 4.149209521373550813e-02
1.220781680944231506e-01 4.064372476282877150e-02
1.141544607929070726e-01 3.970651926389949515e-02
1.062816920244059188e-01 3.867562231006885232e-02
9.846058890767640792e-02 3.754627925015215084e-02
9.069187117986796109e-02 3.631386617795778760e-02
8.297614206318823515e-02 3.497386576705284467e-02
7.531388096085200878e-02 3.352185293769940899e-02
6.770543746106542915e-02 3.195347904578371007e-02
6.015102683242302267e-02 3.026445462587774859e-02
5.275579166068510018e-02 2.847215328776000684e-02
4.573910885194936576e-02 2.659864238805294614e-02
3.908167529376174731e-02 2.460692645245382906e-02
3.277477459265019238e-02 2.247238600950302034e-02
2.679120023212001531e-02 2.017078925750857496e-02
2.111102810113135025e-02 1.768361576723186460e-02
1.571173580508022222e-02 1.499273611439133451e-02
1.057074271745520912e-02 1.207930879386610867e-02
6.702842749872767701e-03 9.576242898333670039e-03
4.406709188140424220e-03 7.740444544848891668e-03
2.826146847771826131e-03 6.127824143200363491e-03
1.651462792435877359e-03 4.568958089955131585e-03
8.052030242283133611e-04 3.071090639666994131e-03
3.113830846218601750e-04 1.841014171064891177e-03
7.064040520784321917e-05 8.479017042343924525e-04
0.000000000000000000e+00 0.000000000000000000e+00
6.674888674573510030e-05 -7.909744337626959613e-04
2.335456173471761609e-04 -1.468327624781975895e-03
4.953420248832356241e-04 -2.109076013486373569e-03
8.839940482614175744e-04 -2.752035920978321715e-03
1.403253483400897358e-03 -3.360036065261862593e-03
2.097487592445237276e-03 -3.961483639110361873e-03
3.243251384348260196e-03 -4.696461103384584612e-03
5.436997298735232569e-03 -5.730041112774366188e-03
9.585094034841918145e-03 -7.265790279766342306e-03
1.416921829344197810e-02 -8.542453766153935632e-03
1.941614057284802436e-02 -9.604879261465262830e-03
2.582374975488724994e-02 -1.054515994315109555e-02
3.326686477118008523e-02 -1.142375167994999323e-02
4.091981777897870515e-02 -1.217739364364791785e-02
4.875684129661150834e-02 -1.282136101027348679e-02
5.677865687544018242e-02 -1.337726243097452257e-02
6.492643190879258952e-02 -1.386381475235318010e-02
7.310077211526418151e-02 -1.428378049806479887e-02
8.129767744085719672e-02 -1.464005261249144187e-02
8.951728350912580012e-02 -1.493581705721581249e-02
9.775975044868018271e-02 -1.517430838324865250e-02
1.060250775950687535e-01 -1.535880685987373734e-02
1.143133247093135046e-01 -1.549264778481620509e-02
1.226245384632296126e-01 -1.557922017540284976e-02
1.309587546370398758e-01 -1.562196832176398174e-02
1.393160002438326717e-01 -1.562439321996447403e-02
1.476962955653335352e-01 -1.559005390761419342e-02
1.560996901837982676e-01 -1.552256838871242037e-02
1.645263621238171048e-01 -1.542561301397303575e-02
1.729761391408171367e-01 -1.530292961101780910e-02
1.814490329660141676e-01 -1.515832177452831539e-02
1.899450496983640102e-01 -1.499565731447447675e-02
1.984546075347704552e-01 -1.481854662914630812e-02
2.069664891905768633e-01 -1.462832799360896940e-02
2.154805695613445371e-01 -1.442545465366175741e-02
2.239968697052463209e-01 -1.421037772881493348e-02
2.325154106034889034e-01 -1.398354919454535342e-02
2.410362326817215850e-01 -1.374542132744844408e-02
2.495593519928267223e-01 -1.349644789444378983e-02
2.580847748558798838e-01 -1.323708385625622409e-02
2.666125220255816108e-01 -1.296778464556921744e-02
2.751426204929057207e-01 -1.268900635640064084e-02
2.836751134918755191e-01 -1.240120537212379727e-02
2.922099930979857318e-01 -1.210484066549362414e-02
3.007472799601151325e-01 -1.180037116713249928e-02
3.092869947174170520e-01 -1.148825668654606877e-02
3.178291902148434045e-01 -1.116895669748010911e-02
3.263738588510293193e-01 -1.084293378904432545e-02
3.349210175239625831e-01 -1.051065056383686247e-02
3.434706868889680353e-01 -1.017257037315547064e-02
3.520229139325734002e-01 -9.829156393218158039e-03
3.605777037645176430e-01 -9.480874352244345049e-03
3.691350665959616251e-01 -9.128190699356927840e-03
3.776950231722208118e-01 -8.771572360021812759e-03
3.862576179791022413e-01 -8.411486155480712643e-03
3.948228623274447346e-01 -8.048401189351591864e-03
4.033907630838811653e-01 -7.682787675481844887e-03
4.119613411354418608e-01 -7.315116145377788780e-03
4.205346418290614730e-01 -6.945856982155947101e-03
4.291106760934553233e-01 -6.575482956914457076e-03
4.376894507943135393e-01 -6.204467936899472902e-03
4.462687247178074856e-01 -5.833383907999554162e-03
4.548453229456840274e-01 -5.462843367824973817e-03
4.634192729103954189e-01 -5.093319270435559161e-03
4.719927231957420366e-01 -4.725045762397868561e-03
4.805670572332131907e-01 -4.357888754505686961e-03
4.891422797094713837e-01 -3.991705578275561023e-03
4.977183800241344880e-01 -3.626354136671293676e-03
5.062953512110222043e-01 -3.261692092946491279e-03
5.148731889618157753e-01 -2.897576914138395854e-03
5.234518988756743374e-01 -2.533865564811171953e-03
5.320314685593438009e-01 -2.170415689879445862e-03
5.406118918793947348e-01 -1.807084585167653950e-03
5.491924614659892123e-01 -1.443759159303956933e-03
5.577722269553828660e-01 -1.080336600483530404e-03
5.663511762060682297e-01 -7.166744453395092369e-04
5.749293055869391100e-01 -3.526299528930309482e-04
5.835066104576358548e-01 1.193949234666767941e-05
5.920830755216540675e-01 3.771759688278965902e-04
6.006593170106936386e-01 7.432434248740170304e-04
6.092312537179285226e-01 1.109074835563410820e-03
6.177836684635791276e-01 1.470862401773590606e-03
6.263161088308072388e-01 1.825167988649057955e-03
6.348290581009086164e-01 2.168640909156540741e-03
6.433227384597290932e-01 2.497966219131288104e-03
6.517973697996307658e-01 2.809874955464428028e-03
6.602530868615685833e-01 3.101140628487531175e-03
6.686903764749573265e-01 3.368593408481051522e-03
6.771232563356780476e-01 3.610366647245958054e-03
6.855618416921938074e-01 3.827093576744139587e-03
6.940060672255421448e-01 4.019595357304908689e-03
7.024558671934484355e-01 4.188696120628548382e-03
7.109112296397356312e-01 4.335223853876687267e-03
7.193720330693996745e-01 4.460007525602907759e-03
7.278382096860939177e-01 4.563880286921700134e-03
7.363096904687155275e-01 4.647678313670712373e-03
7.447864039477898324e-01 4.712239375276830455e-03
7.532683791059329170e-01 4.758401767440780840e-03
7.617555567184285392e-01 4.787005843138012091e-03
7.702479212363806393e-01 4.798895421806523807e-03
7.787454614307739442e-01 4.794917410212514233e-03
7.872481744162445061e-01 4.775921761514816295e-03
7.957560937979222260e-01 4.742761288912861369e-03
8.042691545333859882e-01 4.696292250478515014e-03
8.127873445715422251e-01 4.637373948302205180e-03
8.213106517483955704e-01 4.566868814643579993e-03
8.298391040743713365e-01 4.485642017862162025e-03
8.383726751316923353e-01 4.394562315624080118e-03
8.469113272719238639e-01 4.294501852583829105e-03
8.554550481872728040e-01 4.186335729797559420e-03
8.640038467112748366e-01 4.070941950260973004e-03
8.725571486274082966e-01 3.949207139245998130e-03
8.811014267407777378e-01 3.821233132757360929e-03
8.896289445137818275e-01 3.684678014861132115e-03
8.981397063509168888e-01 3.536764416263390911e-03
9.066335291173160948e-01 3.374750812173673512e-03
9.151106079477099309e-01 3.195920564902554519e-03
9.235709550548782953e-01 2.997591234361719672e-03
9.320145781824478171e-01 2.777111211976340636e-03
9.404414871291644218e-01 2.531859153767761564e-03
9.488515690849734785e-01 2.259247790518038434e-03
9.572449426940136119e-01 1.956712394144853248e-03
9.656216579292825619e-01 1.621718635198244772e-03
9.739817392500962345e-01 1.251761350558403809e-03
9.823252166098466187e-01 8.443630410040702493e-04
9.906521262590390897e-01 3.970732573129385459e-04
9.989625115777734932e-01 -9.253205956215546112e-05
