9.996286630630493164e-01 1.685403840383514762e-04
9.926208257675170898e-01 1.942982198670506477e-03
9.847785830497741699e-01 3.661972703412175179e-03
9.763075709342956543e-01 5.311732646077871323e-03
9.674136042594909668e-01 6.878483574837446213e-03
9.539818167686462402e-01 9.006831794977188110e-03
9.450143575668334961e-01 1.029664091765880585e-02
9.361424446105957031e-01 1.148664485663175583e-02
9.274901151657104492e-01 1.256669126451015472e-02
9.192265272140502930e-01 1.352151110768318176e-02
9.104841947555541992e-01 1.449480000883340836e-02
9.016450643539428711e-01 1.543099526315927505e-02
8.926574587821960449e-01 1.634481176733970642e-02
8.836602568626403809e-01 1.723080128431320190e-02
8.748382329940795898e-01 1.807409711182117462e-02
8.662086129188537598e-01 1.888160780072212219e-02
8.579087257385253906e-01 1.964290812611579895e-02
8.497512936592102051e-01 2.037533558905124664e-02
8.416078090667724609e-01 2.109188213944435120e-02
8.333368897438049316e-01 2.180709317326545715e-02
8.247470259666442871e-01 2.253831736743450165e-02
8.156784176826477051e-01 2.329962514340877533e-02
8.064056634902954102e-01 2.406851015985012054e-02
7.971196770668029785e-01 2.482938021421432495e-02
7.880883216857910156e-01 2.556108310818672180e-02
7.795152068138122559e-01 2.624745666980743408e-02
7.713339924812316895e-01 2.689537405967712402e-02
7.634456157684326172e-01 2.751260064542293549e-02
7.557293176651000977e-01 2.810936979949474335e-02
7.479144930839538574e-01 2.870751544833183289e-02
7.398926019668579102e-01 2.931638993322849274e-02
7.317599654197692871e-01 2.992797642946243286e-02
7.235381603240966797e-01 3.054085001349449158e-02
7.153327465057373047e-01 3.114651143550872803e-02
7.071813941001892090e-01 3.174192830920219421e-02
6.990844011306762695e-01 3.232707828283309937e-02
6.909292340278625488e-01 3.290985152125358582e-02
6.827390193939208984e-01 3.348854556679725647e-02
6.745052933692932129e-01 3.406427800655364990e-02
6.663950085639953613e-01 3.462572768330574036e-02
6.583533883094787598e-01 3.517606109380722046e-02
6.503981351852416992e-01 3.571385890245437622e-02
6.425417065620422363e-01 3.623836860060691833e-02
6.347543001174926758e-01 3.675151616334915161e-02
6.269955635070800781e-01 3.725606575608253479e-02
6.191352605819702148e-01 3.776051849126815796e-02
6.112784743309020996e-01 3.825848177075386047e-02
6.034724116325378418e-01 3.874658048152923584e-02
5.957698822021484375e-01 3.922094777226448059e-02
5.879935622215270996e-01 3.969256952404975891e-02
5.800948143005371094e-01 4.016346484422683716e-02
5.720778703689575195e-01 4.063337668776512146e-02
5.637771487236022949e-01 4.111053422093391418e-02
5.551149249076843262e-01 4.159827902913093567e-02
5.460478663444519043e-01 4.209818691015243530e-02
5.367651581764221191e-01 4.259858652949333191e-02
5.272369980812072754e-01 4.309903457760810852e-02
5.175704956054687500e-01 4.359301924705505371e-02
5.078360438346862793e-01 4.407649114727973938e-02
4.982603490352630615e-01 4.453915730118751526e-02
4.889625012874603271e-01 4.497460275888442993e-02
4.798069596290588379e-01 4.538945108652114868e-02
4.707066118717193604e-01 4.578623920679092407e-02
4.616577327251434326e-01 4.616546630859375000e-02
4.526587128639221191e-01 4.652697965502738953e-02
4.435502290725708008e-01 4.687844589352607727e-02
4.343918263912200928e-01 4.721711948513984680e-02
4.252711832523345947e-01 4.753965884447097778e-02
4.164413213729858398e-01 4.783703014254570007e-02
4.078360497951507568e-01 4.811106249690055847e-02
3.993134200572967529e-01 4.836603999137878418e-02
3.906971812248229980e-01 4.860598966479301453e-02
3.819910287857055664e-01 4.882968962192535400e-02
3.732312023639678955e-01 4.903810471296310425e-02
3.643797039985656738e-01 4.923213645815849304e-02
3.554527163505554199e-01 4.940953850746154785e-02
3.465046286582946777e-01 4.956672340631484985e-02
3.376345634460449219e-01 4.969895258545875549e-02
3.288059532642364502e-01 4.980797320604324341e-02
3.199623525142669678e-01 4.989415034651756287e-02
3.111111223697662354e-01 4.995929449796676636e-02
3.023791611194610596e-01 5.000214651226997375e-02
2.939022481441497803e-01 5.002084746956825256e-02
2.855435609817504883e-01 5.001300573348999023e-02
2.772273719310760498e-01 4.997821152210235596e-02
2.689062356948852539e-01 4.991706833243370056e-02
2.605527341365814209e-01 4.983069375157356262e-02
2.520860135555267334e-01 4.971470683813095093e-02
2.433502078056335449e-01 4.956123605370521545e-02
2.343314886093139648e-01 4.936167225241661072e-02
2.250699996948242188e-01 4.911138862371444702e-02
2.155598849058151245e-01 4.880314320325851440e-02
2.058188319206237793e-01 4.843712970614433289e-02
1.962355524301528931e-01 4.803277179598808289e-02
1.871376186609268188e-01 4.760511592030525208e-02
1.787014752626419067e-01 4.715995490550994873e-02
1.709490567445755005e-01 4.670322313904762268e-02
1.636829972267150879e-01 4.622236266732215881e-02
1.568063199520111084e-01 4.572194814682006836e-02
1.500644832849502563e-01 4.518412053585052490e-02
1.431574970483779907e-01 4.458989202976226807e-02
1.358841061592102051e-01 4.390497878193855286e-02
1.285001635551452637e-01 4.315419495105743408e-02
1.209124699234962463e-01 4.230830445885658264e-02
1.131106242537498474e-01 4.136016592383384705e-02
1.051343977451324463e-01 4.028966650366783142e-02
9.709565341472625732e-02 3.912220150232315063e-02
8.921670913696289062e-02 3.786600008606910706e-02
8.152292668819427490e-02 3.654159605503082275e-02
7.394917309284210205e-02 3.511146828532218933e-02
6.626795232295989990e-02 3.348028287291526794e-02
5.866914242506027222e-02 3.164453431963920593e-02
5.093229934573173523e-02 2.953206561505794525e-02
4.324350878596305847e-02 2.721010893583297729e-02
3.573494777083396912e-02 2.472022920846939087e-02
2.883907780051231384e-02 2.219938673079013824e-02
2.276957966387271881e-02 1.972691901028156281e-02
1.776220835745334625e-02 1.743334718048572540e-02
1.367452275007963181e-02 1.524955034255981445e-02
1.025464292615652084e-02 1.308112777769565582e-02
7.446470670402050018e-03 1.089148130267858505e-02
5.050532519817352295e-03 8.657798171043395996e-03
3.133684862405061722e-03 6.516083609312772751e-03
1.622267067432403564e-03 4.541694652289152145e-03
6.003141170367598534e-04 2.822721144184470177e-03
-8.340184365351888118e-08 1.436372403986752033e-03
-1.557847572257742286e-04 3.936148714274168015e-04
-4.254592931829392910e-05 -4.419284814503043890e-04
1.826564985094591975e-04 -1.156909856945276260e-03
4.587396979331970215e-04 -1.850317232310771942e-03
7.991407765075564384e-04 -2.579238964244723320e-03
1.294028479605913162e-03 -3.347101854160428047e-03
2.062396379187703133e-03 -4.187296610325574875e-03
3.064268501475453377e-03 -5.097466986626386642e-03
4.416940268129110336e-03 -6.048900540918111801e-03
6.273064762353897095e-03 -7.060118019580841064e-03
8.642834611237049103e-03 -8.119287900626659393e-03
1.161022856831550598e-02 -9.160742163658142090e-03
1.514958497136831284e-02 -1.016458217054605484e-02
1.937013305723667145e-02 -1.110935769975185394e-02
2.432485856115818024e-02 -1.198237203061580658e-02
3.007677756249904633e-02 -1.277981977909803391e-02
3.642088919878005981e-02 -1.346562989056110382e-02
4.344474524259567261e-02 -1.405361015349626541e-02
5.120826140046119690e-02 -1.455422490835189819e-02
5.958097428083419800e-02 -1.495820097625255585e-02
6.867868453264236450e-02 -1.525952201336622238e-02
7.828291505575180054e-02 -1.546552125364542007e-02
8.846928924322128296e-02 -1.558841392397880554e-02
9.896743297576904297e-02 -1.564157940447330475e-02
1.096121668815612793e-01 -1.563361287117004395e-02
1.202078759670257568e-01 -1.555905956774950027e-02
1.305988878011703491e-01 -1.544125098735094070e-02
1.405339241027832031e-01 -1.529309712350368500e-02
1.499034464359283447e-01 -1.512095890939235687e-02
1.586554348468780518e-01 -1.494148280471563339e-02
1.668923050165176392e-01 -1.475075818598270416e-02
1.749193668365478516e-01 -1.454952545464038849e-02
1.827604621648788452e-01 -1.433776319026947021e-02
1.907637268304824829e-01 -1.410841476172208786e-02
1.992655098438262939e-01 -1.385224517434835434e-02
2.082224041223526001e-01 -1.357009354978799820e-02
2.174149006605148315e-01 -1.326935086399316788e-02
2.268265932798385620e-01 -1.294982898980379105e-02
2.361777424812316895e-01 -1.262049935758113861e-02
2.454338371753692627e-01 -1.228417921811342239e-02
2.545227706432342529e-01 -1.194363739341497421e-02
2.632383108139038086e-01 -1.160765811800956726e-02
2.717379033565521240e-01 -1.127222180366516113e-02
2.802408635616302490e-01 -1.092974096536636353e-02
2.887638807296752930e-01 -1.057941280305385590e-02
2.974728643894195557e-01 -1.021360047161579132e-02
3.066484630107879639e-01 -9.820901788771152496e-03
3.161416947841644287e-01 -9.407732635736465454e-03
3.256984055042266846e-01 -8.986487984657287598e-03
3.351338803768157959e-01 -8.565634489059448242e-03
3.441681861877441406e-01 -8.157514967024326324e-03
3.528783321380615234e-01 -7.758785039186477661e-03
3.612833619117736816e-01 -7.369194645434617996e-03
3.694327473640441895e-01 -6.986950524151325226e-03
3.775878846645355225e-01 -6.600938271731138229e-03
3.859904408454895020e-01 -6.200294010341167450e-03
3.944728672504425049e-01 -5.793167278170585632e-03
4.028538465499877930e-01 -5.388218909502029419e-03
4.111100137233734131e-01 -4.986921325325965881e-03
4.192618131637573242e-01 -4.588266834616661072e-03
4.274309575557708740e-01 -4.186726175248622894e-03
4.354932308197021484e-01 -3.788632340729236603e-03
4.434645771980285645e-01 -3.393527120351791382e-03
4.514546990394592285e-01 -2.996317809447646141e-03
4.595766961574554443e-01 -2.591699128970503807e-03
4.677287042140960693e-01 -2.184793120250105858e-03
4.758823812007904053e-01 -1.777264173142611980e-03
4.841315448284149170e-01 -1.364768831990659237e-03
4.925426840782165527e-01 -9.443257586099207401e-04
5.011299848556518555e-01 -5.156095139682292938e-04
5.097256898880004883e-01 -8.728408283786848187e-05
5.183476805686950684e-01 3.410743956919759512e-04
5.269472002983093262e-01 7.666520541533827782e-04
5.354729294776916504e-01 1.186586450785398483e-03
5.437840819358825684e-01 1.593678374774754047e-03
5.517684817314147949e-01 1.982309855520725250e-03
5.594515204429626465e-01 2.353677991777658463e-03
5.668057799339294434e-01 2.706401515752077103e-03
5.739423036575317383e-01 3.045502584427595139e-03
5.809367299079895020e-01 3.374111838638782501e-03
5.879502892494201660e-01 3.699965542182326317e-03
5.950914025306701660e-01 4.027499351650476456e-03
6.023895144462585449e-01 4.358119796961545944e-03
6.098870635032653809e-01 4.692615941166877747e-03
6.175617575645446777e-01 5.029078107327222824e-03
6.254669427871704102e-01 5.368171259760856628e-03
6.335672736167907715e-01 5.707203876227140427e-03
6.419219970703125000e-01 6.047558505088090897e-03
6.505407094955444336e-01 6.387738045305013657e-03
6.593062281608581543e-01 6.722196936607360840e-03
6.681674122810363770e-01 7.047669496387243271e-03
6.769360303878784180e-01 7.356203626841306686e-03
6.856266856193542480e-01 7.646985817700624466e-03
6.941331624984741211e-01 7.916133850812911987e-03
7.025173306465148926e-01 8.164757862687110901e-03
7.107027769088745117e-01 8.391037583351135254e-03
7.187157273292541504e-01 8.596629835665225983e-03
7.265770435333251953e-01 8.783108554780483246e-03
7.342856526374816895e-01 8.948852308094501495e-03
7.418542504310607910e-01 9.096418507397174835e-03
7.493869662284851074e-01 9.224999696016311646e-03
7.571271657943725586e-01 9.337054565548896790e-03
7.652361989021301270e-01 9.429943747818470001e-03
7.739278674125671387e-01 9.502957575023174286e-03
7.832642197608947754e-01 9.548385627567768097e-03
7.932009696960449219e-01 9.561979211866855621e-03
8.035964965820312500e-01 9.538406506180763245e-03
8.142814040184020996e-01 9.472330100834369659e-03
8.247949481010437012e-01 9.366575628519058228e-03
8.349994421005249023e-01 9.222375229001045227e-03
8.447693586349487305e-01 9.042561985552310944e-03
8.541063666343688965e-01 8.828806690871715546e-03
8.631340861320495605e-01 8.579769171774387360e-03
8.720651865005493164e-01 8.291129954159259796e-03
8.809540271759033203e-01 7.963600568473339081e-03
8.898806571960449219e-01 7.597155869007110596e-03
8.988587260246276855e-01 7.192895747721195221e-03
9.075734019279479980e-01 6.765372585505247116e-03
9.160503745079040527e-01 6.315737962722778320e-03
9.242606163024902344e-01 5.844356026500463486e-03
9.326329231262207031e-01 5.322936922311782837e-03
9.404084682464599609e-01 4.814307671040296555e-03
9.478961229324340820e-01 4.302725661545991898e-03
9.553031921386718750e-01 3.773094154894351959e-03
9.628288149833679199e-01 3.209806978702545166e-03
9.665358066558837891e-01 2.921651815995573997e-03
9.741278886795043945e-01 2.299697604030370712e-03
9.821032285690307617e-01 1.598308095708489418e-03
9.906368255615234375e-01 7.951909792609512806e-04
9.999036788940429688e-01 -1.319461880484595895e-04
