9.997946023941040039e-01 1.728176430333405733e-04
9.932034611701965332e-01 8.690524846315383911e-04
9.854102134704589844e-01 1.619824091903865337e-03
9.767580628395080566e-01 2.399252494797110558e-03
9.675903320312500000e-01 3.181457053869962692e-03
9.539879560470581055e-01 4.274275153875350952e-03
9.452783465385437012e-01 4.930124152451753616e-03
9.369459152221679688e-01 5.523406900465488434e-03
9.289619922637939453e-01 6.056921090930700302e-03
9.213709235191345215e-01 6.529786624014377594e-03
9.131231904029846191e-01 7.026131264865398407e-03
9.046068787574768066e-01 7.519905921071767807e-03
8.957437276840209961e-01 8.020068518817424774e-03
8.868486285209655762e-01 8.508782833814620972e-03
8.779673576354980469e-01 8.986924774944782257e-03
8.691928386688232422e-01 9.452548809349536896e-03
8.606196045875549316e-01 9.902140125632286072e-03
8.520910143852233887e-01 1.034609787166118622e-02
8.435221910476684570e-01 1.078951824456453323e-02
8.347516059875488281e-01 1.124263275414705276e-02
8.257618546485900879e-01 1.170671638101339340e-02
8.165252804756164551e-01 1.218410115689039230e-02
8.072958588600158691e-01 1.266196463257074356e-02
7.981491684913635254e-01 1.313684973865747452e-02
7.893183827400207520e-01 1.359691657125949860e-02
7.808362245559692383e-01 1.404074300080537796e-02
7.726686000823974609e-01 1.447019353508949280e-02
7.646630406379699707e-01 1.489337440580129623e-02
7.566657066345214844e-01 1.531844772398471832e-02
7.485181689262390137e-01 1.575393602252006531e-02
7.401692271232604980e-01 1.620260812342166901e-02
7.316632866859436035e-01 1.666220277547836304e-02
7.229536771774291992e-01 1.713531836867332458e-02
7.141101956367492676e-01 1.761838421225547791e-02
7.051369547843933105e-01 1.811111159622669220e-02
6.961825489997863770e-01 1.860521733760833740e-02
6.872547268867492676e-01 1.909998431801795959e-02
6.783728003501892090e-01 1.959407702088356018e-02
6.695091128349304199e-01 2.008874341845512390e-02
6.607725620269775391e-01 2.057757414877414703e-02
6.521609425544738770e-01 2.106025628745555878e-02
6.436368227005004883e-01 2.153849788010120392e-02
6.351739764213562012e-01 2.201335504651069641e-02
6.268113851547241211e-01 2.248228900134563446e-02
6.185755133628845215e-01 2.294338122010231018e-02
6.104183197021484375e-01 2.339891530573368073e-02
6.022806167602539062e-01 2.385182306170463562e-02
5.940986275672912598e-01 2.430521324276924133e-02
5.859077572822570801e-01 2.475660480558872223e-02
5.776327848434448242e-01 2.520972490310668945e-02
5.693131685256958008e-01 2.566197700798511505e-02
5.609771013259887695e-01 2.611144632101058960e-02
5.527035593986511230e-01 2.655338868498802185e-02
5.444819927215576172e-01 2.698813006281852722e-02
5.363213419914245605e-01 2.741476334631443024e-02
5.281591415405273438e-01 2.783589251339435577e-02
5.198930501937866211e-01 2.825600095093250275e-02
5.114257335662841797e-01 2.867907471954822540e-02
5.026949644088745117e-01 2.910757437348365784e-02
4.937292933464050293e-01 2.953906357288360596e-02
4.845999777317047119e-01 2.996950410306453705e-02
4.754517376422882080e-01 3.039165586233139038e-02
4.663952887058258057e-01 3.079975582659244537e-02
4.575488865375518799e-01 3.118820488452911377e-02
4.489078521728515625e-01 3.155695274472236633e-02
4.403639733791351318e-01 3.190987184643745422e-02
4.318536221981048584e-01 3.224984928965568542e-02
4.232915341854095459e-01 3.257964923977851868e-02
4.147014617919921875e-01 3.289920464158058167e-02
4.061344861984252930e-01 3.320642933249473572e-02
3.977249264717102051e-01 3.349703922867774963e-02
3.894552290439605713e-01 3.377054259181022644e-02
3.813489079475402832e-01 3.402547165751457214e-02
3.733355104923248291e-01 3.426399827003479004e-02
3.652792870998382568e-01 3.449017554521560669e-02
3.571472764015197754e-01 3.470455855131149292e-02
3.488532006740570068e-01 3.490924090147018433e-02
3.405272066593170166e-01 3.510048240423202515e-02
3.322482407093048096e-01 3.527654334902763367e-02
3.241443634033203125e-01 3.543416783213615417e-02
3.160683810710906982e-01 3.557477146387100220e-02
3.080069720745086670e-01 3.569743409752845764e-02
2.998773455619812012e-01 3.580228984355926514e-02
2.915979921817779541e-01 3.588994964957237244e-02
2.831276357173919678e-01 3.595938161015510559e-02
2.745249867439270020e-01 3.601118549704551697e-02
2.658930718898773193e-01 3.604185953736305237e-02
2.573254704475402832e-01 3.604949265718460083e-02
2.488212883472442627e-01 3.603072091937065125e-02
2.402375638484954834e-01 3.598381578922271729e-02
2.315721064805984497e-01 3.590577468276023865e-02
2.228038907051086426e-01 3.579560294747352600e-02
2.140273600816726685e-01 3.565584868192672729e-02
2.053581029176712036e-01 3.548971563577651978e-02
1.970051974058151245e-01 3.530157729983329773e-02
1.889062225818634033e-01 3.508618846535682678e-02
1.809920519590377808e-01 3.483712300658226013e-02
1.730460375547409058e-01 3.454462438821792603e-02
1.648433208465576172e-01 3.419610112905502319e-02
1.562343984842300415e-01 3.377876430749893188e-02
1.472298651933670044e-01 3.328735381364822388e-02
1.381195038557052612e-01 3.273825347423553467e-02
1.291536390781402588e-01 3.214066103100776672e-02
1.206023916602134705e-01 3.151185065507888794e-02
1.124107539653778076e-01 3.084189258515834808e-02
1.044831499457359314e-01 3.010943159461021423e-02
9.660315513610839844e-02 2.927969768643379211e-02
8.860885351896286011e-02 2.833881787955760956e-02
8.035068958997726440e-02 2.726188674569129944e-02
7.185992598533630371e-02 2.603268995881080627e-02
6.349786370992660522e-02 2.470752224326133728e-02
5.542087554931640625e-02 2.328633330762386322e-02
4.788474738597869873e-02 2.180397883057594299e-02
4.087036475539207458e-02 2.023912221193313599e-02
3.433417528867721558e-02 1.857227273285388947e-02
2.821805700659751892e-02 1.678497157990932465e-02
2.259876951575279236e-02 1.490719430148601532e-02
1.744211837649345398e-02 1.293989550322294235e-02
1.282466761767864227e-02 1.092121005058288574e-02
9.008003398776054382e-03 8.975827135145664215e-03
5.960353184491395950e-03 7.139754481613636017e-03
3.741465974599123001e-03 5.503630731254816055e-03
2.202940406277775764e-03 4.091690760105848312e-03
1.204651081934571266e-03 2.933310577645897865e-03
5.857271607965230942e-04 2.028729766607284546e-03
2.558218548074364662e-04 1.330839237198233604e-03
7.054548768792301416e-05 7.396691362373530865e-04
-2.402964310022071004e-05 1.725845359032973647e-04
-8.278681889350991696e-06 -4.242185386829078197e-04
9.394731750944629312e-05 -1.129414187744259834e-03
3.471560776233673096e-04 -1.957155298441648483e-03
6.731380126439034939e-04 -2.891273004934191704e-03
1.107846735976636410e-03 -3.900041803717613220e-03
1.926606288179755211e-03 -4.978676792234182358e-03
3.500598249956965446e-03 -6.176926195621490479e-03
6.249982398003339767e-03 -7.525466848164796829e-03
1.047124154865741730e-02 -9.021547622978687286e-03
1.631875522434711456e-02 -1.063421368598937988e-02
2.379244752228260040e-02 -1.230298355221748352e-02
3.257212415337562561e-02 -1.392081007361412048e-02
4.186862707138061523e-02 -1.534626446664333344e-02
5.104976519942283630e-02 -1.650964654982089996e-02
5.990470573306083679e-02 -1.741445623338222504e-02
6.829209625720977783e-02 -1.810675673186779022e-02
7.625541836023330688e-02 -1.864152215421199799e-02
8.382034301757812500e-02 -1.907098107039928436e-02
9.116771817207336426e-02 -1.944613642990589142e-02
9.861243516206741333e-02 -1.980176754295825958e-02
1.062390431761741638e-01 -2.013744600117206573e-02
1.137669533491134644e-01 -2.043145149946212769e-02
1.211699843406677246e-01 -2.068916521966457367e-02
1.286401450634002686e-01 -2.092364430427551270e-02
1.362532526254653931e-01 -2.113557420670986176e-02
1.439628601074218750e-01 -2.132647670805454254e-02
1.517496705055236816e-01 -2.149395458400249481e-02
1.596342325210571289e-01 -2.164149843156337738e-02
1.677706390619277954e-01 -2.177430689334869385e-02
1.760829985141754150e-01 -2.189115434885025024e-02
1.843958944082260132e-01 -2.198724262416362762e-02
1.926288753747940063e-01 -2.206450328230857849e-02
2.009158134460449219e-01 -2.212517336010932922e-02
2.092077434062957764e-01 -2.217056602239608765e-02
2.174321711063385010e-01 -2.220011316239833832e-02
2.258090674877166748e-01 -2.221350930631160736e-02
2.344217002391815186e-01 -2.221039868891239166e-02
2.433658540248870850e-01 -2.219191193580627441e-02
2.526152133941650391e-01 -2.215705998241901398e-02
2.619621753692626953e-01 -2.210768125951290131e-02
2.709777355194091797e-01 -2.204881235957145691e-02
2.796270847320556641e-01 -2.198179997503757477e-02
2.877138555049896240e-01 -2.190823666751384735e-02
2.953310608863830566e-01 -2.182757295668125153e-02
3.028733134269714355e-01 -2.173663862049579620e-02
3.106039166450500488e-01 -2.163230441510677338e-02
3.185361325740814209e-01 -2.151709422469139099e-02
3.267852962017059326e-01 -2.139008417725563049e-02
3.351220190525054932e-01 -2.125460468232631683e-02
3.433198332786560059e-01 -2.111267670989036560e-02
3.514633774757385254e-01 -2.096293680369853973e-02
3.595600128173828125e-01 -2.080395631492137909e-02
3.677563965320587158e-01 -2.063333056867122650e-02
3.762764632701873779e-01 -2.044712379574775696e-02
3.851996362209320068e-01 -2.024336531758308411e-02
3.942345976829528809e-01 -2.002854458987712860e-02
4.033723473548889160e-01 -1.980313099920749664e-02
4.123962819576263428e-01 -1.957171037793159485e-02
4.212152063846588135e-01 -1.933704875409603119e-02
4.298737645149230957e-01 -1.909824274480342865e-02
4.383714497089385986e-01 -1.885614544153213501e-02
4.467972517013549805e-01 -1.860862039029598236e-02
4.553383588790893555e-01 -1.835047267377376556e-02
4.641021490097045898e-01 -1.807841844856739044e-02
4.729708731174468994e-01 -1.779571548104286194e-02
4.820367693901062012e-01 -1.749977469444274902e-02
4.912350177764892578e-01 -1.719247177243232727e-02
5.005072355270385742e-01 -1.687562838196754456e-02
5.097596049308776855e-01 -1.655293442308902740e-02
5.188448429107666016e-01 -1.622960157692432404e-02
5.277495384216308594e-01 -1.590665802359580994e-02
5.365561842918395996e-01 -1.558155845850706100e-02
5.452505350112915039e-01 -1.525535620748996735e-02
5.537710785865783691e-01 -1.493070926517248154e-02
5.622475743293762207e-01 -1.460319291800260544e-02
5.707639455795288086e-01 -1.426971796900033951e-02
5.793411731719970703e-01 -1.392986904829740524e-02
5.879430770874023438e-01 -1.358522661030292511e-02
5.966157317161560059e-01 -1.323391683399677277e-02
6.053894162178039551e-01 -1.287498138844966888e-02
6.142739057540893555e-01 -1.250833831727504730e-02
6.231606006622314453e-01 -1.213862933218479156e-02
6.319441795349121094e-01 -1.177055295556783676e-02
6.407181024551391602e-01 -1.140052080154418945e-02
6.494718194007873535e-01 -1.102930773049592972e-02
6.581174731254577637e-01 -1.066092681139707565e-02
6.666942238807678223e-01 -1.029397360980510712e-02
6.753072142601013184e-01 -9.924429468810558319e-03
6.839219927787780762e-01 -9.554064832627773285e-03
6.924784779548645020e-01 -9.185804054141044617e-03
7.010097503662109375e-01 -8.818475529551506042e-03
7.095475196838378906e-01 -8.451111614704132080e-03
7.182059288024902344e-01 -8.079170249402523041e-03
7.269221544265747070e-01 -7.705646101385354996e-03
7.356667518615722656e-01 -7.332172244787216187e-03
7.445221543312072754e-01 -6.955663673579692841e-03
7.535122632980346680e-01 -6.575528066605329514e-03
7.624647021293640137e-01 -6.199391093105077744e-03
7.713544368743896484e-01 -5.828860681504011154e-03
7.802892923355102539e-01 -5.459961481392383575e-03
7.892947196960449219e-01 -5.092143081128597260e-03
7.983148694038391113e-01 -4.727945663034915924e-03
8.072778582572937012e-01 -4.370847251266241074e-03
8.161785602569580078e-01 -4.021473694592714310e-03
8.250085711479187012e-01 -3.680409863591194153e-03
8.336737751960754395e-01 -3.351378487423062325e-03
8.420472741127014160e-01 -3.039752133190631866e-03
8.501850366592407227e-01 -2.743341960012912750e-03
8.581691384315490723e-01 -2.459371229633688927e-03
8.660690188407897949e-01 -2.186403144150972366e-03
8.738683462142944336e-01 -1.925428980030119419e-03
8.816624283790588379e-01 -1.674050348810851574e-03
8.895018100738525391e-01 -1.431291922926902771e-03
8.974534273147583008e-01 -1.198122161440551281e-03
9.054883122444152832e-01 -9.781534317880868912e-04
9.136345982551574707e-01 -7.741691078990697861e-04
9.218633174896240234e-01 -5.889458116143941879e-04
9.302260875701904297e-01 -4.259022534824907780e-04
9.389508962631225586e-01 -2.847498981282114983e-04
9.471030831336975098e-01 -1.705386821413412690e-04
9.546917080879211426e-01 -8.138104749377816916e-05
9.617338180541992188e-01 -1.675592829997185618e-05
9.683629870414733887e-01 2.330495226487983018e-05
9.714479446411132812e-01 3.338768874527886510e-05
9.776690602302551270e-01 3.239533907617442310e-05
9.842337369918823242e-01 1.846868599386652932e-06
9.914720654487609863e-01 -5.987255644868128002e-05
9.997143149375915527e-01 -1.543777761980891228e-04
