airfoilPPO_-2.0_0.6F
1.000000000000000000e+00 6.925232291004553866e-05
9.915927786458461624e-01 9.783643802548269881e-04
9.831804983159792011e-01 1.865577578882234673e-03
9.747632071605156767e-01 2.731406005545027570e-03
9.663409537984702924e-01 3.576364827948994365e-03
9.579137872983866098e-01 4.400970306185093481e-03
9.494817246332012406e-01 5.205742869400760767e-03
9.410448446518484555e-01 5.991198107842795988e-03
9.326032008986530064e-01 6.757855312554164953e-03
9.241568440592220490e-01 7.506235219278049701e-03
9.157058247019235209e-01 8.236859745007492350e-03
9.072501578210689921e-01 8.950254944950665828e-03
8.987899316472531819e-01 9.646941809225923273e-03
8.903251981939699355e-01 1.032744568801188118e-02
8.818560097629903893e-01 1.099229310194918194e-02
8.733824076659012503e-01 1.164201260200284881e-02
8.649044283897326935e-01 1.227713422033632762e-02
8.564221522956487753e-01 1.289818591454892048e-02
8.479356326869805782e-01 1.350569895291822350e-02
8.394449230796710015e-01 1.410020580279300155e-02
8.309500479788552996e-01 1.468224211545362916e-02
8.224510793248520635e-01 1.525234145002016435e-02
8.139480820501229230e-01 1.581103915364551887e-02
8.054411103902737734e-01 1.635887254269735580e-02
7.969302059334149035e-01 1.689638095534662723e-02
7.884154072188065410e-01 1.742410509205121263e-02
7.798967973623345262e-01 1.794258413658724946e-02
7.713744311286636623e-01 1.845236032087210418e-02
7.628483624436015464e-01 1.895397716850210496e-02
7.543186053890539311e-01 1.944798173553248868e-02
7.457852565398963574e-01 1.993491751894425207e-02
7.372483710326994677e-01 2.041533172552594672e-02
7.287080291980188029e-01 2.088977142562362804e-02
7.201730930613443604e-01 2.135779556546977750e-02
7.116520417717995262e-01 2.181700106657744054e-02
7.031446576330266929e-01 2.226499572325085427e-02
6.946507358747190386e-01 2.269941055719798192e-02
6.861701456887050465e-01 2.311789665488173801e-02
6.777026991365224795e-01 2.351813173234536605e-02
6.692480995038535552e-01 2.389782157449640843e-02
6.608056523185031894e-01 2.425471006976397809e-02
6.523118432838489467e-01 2.459252536720073212e-02
6.437745110040451468e-01 2.492767777049941305e-02
6.353537992647821930e-01 2.527491615604179898e-02
6.270517037184774045e-01 2.565372764603002578e-02
6.187851543534094167e-01 2.608246144249276241e-02
6.104495261394733419e-01 2.656089536623398514e-02
6.020400852825900095e-01 2.707745559651388370e-02
5.935539903048967503e-01 2.761981091055388041e-02
5.850160362738682229e-01 2.817444005942017909e-02
5.764709190831429630e-01 2.873424243344207402e-02
5.679198586129201587e-01 2.929803330656425772e-02
5.593627020470355315e-01 2.986471875709601972e-02
5.507992889794832703e-01 3.043320039216200479e-02
5.422334752415060022e-01 3.100210814675102150e-02
5.336735902014262400e-01 3.156977322923949780e-02
5.251200762154281110e-01 3.213505480004358317e-02
5.165728248608304485e-01 3.269685364896882801e-02
5.080316582934076841e-01 3.325408011300187011e-02
4.994964525292396873e-01 3.380564590779659012e-02
4.909671116538106284e-01 3.435046588407750928e-02
4.824435402291737396e-01 3.488745985455249388e-02
4.739255576928839142e-01 3.541555786203607475e-02
4.654130408331032531e-01 3.593369109022463703e-02
4.569058678762771830e-01 3.644079543339179272e-02
4.484026573891283785e-01 3.693595071540566738e-02
4.399013856077104156e-01 3.741864912158656548e-02
4.314020656878940208e-01 3.788839561670736406e-02
4.229047578033831578e-01 3.834469358787203491e-02
4.144095404555447337e-01 3.878704652082432675e-02
4.059164730007167599e-01 3.921496001267030934e-02
3.974255979297747210e-01 3.962794150375387875e-02
3.889369753901545379e-01 4.002549853755502096e-02
3.804506654887100381e-01 4.040713969649291359e-02
3.719667582895540003e-01 4.077237333970599314e-02
3.634852884825751085e-01 4.112071132270320867e-02
3.550063110557318824e-01 4.145166556778019651e-02
3.465298858085751887e-01 4.176474882086249341e-02
3.380560743358287934e-01 4.205947480325712001e-02
3.295849662128058077e-01 4.233535740899504324e-02
3.211165887139293962e-01 4.259191365924090700e-02
3.126536542869453039e-01 4.282846097332828478e-02
3.042004334141095723e-01 4.304351749741408550e-02
2.957569916948317723e-01 4.323544478390444618e-02
2.873233715860251114e-01 4.340261722667690392e-02
2.788994055628309376e-01 4.354342523738371357e-02
2.704850313584811206e-01 4.365626808271083625e-02
2.620801851531139870e-01 4.373955632529211851e-02
2.536848013064209595e-01 4.379171168509260470e-02
2.452988333177266445e-01 4.381116688336936932e-02
2.369222555864961832e-01 4.379636593319523319e-02
2.285549263568754930e-01 4.374576338625605493e-02
2.201967697855287398e-01 4.365782397389077196e-02
2.118477067287925508e-01 4.353102269654797463e-02
2.035076544267994947e-01 4.336384459941134556e-02
1.951765261830019083e-01 4.315478452902202222e-02
1.868542571804675534e-01 4.290234773263355145e-02
1.785532581534831076e-01 4.260493865189205615e-02
1.702937815841027158e-01 4.225804092874865109e-02
1.620776024629697887e-01 4.185546875696626035e-02
1.539059238982091182e-01 4.139120678438599349e-02
1.457799166797126567e-01 4.085942509087027441e-02
1.377007079920630483e-01 4.025447324467169158e-02
1.296693699916784404e-01 3.957087383087594390e-02
1.216869083851916389e-01 3.880331524090600143e-02
1.137542511645492777e-01 3.794664352725617834e-02
1.058722376724598874e-01 3.699585314721369478e-02
9.804160818801899158e-02 3.594607644368323640e-02
9.026299423485717455e-02 3.479257174043781653e-02
8.253690982124765874e-02 3.353070996289436723e-02
7.486399893438137887e-02 3.215600753150753277e-02
6.724432569423355321e-02 3.066398785439219607e-02
5.967796295413491797e-02 2.905025728685786332e-02
5.229607111800788077e-02 2.733558452046265172e-02
4.528366406777323272e-02 2.553024093739275982e-02
3.863276622820594614e-02 2.360196501679490827e-02
3.231946477822355418e-02 2.152280894235581929e-02
2.632529933433605182e-02 1.927188668072293831e-02
2.063057768489140464e-02 1.683141932854526068e-02
1.521292582840257784e-02 1.418386323426546608e-02
1.004826563146272653e-02 1.130989540203867182e-02
6.336361050489813275e-03 8.939304678896198286e-03
4.174397195026287484e-03 7.220520233729033760e-03
2.635139490464894711e-03 5.655640075937226965e-03
1.504073121076724036e-03 4.157921501437174955e-03
7.177948030290579691e-04 2.779267388358160496e-03
2.812900952133427020e-04 1.703176055026510947e-03
5.657180095051141100e-05 7.695333657051384602e-04
0.000000000000000000e+00 0.000000000000000000e+00
7.648927956103284407e-05 -7.630124193331013155e-04
2.500044230441137512e-04 -1.411775041631507582e-03
5.136851212728180127e-04 -2.021025979225236566e-03
8.657554520343165071e-04 -2.585277638813456534e-03
1.388979385760387214e-03 -3.179452485567628786e-03
2.005806682611427187e-03 -3.693073630691929513e-03
3.078975756807535331e-03 -4.346734620495929478e-03
4.948273882791405509e-03 -5.160590644322045860e-03
8.857038043463714636e-03 -6.482606987945037542e-03
1.358558124787249619e-02 -7.690319000816400047e-03
1.895740125282974892e-02 -8.669679064139382621e-03
2.538697909107267420e-02 -9.493002578928391721e-03
3.291635007694151960e-02 -1.024585634213850266e-02
4.066285513421398490e-02 -1.088332542479364569e-02
4.858131797144631114e-02 -1.141870472346856458e-02
5.666911278813133862e-02 -1.187246274686178278e-02
6.484981968549467790e-02 -1.226015441558380402e-02
7.305218188119971812e-02 -1.258445002801096904e-02
8.127547915454402805e-02 -1.284836327733255255e-02
8.951986530488616201e-02 -1.305499730588407549e-02
9.778547739988580068e-02 -1.320750069604670514e-02
1.060724378331780737e-01 -1.330906923097754067e-02
1.143808898285332415e-01 -1.336294762660416094e-02
1.227110315292559706e-01 -1.337243009892327868e-02
1.310628350104893758e-01 -1.334086204421918755e-02
1.394363838286423740e-01 -1.327164288641986822e-02
1.478317564614697877e-01 -1.316822615449561931e-02
1.562490279806947879e-01 -1.303412060091139676e-02
1.646882716136207903e-01 -1.287289127898324191e-02
1.731497876061741936e-01 -1.268815535556052504e-02
1.816334612222285649e-01 -1.248359697036413758e-02
1.901392072238022313e-01 -1.226296081576479929e-02
1.986571377871690913e-01 -1.202974259196604341e-02
2.071773360709652512e-01 -1.178520313501059749e-02
2.156997045678395730e-01 -1.152978112223145002e-02
2.242242395031204261e-01 -1.126391365396044349e-02
2.327509612742341416e-01 -1.098803795032848168e-02
2.412798902419869274e-01 -1.070259203275482698e-02
2.498110781608232633e-01 -1.040801362494491421e-02
2.583445166772778689e-01 -1.010474329717855196e-02
2.668802235274732593e-01 -9.793221579063407858e-03
2.754182189881635434e-01 -9.473889723033186369e-03
2.839585472299474000e-01 -9.147188869013212625e-03
2.925012157060950524e-01 -8.813562344300942403e-03
3.010462338152682382e-01 -8.473454257962823033e-03
3.095936218395436978e-01 -8.127309124686019418e-03
3.181434194544257577e-01 -7.775571474809190448e-03
3.266956439940337242e-01 -7.418687554784441675e-03
3.352502995985137124e-01 -7.057105007482480062e-03
3.438074066258118844e-01 -6.691271638765624967e-03
3.523670033527179779e-01 -6.321635304182200189e-03
3.609291109984468782e-01 -5.948645408962551992e-03
3.694937315280793499e-01 -5.572753041659149822e-03
3.780608854265143925e-01 -5.194409327541166591e-03
3.866306126720648328e-01 -4.814065359447694883e-03
3.952029323087256629e-01 -4.432173989651896212e-03
4.037778472109788686e-01 -4.049189638215589665e-03
4.123553780216845377e-01 -3.665566778547890963e-03
4.209335648397233842e-01 -3.281849291715239515e-03
4.295092133486042019e-01 -2.898636441483466979e-03
4.380822547623338115e-01 -2.516386941962415417e-03
4.466527096907050853e-01 -2.135554667276663623e-03
4.552205714940368853e-01 -1.756593854712075724e-03
4.637858945769013919e-01 -1.379955198311218559e-03
4.723499936399192523e-01 -1.005960148662083482e-03
4.809142212575595599e-01 -6.346223804848434439e-04
4.894786037567911974e-01 -2.659339248994703150e-04
4.980431459937478822e-01 1.001122467248009423e-04
5.066078529959403554e-01 4.635231707717126621e-04
5.151727299181455555e-01 8.243058892615247714e-04
5.237377823602158422e-01 1.182467462896507997e-03
5.323030151449141822e-01 1.538014919835303069e-03
5.408684333142541600e-01 1.890955297784224082e-03
5.494340420224328447e-01 2.241295639299028131e-03
5.579998468872066075e-01 2.589043005826004249e-03
5.665658526963267549e-01 2.934204425073801397e-03
5.751320645071622550e-01 3.276786936080158114e-03
5.836984874733378570e-01 3.616797581949111450e-03
5.922651272313174120e-01 3.954243424876192903e-03
6.008318852103744501e-01 4.289127468457082371e-03
6.093917322336194209e-01 4.620770800427799301e-03
6.179378797106105381e-01 4.946900254103061244e-03
6.264701699394493728e-01 5.265129006657995672e-03
6.349888074104979019e-01 5.573107440850978873e-03
6.434939048293231156e-01 5.868505310707370845e-03
6.519855414090232060e-01 6.149013843629279330e-03
6.604637475849264305e-01 6.412345280888430421e-03
6.689285431349929478e-01 6.656234249875079417e-03
6.773801182783453223e-01 6.878442294827340729e-03
6.858185515055185144e-01 7.076749071956491347e-03
6.942439221026371898e-01 7.248955693953991128e-03
7.026563106018886007e-01 7.392884468105848962e-03
7.110556738804952870e-01 7.506377165082735517e-03
7.194422250056522472e-01 7.587300128702273612e-03
7.278160536664375346e-01 7.633537610100321960e-03
7.361777083005519584e-01 7.642993382421445041e-03
7.445512828117016868e-01 7.614931169175550435e-03
7.529578778462865385e-01 7.553485700972010879e-03
7.613982155520645501e-01 7.463980155709409176e-03
7.698724161385974707e-01 7.351870472383460406e-03
7.783806303416541672e-01 7.222747101545828018e-03
7.869231152560970388e-01 7.082336591924855325e-03
7.954984880226698696e-01 6.936534544881271455e-03
8.040619490306808448e-01 6.792097643810979767e-03
8.126182899887153255e-01 6.653354270425691601e-03
8.211953081389243847e-01 6.517733130967828976e-03
8.297683473385149000e-01 6.381815089491950192e-03
8.383188103870723440e-01 6.242093305061968515e-03
8.468470614520315909e-01 6.094817252784039997e-03
8.553533101164084718e-01 5.936296212120182290e-03
8.638377669401038350e-01 5.762895732364256562e-03
8.723005384018702735e-01 5.571039064364266373e-03
8.807520668627443206e-01 5.357509032526000872e-03
8.892024175961193988e-01 5.121359283043506842e-03
8.976515243555746038e-01 4.862451012540868790e-03
9.060992430008441012e-01 4.580647425078315620e-03
9.145454241437956933e-01 4.275812066694683125e-03
9.229899250020322521e-01 3.947808423078166817e-03
9.314326057407847914e-01 3.596499988159231487e-03
9.398733225637542210e-01 3.221750541211642130e-03
9.483119317662225267e-01 2.823424006948569050e-03
9.567482867122996115e-01 2.401384611866400759e-03
9.651822403087431113e-01 1.955496793874077731e-03
9.736136556608979697e-01 1.485624602451725068e-03
9.820423894558057976e-01 9.916325521363588726e-04
9.904682984844359606e-01 4.733853061775155735e-04
9.988912396442526376e-01 -6.925232291004533537e-05
