bo_0
9.987628459930419922e-01 2.635359123814851046e-04
9.926229119300842285e-01 1.012983033433556557e-03
9.832741022109985352e-01 1.881331088952720165e-03
9.736783504486083984e-01 2.736931433901190758e-03
9.644316434860229492e-01 3.576798830181360245e-03
9.549248218536376953e-01 4.473346751183271408e-03
9.447818994522094727e-01 5.471042823046445847e-03
9.344127178192138672e-01 6.528125144541263580e-03
9.245758056640625000e-01 7.553986273705959320e-03
9.173111915588378906e-01 8.319153450429439545e-03
9.084979891777038574e-01 9.249984286725521088e-03
9.007675647735595703e-01 1.006501168012619019e-02
8.912929892539978027e-01 1.105840783566236496e-02
8.834509253501892090e-01 1.187401171773672104e-02
8.743396401405334473e-01 1.281247474253177643e-02
8.664844632148742676e-01 1.361284777522087097e-02
8.571127057075500488e-01 1.455654762685298920e-02
8.493840694427490234e-01 1.532528456300497055e-02
8.402641415596008301e-01 1.622113771736621857e-02
8.316923975944519043e-01 1.705186255276203156e-02
8.220035433769226074e-01 1.797764562070369720e-02
8.120946288108825684e-01 1.890992186963558197e-02
8.018161058425903320e-01 1.986143179237842560e-02
7.932360172271728516e-01 2.064362913370132446e-02
7.835866212844848633e-01 2.151015587151050568e-02
7.751230597496032715e-01 2.225873991847038269e-02
7.660429477691650391e-01 2.304994314908981323e-02
7.580814361572265625e-01 2.373354136943817139e-02
7.504278421401977539e-01 2.438174560666084290e-02
7.416651248931884766e-01 2.511306107044219971e-02
7.345329523086547852e-01 2.569973841309547424e-02
7.245661020278930664e-01 2.650665864348411560e-02
7.165166139602661133e-01 2.714730985462665558e-02
7.081791162490844727e-01 2.780039049685001373e-02
7.014831304550170898e-01 2.831709198653697968e-02
6.917820572853088379e-01 2.905330993235111237e-02
6.849623322486877441e-01 2.956200018525123596e-02
6.757747530937194824e-01 3.023564442992210388e-02
6.671785116195678711e-01 3.085367754101753235e-02
6.570613980293273926e-01 3.156569227576255798e-02
6.495696902275085449e-01 3.208211809396743774e-02
6.419048905372619629e-01 3.260081261396408081e-02
6.340690255165100098e-01 3.312090039253234863e-02
6.256912946701049805e-01 3.366540372371673584e-02
6.164723634719848633e-01 3.425063565373420715e-02
6.087716221809387207e-01 3.472812473773956299e-02
5.985987186431884766e-01 3.534285724163055420e-02
5.918667316436767578e-01 3.573948889970779419e-02
5.825942754745483398e-01 3.627235442399978638e-02
5.752172470092773438e-01 3.668504580855369568e-02
5.642769932746887207e-01 3.727846220135688782e-02
5.565472841262817383e-01 3.768417611718177795e-02
5.476614832878112793e-01 3.813648596405982971e-02
5.400516986846923828e-01 3.851173818111419678e-02
5.313578248023986816e-01 3.892664238810539246e-02
5.227229595184326172e-01 3.932397067546844482e-02
5.140211582183837891e-01 3.970934823155403137e-02
5.059826970100402832e-01 4.005176201462745667e-02
4.971067607402801514e-01 4.041453450918197632e-02
4.888717830181121826e-01 4.073656722903251648e-02
4.782020747661590576e-01 4.113275185227394104e-02
4.707055091857910156e-01 4.139671847224235535e-02
4.612734615802764893e-01 4.171176627278327942e-02
4.524136185646057129e-01 4.199015721678733826e-02
4.440260827541351318e-01 4.223784804344177246e-02
4.350471794605255127e-01 4.248568788170814514e-02
4.265750348567962646e-01 4.270289093255996704e-02
4.179393649101257324e-01 4.290743917226791382e-02
4.087858498096466064e-01 4.310540482401847839e-02
4.003907144069671631e-01 4.326965659856796265e-02
3.934121131896972656e-01 4.339337721467018127e-02
3.860389888286590576e-01 4.351127147674560547e-02
3.785167634487152100e-01 4.361778497695922852e-02
3.709108829498291016e-01 4.371106997132301331e-02
3.639641702175140381e-01 4.378343001008033752e-02
3.545439839363098145e-01 4.386156797409057617e-02
3.470557332038879395e-01 4.390691220760345459e-02
3.361459374427795410e-01 4.394575208425521851e-02
3.279974162578582764e-01 4.395313560962677002e-02
3.191995322704315186e-01 4.393972828984260559e-02
3.125857114791870117e-01 4.391464591026306152e-02
3.046753406524658203e-01 4.386730119585990906e-02
2.959129512310028076e-01 4.379213973879814148e-02
2.852961122989654541e-01 4.366792365908622742e-02
2.764509916305541992e-01 4.353562369942665100e-02
2.682409584522247314e-01 4.338842630386352539e-02
2.615795135498046875e-01 4.325109720230102539e-02
2.539670765399932861e-01 4.307380691170692444e-02
2.472470402717590332e-01 4.289862886071205139e-02
2.381512224674224854e-01 4.263243079185485840e-02
2.307391315698623657e-01 4.238972440361976624e-02
2.209073901176452637e-01 4.203021898865699768e-02
2.137287855148315430e-01 4.173930361866950989e-02
2.061718851327896118e-01 4.140579327940940857e-02
1.976730674505233765e-01 4.099555313587188721e-02
1.887736469507217407e-01 4.052376374602317810e-02
1.806361973285675049e-01 4.005221277475357056e-02
1.717561632394790649e-01 3.949097916483879089e-02
1.640473008155822754e-01 3.896164521574974060e-02
1.566096842288970947e-01 3.841138258576393127e-02
1.495483666658401489e-01 3.785067051649093628e-02
1.431687623262405396e-01 3.731003403663635254e-02
1.357977241277694702e-01 3.664248809218406677e-02
1.282698214054107666e-01 3.590995445847511292e-02
1.212316229939460754e-01 3.517518937587738037e-02
1.126513704657554626e-01 3.420880809426307678e-02
1.066331267356872559e-01 3.348088636994361877e-02
9.970174729824066162e-02 3.258699923753738403e-02
9.240406751632690430e-02 3.157614171504974365e-02
8.473625034093856812e-02 3.042944706976413727e-02
7.936666905879974365e-02 2.956984937191009521e-02
7.266435772180557251e-02 2.842493169009685516e-02
6.742048263549804688e-02 2.746813371777534485e-02
5.925781279802322388e-02 2.585929818451404572e-02
5.306448042392730713e-02 2.452885918319225311e-02
4.526035860180854797e-02 2.269472926855087280e-02
3.897128999233245850e-02 2.106577157974243164e-02
3.117823787033557892e-02 1.881606690585613251e-02
2.765632420778274536e-02 1.769634895026683807e-02
2.293209172785282135e-02 1.606800034642219543e-02
1.720535196363925934e-02 1.384301949292421341e-02
1.119886804372072220e-02 1.106500905007123947e-02
7.612359244376420975e-03 9.033907204866409302e-03
5.592974834144115448e-03 7.665636949241161346e-03
3.200439736247062683e-03 5.613228306174278259e-03
2.198669826611876488e-03 4.435322713106870651e-03
1.244036480784416199e-03 2.620614599436521530e-03
1.090076053515076637e-03 1.955190207809209824e-03
1.065503456629812717e-03 1.062593422830104828e-03
1.129411975853145123e-03 6.485427729785442352e-04
1.303026801906526089e-03 7.216387166408821940e-05
1.564337173476815224e-03 -4.754407564178109169e-04
2.062088111415505409e-03 -1.196756493300199509e-03
2.571937162429094315e-03 -1.751061412505805492e-03
3.399253822863101959e-03 -2.460112562403082848e-03
4.756172653287649155e-03 -3.357625799253582954e-03
6.428978405892848969e-03 -4.221741110086441040e-03
8.406778797507286072e-03 -5.046838894486427307e-03
1.133574824780225754e-02 -6.034315563738346100e-03
1.385348476469516754e-02 -6.738311145454645157e-03
2.001711167395114899e-02 -8.114504627883434296e-03
2.348924800753593445e-02 -8.744127117097377777e-03
3.083873167634010315e-02 -9.852473624050617218e-03
3.607521206140518188e-02 -1.050744019448757172e-02
4.400378465652465820e-02 -1.134740281850099564e-02
5.169952660799026489e-02 -1.203112397342920303e-02
6.048215925693511963e-02 -1.269206311553716660e-02
6.919061392545700073e-02 -1.324943918734788895e-02
7.888560742139816284e-02 -1.377895753830671310e-02
8.897425979375839233e-02 -1.424761489033699036e-02
9.697625786066055298e-02 -1.456966344267129898e-02
1.045196428894996643e-01 -1.483872625976800919e-02
1.124501600861549377e-01 -1.508980710059404373e-02
1.207409724593162537e-01 -1.532134879380464554e-02
1.286049187183380127e-01 -1.551486179232597351e-02
1.369817554950714111e-01 -1.569585688412189484e-02
1.466642320156097412e-01 -1.587597280740737915e-02
1.544670611619949341e-01 -1.600055024027824402e-02
1.626526117324829102e-01 -1.611323095858097076e-02
1.709431856870651245e-01 -1.621004752814769745e-02
1.801757067441940308e-01 -1.629897952079772949e-02
1.882290989160537720e-01 -1.636150851845741272e-02
1.978118866682052612e-01 -1.641902327537536621e-02
2.056880444288253784e-01 -1.645348034799098969e-02
2.129893600940704346e-01 -1.647575944662094116e-02
2.206570357084274292e-01 -1.648970693349838257e-02
2.286671698093414307e-01 -1.649450138211250305e-02
2.353811115026473999e-01 -1.649122871458530426e-02
2.422965168952941895e-01 -1.648124493658542633e-02
2.521127462387084961e-01 -1.645613461732864380e-02
2.592636942863464355e-01 -1.643018238246440887e-02
2.664977014064788818e-01 -1.639767736196517944e-02
2.741923332214355469e-01 -1.635651849210262299e-02
2.826789617538452148e-01 -1.630361936986446381e-02
2.908216714859008789e-01 -1.624581217765808105e-02
3.008304834365844727e-01 -1.616577059030532837e-02
3.093501627445220947e-01 -1.609022729098796844e-02
3.177843987941741943e-01 -1.600905880331993103e-02
3.261513710021972656e-01 -1.592255011200904846e-02
3.353005051612854004e-01 -1.582144573330879211e-02
3.427910208702087402e-01 -1.573383063077926636e-02
3.513233065605163574e-01 -1.562896370887756348e-02
3.586619496345520020e-01 -1.553461886942386627e-02
3.675151169300079346e-01 -1.541592366993427277e-02
3.766057193279266357e-01 -1.528872642666101456e-02
3.841068744659423828e-01 -1.517989113926887512e-02
3.916825354099273682e-01 -1.506656501442193985e-02
4.005482494831085205e-01 -1.492974907159805298e-02
4.089219272136688232e-01 -1.479655876755714417e-02
4.173908531665802002e-01 -1.465809810906648636e-02
4.256479442119598389e-01 -1.451961137354373932e-02
4.345565438270568848e-01 -1.436649821698665619e-02
4.428164660930633545e-01 -1.422124169766902924e-02
4.510336220264434814e-01 -1.407371461391448975e-02
4.585661590099334717e-01 -1.393593009561300278e-02
4.677217602729797363e-01 -1.376530714333057404e-02
4.765276014804840088e-01 -1.359804254025220871e-02
4.849648475646972656e-01 -1.343499869108200073e-02
4.936084449291229248e-01 -1.326523721218109131e-02
5.011821985244750977e-01 -1.311429031193256378e-02
5.097565054893493652e-01 -1.294099912047386169e-02
5.192205905914306641e-01 -1.274685002863407135e-02
5.297558307647705078e-01 -1.252728328108787537e-02
5.377652645111083984e-01 -1.235800050199031830e-02
5.469358563423156738e-01 -1.216172985732555389e-02
5.556560158729553223e-01 -1.197273284196853638e-02
5.647932887077331543e-01 -1.177226752042770386e-02
5.722131133079528809e-01 -1.160768140107393265e-02
5.814319252967834473e-01 -1.140096783638000488e-02
5.899103283882141113e-01 -1.120871026068925858e-02
5.993037819862365723e-01 -1.099333073943853378e-02
6.075953245162963867e-01 -1.080115977674722672e-02
6.164764165878295898e-01 -1.059320662170648575e-02
6.254701614379882812e-01 -1.038039196282625198e-02
6.347506642341613770e-01 -1.015846710652112961e-02
6.430918574333190918e-01 -9.956999681890010834e-03
6.530638933181762695e-01 -9.713689796626567841e-03
6.630243062973022461e-01 -9.468014352023601532e-03
6.727930307388305664e-01 -9.224532172083854675e-03
6.819739937782287598e-01 -8.993462659418582916e-03
6.915445327758789062e-01 -8.750315755605697632e-03
7.008526325225830078e-01 -8.511694148182868958e-03
7.098296284675598145e-01 -8.279614150524139404e-03
7.182708978652954102e-01 -8.059715852141380310e-03
7.274440526962280273e-01 -7.819010876119136810e-03
7.371115088462829590e-01 -7.563495077192783356e-03
7.467342019081115723e-01 -7.307427935302257538e-03
7.557879090309143066e-01 -7.065073587000370026e-03
7.647858858108520508e-01 -6.823006551712751389e-03
7.736677527427673340e-01 -6.583032663911581039e-03
7.821252942085266113e-01 -6.353741046041250229e-03
7.907708287239074707e-01 -6.118720397353172302e-03
7.990263104438781738e-01 -5.893851164728403091e-03
8.085489869117736816e-01 -5.634111352264881134e-03
8.165293931961059570e-01 -5.416285246610641479e-03
8.251655697822570801e-01 -5.180516280233860016e-03
8.337276577949523926e-01 -4.946806468069553375e-03
8.441322445869445801e-01 -4.662894178181886673e-03
8.525450825691223145e-01 -4.433316178619861603e-03
8.595412969589233398e-01 -4.242251627147197723e-03
8.681532144546508789e-01 -4.006586503237485886e-03
8.783627152442932129e-01 -3.725807415321469307e-03
8.855053782463073730e-01 -3.527840832248330116e-03
8.929822444915771484e-01 -3.318549832329154015e-03
9.001218080520629883e-01 -3.116046078503131866e-03
9.103912115097045898e-01 -2.818791195750236511e-03
9.197654724121093750e-01 -2.539781155064702034e-03
9.282028675079345703e-01 -2.281420165672898293e-03
9.371262192726135254e-01 -2.000298118218779564e-03
9.470205903053283691e-01 -1.679318142123520374e-03
9.560498595237731934e-01 -1.378805493004620075e-03
9.657769203186035156e-01 -1.048745354637503624e-03
9.746088385581970215e-01 -7.457418832927942276e-04
9.862703084945678711e-01 -3.479783190414309502e-04
9.928023815155029297e-01 -1.349910307908430696e-04
9.990024566650390625e-01 1.532487840449903160e-05
