bo_0_-3.0_0.7F
1.000004767710292564e+00 7.192315549330603047e-04
9.929407023322105452e-01 1.002404226415516903e-03
9.858609041810073581e-01 1.317703647340560426e-03
9.787644058215549947e-01 1.662757326538760825e-03
9.716514971317552485e-01 2.035097290122138587e-03
9.645213780103801815e-01 2.432271227912342817e-03
9.573741206739435627e-01 2.851741224457705112e-03
9.502091984725568041e-01 3.290962381020550321e-03
9.430263506829086317e-01 3.747333684916711715e-03
9.358254337251831201e-01 4.218203934053465012e-03
9.286057362700875784e-01 4.700916498540528600e-03
9.213674291558537899e-01 5.192712499060259633e-03
9.141097764356035382e-01 5.690849344675836044e-03
9.068345689605412652e-01 6.192365459362265262e-03
8.995669282291922642e-01 6.692653168113413611e-03
8.923189336303944952e-01 7.188019128430769844e-03
8.850897078196686696e-01 7.675707709390583097e-03
8.778792540618785001e-01 8.152948201465254341e-03
8.706871835669331983e-01 8.617040806276033207e-03
8.635124372613082189e-01 9.065371244137589504e-03
8.563377028769414423e-01 9.497340212749246988e-03
8.491518334181208383e-01 9.914641426967706062e-03
8.419545425170568143e-01 1.031875485653905265e-02
8.347461106976147294e-01 1.071114056271509941e-02
8.275264928787003926e-01 1.109329013560668431e-02
8.202956914180560277e-01 1.146670536488625554e-02
8.130539431049310650e-01 1.183288944498799532e-02
8.058009882036433202e-01 1.219338417509444397e-02
7.985371657253085287e-01 1.254971491188237170e-02
7.912624229716196389e-01 1.290344037624058769e-02
7.839769543288712672e-01 1.325612107363546323e-02
7.766917513558618813e-01 1.360880801216681618e-02
7.694174476300743581e-01 1.396256928233018460e-02
7.621541365256141454e-01 1.431896995615483149e-02
7.549018309396604565e-01 1.467956519281013450e-02
7.476608047414075031e-01 1.504588324552058945e-02
7.404308311027000267e-01 1.541946396293174086e-02
7.332121800433255565e-01 1.580180841466488975e-02
7.260045895949508443e-01 1.619442992262505945e-02
7.188060296835367957e-01 1.659877263179601256e-02
7.116159539540020118e-01 1.701594913084665886e-02
7.044342098165918831e-01 1.744702369772783285e-02
6.972610519294301090e-01 1.789302978856622747e-02
6.900963131749253687e-01 1.835501997591327747e-02
6.829401435539607101e-01 1.883402059698612713e-02
6.757925296883718902e-01 1.933106191749368874e-02
6.686534723855686035e-01 1.984716722429331545e-02
6.615225813674803224e-01 2.038338341833378572e-02
6.543797793718836298e-01 2.094120898981478504e-02
6.472080761891159106e-01 2.151852599932884899e-02
6.400076349794746600e-01 2.211114010427698770e-02
6.327771502377977919e-01 2.271486934766696331e-02
6.255170079794237781e-01 2.332528170022830569e-02
6.182602721127040679e-01 2.393509378709718013e-02
6.110341184971644912e-01 2.453752869773464726e-02
6.038371667367128381e-01 2.512831734978653725e-02
5.966693581197791696e-01 2.570319045430923682e-02
5.895215323240095007e-01 2.625894637312777349e-02
5.823699973245483053e-01 2.679633759285929631e-02
5.752125791828829326e-01 2.731615509900394215e-02
5.680494176657761018e-01 2.781903773113606274e-02
5.608804049137505743e-01 2.830564432772144506e-02
5.537057340121140925e-01 2.877661552297418671e-02
5.465253346641311127e-01 2.923261229809724984e-02
5.393393129205590331e-01 2.967428662933666722e-02
5.321477022476982510e-01 3.010229786239738275e-02
5.249504976125842770e-01 3.051731007327642547e-02
5.177478424653833011e-01 3.091998146431430144e-02
5.105396326253246464e-01 3.131098679018164826e-02
5.033260517070849982e-01 3.169098759061539372e-02
4.961070682469914672e-01 3.206065978786330761e-02
4.888827367077666075e-01 3.242067733491556247e-02
4.816531595108579089e-01 3.277171464881330903e-02
4.744182545201736101e-01 3.311445776986494949e-02
4.671782039043995693e-01 3.344958281275344641e-02
4.599329656141264988e-01 3.377777924811260768e-02
4.526861766130544917e-01 3.409943381293126241e-02
4.454432447928782790e-01 3.441399545832320161e-02
4.382045010217537340e-01 3.472081758255941841e-02
4.309698088433416285e-01 3.501927574782253555e-02
4.237392397142030198e-01 3.530873903075088666e-02
4.165127589083946202e-01 3.558858325498204939e-02
4.092903197094933110e-01 3.585818683994169281e-02
4.020720123652663514e-01 3.611692545255889425e-02
3.948577070803596656e-01 3.636418501551228616e-02
3.876474962102736121e-01 3.659934586882700180e-02
3.804413063385745364e-01 3.682179626728565580e-02
3.732391364257866551e-01 3.703092421397570499e-02
3.660410227833200691e-01 3.722611902013994029e-02
3.588468601311666228e-01 3.740677599399745701e-02
3.516567791874202209e-01 3.757228667248316278e-02
3.444706307245093968e-01 3.772205152587671667e-02
3.372884949519641684e-01 3.785546796747257109e-02
3.301103172672733566e-01 3.797193844082546316e-02
3.229360450466197130e-01 3.807086714042030168e-02
3.157642533102552607e-01 3.815175500667278979e-02
3.085938429205495881e-01 3.821433911044688075e-02
3.014249147800632245e-01 3.825838792828996360e-02
2.942574731748196504e-01 3.828367093362911033e-02
2.870916217679467808e-01 3.828995741350642995e-02
2.799273857246692421e-01 3.827701723128608402e-02
2.727648406939546244e-01 3.824462052993370803e-02
2.656040421677178798e-01 3.819253780869334008e-02
2.584450351341199270e-01 3.812053975834477776e-02
2.512879045722536397e-01 3.802839783431203463e-02
2.441326656101005799e-01 3.791588294166721440e-02
2.369794318451800830e-01 3.778276780899948728e-02
2.298282022789644163e-01 3.762882352011603926e-02
2.226790795166415093e-01 3.745382349878553785e-02
2.155320866263136792e-01 3.725753974004699515e-02
2.083872995217938007e-01 3.703974585591111868e-02
2.012447676344572556e-01 3.680021509364777427e-02
1.941045399801990534e-01 3.653872092737699140e-02
1.869680844410618603e-01 3.625508107043147465e-02
1.798500502508543764e-01 3.594860924385834960e-02
1.727568797631584552e-01 3.561657409119824147e-02
1.656880766852343034e-01 3.525585038574706453e-02
1.586446572454126569e-01 3.486344901269525232e-02
1.516260027224284601e-01 3.443635293761222738e-02
1.446331370013999862e-01 3.397169951674761101e-02
1.376654784820610655e-01 3.346658133085331222e-02
1.307238849614888454e-01 3.291824567498705806e-02
1.238079656589986671e-01 3.232390084181993584e-02
1.169229352964205049e-01 3.168113596636597251e-02
1.100749961646397129e-01 3.098681376108822910e-02
1.032644933607743815e-01 3.023708009059908677e-02
9.649232572677053643e-02 2.942825930740379167e-02
8.975795451022093585e-02 2.855661182270797724e-02
8.306218946742832676e-02 2.761866172336326433e-02
7.640500702350466744e-02 2.661092370395361922e-02
6.978615550860634009e-02 2.552995517649445101e-02
6.320620372736214521e-02 2.437252826726533927e-02
5.668454049699902381e-02 2.313876832281807835e-02
5.031487350987816354e-02 2.183642764024881083e-02
4.411905677821445493e-02 2.045501476856225603e-02
3.810128514809241890e-02 1.898281378271957087e-02
3.226474459369869929e-02 1.741002005047736709e-02
2.668577566127601497e-02 1.574855072704616638e-02
2.144727222279853296e-02 1.400564315585712920e-02
1.648831865182426651e-02 1.214717813501392518e-02
1.175636547267279453e-02 1.014325572687702938e-02
7.421148075594788916e-03 8.074099244932570266e-03
5.065764905918874149e-03 6.767356699694213572e-03
3.648124775573193326e-03 5.773111679424714447e-03
2.611292931992228051e-03 4.843278213683131425e-03
1.868738502651726228e-03 3.990496679020638822e-03
1.253314742950682910e-03 3.074040727064028880e-03
8.089161948979239902e-04 2.194381913900532964e-03
4.925457998995107179e-04 1.315832860692574355e-03
3.466045869005799241e-04 6.854221730837317932e-04
2.779644757297182163e-04 6.540234463840656660e-05
2.956177512562852884e-04 -5.298352775475227098e-04
3.852404570423297817e-04 -1.039954702463187931e-03
5.396539611770790820e-04 -1.528810649283516296e-03
7.538538204101316153e-04 -1.997080327138986075e-03
1.093873219310642327e-03 -2.548582845570458895e-03
1.574173985150830379e-03 -3.144682458087598442e-03
2.184060407802467397e-03 -3.745968033849280711e-03
3.278463500863418138e-03 -4.600154305208992156e-03
4.996869635148740163e-03 -5.649520487101445006e-03
7.514675620143332693e-03 -6.881092452370544781e-03
1.038433580652122802e-02 -7.980959966475163064e-03
1.358266698482686087e-02 -8.905391437546216621e-03
1.739354878243379657e-02 -9.705216457587961462e-03
2.246762105590015615e-02 -1.047273556319300650e-02
2.881625473021658806e-02 -1.127092524014417126e-02
3.534475623049093684e-02 -1.198980360990736620e-02
4.201132658037316780e-02 -1.263521123673828211e-02
4.881195298527865600e-02 -1.321968984635809273e-02
5.573978888455127095e-02 -1.375720245995636255e-02
6.271215408890008780e-02 -1.425219805356025930e-02
6.969960642742099866e-02 -1.470501147109357261e-02
7.670215357740547968e-02 -1.511744294106725194e-02
8.371987114180072520e-02 -1.549131826855433894e-02
9.075282852195735994e-02 -1.582848402304426472e-02
9.780103926589386876e-02 -1.613080619744241759e-02
1.048645739045550029e-01 -1.640017604842248025e-02
1.119434519849817344e-01 -1.663850581263318432e-02
1.190376816027633039e-01 -1.684773134664138347e-02
1.261473587473906643e-01 -1.702981508629687266e-02
1.332723632062950414e-01 -1.718673871093485267e-02
1.404129396020245280e-01 -1.732051715285021568e-02
1.475687716009366490e-01 -1.743318011980402385e-02
1.547403260415249615e-01 -1.752679618326001901e-02
1.619271387070805313e-01 -1.760344701733744521e-02
1.691296198819866592e-01 -1.766525197958405610e-02
1.763475167254015541e-01 -1.771435071548574033e-02
1.835809097455767536e-01 -1.775291385622557172e-02
1.908276891896633631e-01 -1.778308111107194597e-02
1.980773061012969793e-01 -1.780595291134656061e-02
2.053279203247568296e-01 -1.782170376231327624e-02
2.125795093417387205e-01 -1.783047834532772852e-02
2.198320799741219078e-01 -1.783242154292855736e-02
2.270856414095060449e-01 -1.782767833056092543e-02
2.343401736572424676e-01 -1.781639383062911045e-02
2.415957025718364071e-01 -1.779871322622860602e-02
2.488522075158345059e-01 -1.777478190583116693e-02
2.561096928720595356e-01 -1.774474533621602304e-02
2.633681705429834485e-01 -1.770874905090067189e-02
2.706276191672166709e-01 -1.766693887239927790e-02
2.778880624922016040e-01 -1.761946050027348581e-02
2.851494837582520536e-01 -1.756645999474651387e-02
2.924118829541801912e-01 -1.750808344833714933e-02
2.996752766873019835e-01 -1.744447692442692779e-02
3.069396412624476600e-01 -1.737578695792488595e-02
3.142049973421788267e-01 -1.730215980733654235e-02
3.214713340451217927e-01 -1.722374215000403719e-02
3.287386450022656836e-01 -1.714068076205345001e-02
3.360069535214491032e-01 -1.705312219188800937e-02
3.432762326032952616e-01 -1.696121370658812411e-02
3.505464988446582164e-01 -1.686510217142059981e-02
3.578177492454202580e-01 -1.676493481317899853e-02
3.650899699980062474e-01 -1.666085914711249935e-02
3.723631904383256641e-01 -1.655302219031011546e-02
3.796373819584868969e-01 -1.644157192761309602e-02
3.869125552144042635e-01 -1.632665589436715220e-02
3.941887170927678707e-01 -1.620842179236323122e-02
4.014658489234933514e-01 -1.608701786819275933e-02
4.087439744079995330e-01 -1.596259179140997048e-02
4.160230760139820294e-01 -1.583529204783156244e-02
4.233031529117288194e-01 -1.570526697397796670e-02
4.305842238841820491e-01 -1.557266467163964663e-02
4.378662644102766510e-01 -1.543763415304277679e-02
4.451492915654020610e-01 -1.530032379659417713e-02
4.524333009049874010e-01 -1.516088250080571860e-02
4.597182790466626257e-01 -1.501945946997355549e-02
4.670038250246240641e-01 -1.487619224701093763e-02
4.742894441649730397e-01 -1.473113209541881789e-02
4.815751318110562673e-01 -1.458429563116368441e-02
4.888608895352198891e-01 -1.443569934712186226e-02
4.961467155124869022e-01 -1.428535980710969253e-02
5.034326124473326169e-01 -1.413329348353868468e-02
5.107185794562452141e-01 -1.397951692435050498e-02
5.180046161615934341e-01 -1.382404666938807404e-02
5.252907258329123641e-01 -1.366689918167730139e-02
5.325769057969684805e-01 -1.350809105338264537e-02
5.398631579008451586e-01 -1.334763878095576381e-02
5.471494829727148179e-01 -1.318555888387825531e-02
5.544358795602611911e-01 -1.302186793429431673e-02
5.617223507261858151e-01 -1.285658240461413915e-02
5.690088948656930601e-01 -1.268971887388172480e-02
5.762955123129558377e-01 -1.252129387939883778e-02
5.835822056329310614e-01 -1.235132390779971820e-02
5.908689725054615538e-01 -1.217982556094232213e-02
5.981558151161203707e-01 -1.200681533706074097e-02
6.054427336114678315e-01 -1.183230978350933646e-02
6.127297268809090980e-01 -1.165632547989739476e-02
6.200167983141504635e-01 -1.147887889856436840e-02
6.273039456478569642e-01 -1.129998665036558922e-02
6.345911698656708788e-01 -1.111966526914956455e-02
6.418784728905357895e-01 -1.093793126634464395e-02
6.491658527244094090e-01 -1.075480125267830843e-02
6.564533118601364459e-01 -1.057029172812848881e-02
6.637408498253934974e-01 -1.038441926856241947e-02
6.710284658202488872e-01 -1.019720046050225960e-02
6.783161635301250270e-01 -1.000865177644525220e-02
6.856039400960174390e-01 -9.818789859159935546e-03
6.928917970885384303e-01 -9.627631238723776200e-03
7.001797358513377478e-01 -9.435192451952532922e-03
7.074677546774089665e-01 -9.241490117913078381e-03
7.147558563355909111e-01 -9.046540738569480364e-03
7.220440397975246283e-01 -8.850360918369741189e-03
7.293323047978781393e-01 -8.652967243550921742e-03
7.366206545211775314e-01 -8.454376208057138783e-03
7.439090863409844046e-01 -8.254604465330647733e-03
7.511976020971572465e-01 -8.053668548830359569e-03
7.584862026168908145e-01 -7.851585020815217072e-03
7.657748864530405930e-01 -7.648370508428711280e-03
7.730636566191193548e-01 -7.444041516117175239e-03
7.803525115936593703e-01 -7.238614676460624481e-03
7.876414515962479879e-01 -7.032106575292197334e-03
7.949304793344984521e-01 -6.824533729070099246e-03
8.022195924221955377e-01 -6.615912800640584915e-03
8.095087929241773228e-01 -6.406260327660192808e-03
8.167980812140962499e-01 -6.195592897405042404e-03
8.240874560734234855e-01 -5.983927145072859104e-03
8.313769207289933849e-01 -5.771279578315168142e-03
8.386664732292055113e-01 -5.557666856934164422e-03
8.459561142158468217e-01 -5.343105567025718816e-03
8.532458459825321695e-01 -5.127612247180341441e-03
8.605356663520020710e-01 -4.911203569603902509e-03
8.678255775827206087e-01 -4.693896076842758204e-03
8.751155796577695378e-01 -4.475706380337638422e-03
8.824056715559238651e-01 -4.256651123531782210e-03
8.896958566859700657e-01 -4.036746818204210024e-03
8.969861327291832609e-01 -3.816010150064035305e-03
9.042765006867516941e-01 -3.594457706533552271e-03
9.115669625012700061e-01 -3.372106047562004397e-03
9.188575161731024066e-01 -3.148971854867088551e-03
9.261481641229605266e-01 -2.925071676759708177e-03
9.334389060063632559e-01 -2.700422147621942947e-03
9.407297409680308586e-01 -2.475039919520016611e-03
9.480206725673092638e-01 -2.248941509455244011e-03
9.553116981813751796e-01 -2.022143627378557643e-03
9.626028191079676333e-01 -1.794662863444395230e-03
9.698940370016777557e-01 -1.566515797851067210e-03
9.771853500091104427e-01 -1.337719122149689686e-03
9.844767606818265460e-01 -1.108289391445776116e-03
9.917682684108094504e-01 -8.782432615243557878e-04
9.990598724753266824e-01 -6.475973936111562284e-04
