bo_1
9.986076951026916504e-01 3.445565016590990126e-05
9.869527816772460938e-01 1.815744442865252495e-03
9.799472689628601074e-01 2.664299914613366127e-03
9.720557928085327148e-01 3.567422274500131607e-03
9.675375819206237793e-01 4.070554394274950027e-03
9.600740075111389160e-01 4.890141543000936508e-03
9.504878520965576172e-01 5.935014225542545319e-03
9.406748414039611816e-01 7.005368825048208237e-03
9.314448237419128418e-01 8.014286868274211884e-03
9.240494370460510254e-01 8.822156116366386414e-03
9.149733781814575195e-01 9.809765964746475220e-03
9.072515964508056641e-01 1.064443495124578476e-02
8.976094722747802734e-01 1.167716551572084427e-02
8.908197879791259766e-01 1.239715050905942917e-02
8.812057375907897949e-01 1.340551581233739853e-02
8.744246959686279297e-01 1.410862524062395096e-02
8.658942580223083496e-01 1.498334668576717377e-02
8.579999804496765137e-01 1.578307151794433594e-02
8.487603664398193359e-01 1.670710742473602295e-02
8.403916358947753906e-01 1.753291673958301544e-02
8.326778411865234375e-01 1.828477345407009125e-02
8.252059817314147949e-01 1.900456100702285767e-02
8.169798254966735840e-01 1.978738978505134583e-02
8.095284104347229004e-01 2.048781327903270721e-02
8.007378578186035156e-01 2.130356431007385254e-02
7.913393378257751465e-01 2.216308750212192535e-02
7.837222814559936523e-01 2.285013720393180847e-02
7.743002772331237793e-01 2.368812449276447296e-02
7.662863135337829590e-01 2.439055964350700378e-02
7.579880356788635254e-01 2.510785125195980072e-02
7.510042190551757812e-01 2.570356614887714386e-02
7.418767809867858887e-01 2.647110074758529663e-02
7.346863746643066406e-01 2.706690132617950439e-02
7.264612317085266113e-01 2.773876860737800598e-02
7.198956012725830078e-01 2.826763689517974854e-02
7.115594744682312012e-01 2.892949804663658142e-02
7.037341594696044922e-01 2.954092435538768768e-02
6.935545206069946289e-01 3.032179176807403564e-02
6.856937408447265625e-01 3.091342560946941376e-02
6.761231422424316406e-01 3.162018209695816040e-02
6.687248349189758301e-01 3.215617686510086060e-02
6.595130562782287598e-01 3.281077370047569275e-02
6.519933342933654785e-01 3.333446383476257324e-02
6.429530382156372070e-01 3.395118191838264465e-02
6.350881457328796387e-01 3.447612002491950989e-02
6.260757446289062500e-01 3.506417945027351379e-02
6.177001595497131348e-01 3.559760749340057373e-02
6.089865565299987793e-01 3.613898158073425293e-02
6.006743311882019043e-01 3.664232790470123291e-02
5.931868553161621094e-01 3.708465024828910828e-02
5.842994451522827148e-01 3.759583458304405212e-02
5.760388374328613281e-01 3.805731609463691711e-02
5.681893825531005859e-01 3.848350420594215393e-02
5.590410828590393066e-01 3.896483406424522400e-02
5.504150390625000000e-01 3.940334916114807129e-02
5.411016941070556641e-01 3.985985741019248962e-02
5.332198143005371094e-01 4.023231938481330872e-02
5.245411992073059082e-01 4.062750935554504395e-02
5.146744251251220703e-01 4.105760157108306885e-02
5.060270428657531738e-01 4.141755029559135437e-02
4.961858987808227539e-01 4.180765151977539062e-02
4.886611998081207275e-01 4.209176078438758850e-02
4.803645014762878418e-01 4.239061847329139709e-02
4.707093536853790283e-01 4.271923005580902100e-02
4.617706835269927979e-01 4.300486668944358826e-02
4.541120231151580811e-01 4.323520883917808533e-02
4.451858997344970703e-01 4.348677769303321838e-02
4.362550377845764160e-01 4.372005164623260498e-02
4.268027842044830322e-01 4.394664242863655090e-02
4.181702435016632080e-01 4.413509368896484375e-02
4.104765951633453369e-01 4.428800195455551147e-02
4.018795490264892578e-01 4.444188252091407776e-02
3.930278122425079346e-01 4.458128288388252258e-02
3.837821185588836670e-01 4.470599070191383362e-02
3.757974803447723389e-01 4.479620605707168579e-02
3.677306175231933594e-01 4.487062990665435791e-02
3.592715859413146973e-01 4.493028298020362854e-02
3.501018285751342773e-01 4.497326537966728210e-02
3.412759304046630859e-01 4.499286785721778870e-02
3.339053988456726074e-01 4.499250277876853943e-02
3.241535127162933350e-01 4.496804624795913696e-02
3.162647485733032227e-01 4.492776840925216675e-02
3.068340420722961426e-01 4.485483095049858093e-02
2.983159124851226807e-01 4.476507380604743958e-02
2.904399931430816650e-01 4.466126486659049988e-02
2.815091311931610107e-01 4.451853409409523010e-02
2.728562057018280029e-01 4.435398429632186890e-02
2.628561258316040039e-01 4.413028061389923096e-02
2.548835575580596924e-01 4.392509534955024719e-02
2.454994469881057739e-01 4.365166276693344116e-02
2.372957020998001099e-01 4.338307306170463562e-02
2.287752628326416016e-01 4.307351633906364441e-02
2.210384607315063477e-01 4.276410490274429321e-02
2.112233787775039673e-01 4.233070835471153259e-02
2.021459043025970459e-01 4.188685491681098938e-02
1.923546940088272095e-01 4.135867580771446228e-02
1.839788854122161865e-01 4.086351022124290466e-02
1.763186305761337280e-01 4.037336260080337524e-02
1.680656075477600098e-01 3.980292007327079773e-02
1.589777767658233643e-01 3.912039473652839661e-02
1.502490639686584473e-01 3.840719535946846008e-02
1.423981785774230957e-01 3.771374747157096863e-02
1.348107457160949707e-01 3.699324280023574829e-02
1.272043734788894653e-01 3.621754050254821777e-02
1.205694377422332764e-01 3.549399226903915405e-02
1.126525029540061951e-01 3.456894680857658386e-02
1.061352342367172241e-01 3.375308588147163391e-02
9.709136188030242920e-02 3.253206238150596619e-02
9.078443050384521484e-02 3.161384910345077515e-02
8.287330716848373413e-02 3.037660568952560425e-02
7.733932882547378540e-02 2.944933064281940460e-02
6.944391876459121704e-02 2.802877314388751984e-02
6.431455165147781372e-02 2.703816816210746765e-02
5.612893775105476379e-02 2.533282712101936340e-02
5.078596249222755432e-02 2.412695623934268951e-02
4.331606999039649963e-02 2.229894138872623444e-02
3.807270154356956482e-02 2.090155705809593201e-02
3.153172880411148071e-02 1.900070160627365112e-02
2.715743705630302429e-02 1.761314272880554199e-02
2.241642400622367859e-02 1.598041504621505737e-02
1.777798309922218323e-02 1.422157883644104004e-02
1.460252329707145691e-02 1.290013920515775681e-02
1.039208564907312393e-02 1.094981562346220016e-02
6.159018725156784058e-03 8.650433272123336792e-03
3.360427916049957275e-03 6.811928935348987579e-03
1.351852901279926300e-03 5.192582961171865463e-03
-1.083144306903705001e-04 3.680179594084620476e-03
-7.135278428904712200e-04 2.868352923542261124e-03
-1.538449199870228767e-03 1.161481486633419991e-03
-1.678081112913787365e-03 5.158617859706282616e-04
-1.690336852334439754e-03 -4.592589393723756075e-04
-1.492375857196748257e-03 -1.299046562053263187e-03
-1.128450385294854641e-03 -2.061858773231506348e-03
-6.081642932258546352e-04 -2.782166935503482819e-03
5.749487318098545074e-04 -3.895975416526198387e-03
2.280943794175982475e-03 -5.006242543458938599e-03
4.414977971464395523e-03 -6.034027319401502609e-03
7.277216296643018723e-03 -7.091014180332422256e-03
9.938699193298816681e-03 -7.879223674535751343e-03
1.412370894104242325e-02 -8.883649483323097229e-03
1.827160082757472992e-02 -9.690895676612854004e-03
2.324596233665943146e-02 -1.049192622303962708e-02
2.935576625168323517e-02 -1.130076218396425247e-02
3.583776950836181641e-02 -1.200790703296661377e-02
4.290002956986427307e-02 -1.264877058565616608e-02
5.141136795282363892e-02 -1.328705530613660812e-02
5.713214725255966187e-02 -1.365163642913103104e-02
6.610786914825439453e-02 -1.414086390286684036e-02
7.349827885627746582e-02 -1.448117103427648544e-02
8.197377622127532959e-02 -1.481435354799032211e-02
8.902117609977722168e-02 -1.505195163190364838e-02
9.858903288841247559e-02 -1.532579027116298676e-02
1.073502078652381897e-01 -1.553411968052387238e-02
1.144112870097160339e-01 -1.567633263766765594e-02
1.221774965524673462e-01 -1.580920815467834473e-02
1.317192018032073975e-01 -1.594232581555843353e-02
1.395832151174545288e-01 -1.602964475750923157e-02
1.479396969079971313e-01 -1.610245928168296814e-02
1.538105309009552002e-01 -1.614230312407016754e-02
1.629385948181152344e-01 -1.618723012506961823e-02
1.700081229209899902e-01 -1.620881259441375732e-02
1.795006692409515381e-01 -1.622110046446323395e-02
1.900458335876464844e-01 -1.621410809457302094e-02
1.992719918489456177e-01 -1.619162783026695251e-02
2.087157070636749268e-01 -1.615401171147823334e-02
2.176104336977005005e-01 -1.610601693391799927e-02
2.269190400838851929e-01 -1.604359224438667297e-02
2.373553663492202759e-01 -1.595974713563919067e-02
2.442778050899505615e-01 -1.589653640985488892e-02
2.538569569587707520e-01 -1.579963043332099915e-02
2.614133656024932861e-01 -1.571584865450859070e-02
2.702628672122955322e-01 -1.560991723090410233e-02
2.815868556499481201e-01 -1.546273846179246902e-02
2.907727062702178955e-01 -1.533428020775318146e-02
2.998209297657012939e-01 -1.520023308694362640e-02
3.089243769645690918e-01 -1.505820732563734055e-02
3.180162310600280762e-01 -1.490952540189027786e-02
3.254438340663909912e-01 -1.478321477770805359e-02
3.355731666088104248e-01 -1.460425276309251785e-02
3.444878160953521729e-01 -1.444061845541000366e-02
3.528258204460144043e-01 -1.428261213004589081e-02
3.620647788047790527e-01 -1.410218141973018646e-02
3.704833388328552246e-01 -1.393307279795408249e-02
3.816737830638885498e-01 -1.370167825371026993e-02
3.912488222122192383e-01 -1.349798589944839478e-02
3.995859920978546143e-01 -1.331654656678438187e-02
4.075377285480499268e-01 -1.314010750502347946e-02
4.180385172367095947e-01 -1.290227286517620087e-02
4.266571104526519775e-01 -1.270314678549766541e-02
4.356500506401062012e-01 -1.249178219586610794e-02
4.431185722351074219e-01 -1.231359224766492844e-02
4.527108371257781982e-01 -1.208136510103940964e-02
4.625160992145538330e-01 -1.184027269482612610e-02
4.712184965610504150e-01 -1.162333041429519653e-02
4.794548749923706055e-01 -1.141558680683374405e-02
4.884507656097412109e-01 -1.118613872677087784e-02
4.977219998836517334e-01 -1.094707380980253220e-02
5.057960152626037598e-01 -1.073686964809894562e-02
5.148984789848327637e-01 -1.049780286848545074e-02
5.228354930877685547e-01 -1.028768252581357956e-02
5.311070680618286133e-01 -1.006717607378959656e-02
5.405098199844360352e-01 -9.814797900617122650e-03
5.495834946632385254e-01 -9.569703601300716400e-03
5.576947927474975586e-01 -9.349470026791095734e-03
5.667551159858703613e-01 -9.102368727326393127e-03
5.754587650299072266e-01 -8.864086121320724487e-03
5.841795802116394043e-01 -8.624611422419548035e-03
5.920834541320800781e-01 -8.407106623053550720e-03
6.012187004089355469e-01 -8.155347779393196106e-03
6.089919209480285645e-01 -7.940982468426227570e-03
6.177114248275756836e-01 -7.700545713305473328e-03
6.261858344078063965e-01 -7.467092480510473251e-03
6.344134807586669922e-01 -7.240832783281803131e-03
6.426679491996765137e-01 -7.014425005763769150e-03
6.516342759132385254e-01 -6.769389845430850983e-03
6.600178480148315430e-01 -6.541342474520206451e-03
6.685501337051391602e-01 -6.310551427304744720e-03
6.781677007675170898e-01 -6.052266340702772141e-03
6.877949237823486328e-01 -5.796033423393964767e-03
6.960394382476806641e-01 -5.578724201768636703e-03
7.056075334548950195e-01 -5.329294595867395401e-03
7.143585085868835449e-01 -5.104058422148227692e-03
7.221987247467041016e-01 -4.904855042695999146e-03
7.302571535110473633e-01 -4.702872131019830704e-03
7.391269207000732422e-01 -4.484044387936592102e-03
7.478347420692443848e-01 -4.273041617125272751e-03
7.563140392303466797e-01 -4.071463830769062042e-03
7.652447223663330078e-01 -3.863540012389421463e-03
7.734866142272949219e-01 -3.675866639241576195e-03
7.816591858863830566e-01 -3.493932075798511505e-03
7.896486520767211914e-01 -3.320232033729553223e-03
7.981314063072204590e-01 -3.140437416732311249e-03
8.063710331916809082e-01 -2.970474772155284882e-03
8.145120739936828613e-01 -2.807144308462738991e-03
8.229181170463562012e-01 -2.643333980813622475e-03
8.317399621009826660e-01 -2.476694993674755096e-03
8.403056263923645020e-01 -2.320001833140850067e-03
8.495634794235229492e-01 -2.156125148758292198e-03
8.575217127799987793e-01 -2.019599545747041702e-03
8.648644089698791504e-01 -1.896956469863653183e-03
8.733849525451660156e-01 -1.758274855092167854e-03
8.812676072120666504e-01 -1.633010921068489552e-03
8.886700868606567383e-01 -1.517569296993315220e-03
8.973091840744018555e-01 -1.384858042001724243e-03
9.052203297615051270e-01 -1.264565158635377884e-03
9.140383601188659668e-01 -1.131086610257625580e-03
9.223197698593139648e-01 -1.005687052384018898e-03
9.296674728393554688e-01 -8.940938278101384640e-04
9.372022747993469238e-01 -7.793076219968497753e-04
9.459537863731384277e-01 -6.459193537011742592e-04
9.543836116790771484e-01 -5.182310706004500389e-04
9.621741175651550293e-01 -4.021456115879118443e-04
9.708589911460876465e-01 -2.769775746855884790e-04
9.789726138114929199e-01 -1.671567879384383559e-04
9.885754585266113281e-01 -5.439452434075064957e-05
9.991224408149719238e-01 -2.592773671494796872e-05
