bo_2
9.988836050033569336e-01 1.443658402422443032e-04
9.947773218154907227e-01 6.594759179279208183e-04
9.860854148864746094e-01 1.671435893513262272e-03
9.783519506454467773e-01 2.535823965445160866e-03
9.726300239562988281e-01 3.160927910357713699e-03
9.617949128150939941e-01 4.320290405303239822e-03
9.513266086578369141e-01 5.420652218163013458e-03
9.423725008964538574e-01 6.353873759508132935e-03
9.345449805259704590e-01 7.166768889874219894e-03
9.276060461997985840e-01 7.886081002652645111e-03
9.200645685195922852e-01 8.666658774018287659e-03
9.137379527091979980e-01 9.320436045527458191e-03
9.069943428039550781e-01 1.001594029366970062e-02
9.013636708259582520e-01 1.059542968869209290e-02
8.943275213241577148e-01 1.131763309240341187e-02
8.880778551101684570e-01 1.195712666958570480e-02
8.799170255661010742e-01 1.278901379555463791e-02
8.723859190940856934e-01 1.355315279215574265e-02
8.616318106651306152e-01 1.463791634887456894e-02
8.519580960273742676e-01 1.560672093182802200e-02
8.430649638175964355e-01 1.649112813174724579e-02
8.343602418899536133e-01 1.735065318644046783e-02
8.236991167068481445e-01 1.839470304548740387e-02
8.160954117774963379e-01 1.913325488567352295e-02
8.060234189033508301e-01 2.010338939726352692e-02
7.977697849273681641e-01 2.089117653667926788e-02
7.865199446678161621e-01 2.195408195257186890e-02
7.770383358001708984e-01 2.283977717161178589e-02
7.669547796249389648e-01 2.377108857035636902e-02
7.580559253692626953e-01 2.458354271948337555e-02
7.486449480056762695e-01 2.543278597295284271e-02
7.397670149803161621e-01 2.622417733073234558e-02
7.314113974571228027e-01 2.696006000041961670e-02
7.233262062072753906e-01 2.766360342502593994e-02
7.156909108161926270e-01 2.832003124058246613e-02
7.069934010505676270e-01 2.905811183154582977e-02
6.957873106002807617e-01 2.999330125749111176e-02
6.872175931930541992e-01 3.069608658552169800e-02
6.792586445808410645e-01 3.133882582187652588e-02
6.682147979736328125e-01 3.221428021788597107e-02
6.579784154891967773e-01 3.300809487700462341e-02
6.499131321907043457e-01 3.362118825316429138e-02
6.430808305740356445e-01 3.413180261850357056e-02
6.323584914207458496e-01 3.491646423935890198e-02
6.217797994613647461e-01 3.567006438970565796e-02
6.120421290397644043e-01 3.634510934352874756e-02
6.030215620994567871e-01 3.695405274629592896e-02
5.923443436622619629e-01 3.765385225415229797e-02
5.821981430053710938e-01 3.829719498753547668e-02
5.728892683982849121e-01 3.886838629841804504e-02
5.641907453536987305e-01 3.938524797558784485e-02
5.558655858039855957e-01 3.986433148384094238e-02
5.482122898101806641e-01 4.029102995991706848e-02
5.382688045501708984e-01 4.082541912794113159e-02
5.296624898910522461e-01 4.126935079693794250e-02
5.209690928459167480e-01 4.169992357492446899e-02
5.131682157516479492e-01 4.207077994942665100e-02
5.038209557533264160e-01 4.249551519751548767e-02
4.948572218418121338e-01 4.288240149617195129e-02
4.867796301841735840e-01 4.321365058422088623e-02
4.787942469120025635e-01 4.352468624711036682e-02
4.687059819698333740e-01 4.389392957091331482e-02
4.604225754737854004e-01 4.417707398533821106e-02
4.520185887813568115e-01 4.444561898708343506e-02
4.431468844413757324e-01 4.470840096473693848e-02
4.342506825923919678e-01 4.495024681091308594e-02
4.253513813018798828e-01 4.517017677426338196e-02
4.154703617095947266e-01 4.538827016949653625e-02
4.059495627880096436e-01 4.557203873991966248e-02
3.981082141399383545e-01 4.570367932319641113e-02
3.904497325420379639e-01 4.581483080983161926e-02
3.823911845684051514e-01 4.591296985745429993e-02
3.720139861106872559e-01 4.601049050688743591e-02
3.647850751876831055e-01 4.605892673134803772e-02
3.556464612483978271e-01 4.609686881303787231e-02
3.483670949935913086e-01 4.610820114612579346e-02
3.377942740917205811e-01 4.609423503279685974e-02
3.311859667301177979e-01 4.606687650084495544e-02
3.225140571594238281e-01 4.600880295038223267e-02
3.165363967418670654e-01 4.595385491847991943e-02
3.071123063564300537e-01 4.584199190139770508e-02
3.007359206676483154e-01 4.574842378497123718e-02
2.929638922214508057e-01 4.561442881822586060e-02
2.842068374156951904e-01 4.543654620647430420e-02
2.754183411598205566e-01 4.522859677672386169e-02
2.684678733348846436e-01 4.504264891147613525e-02
2.610193192958831787e-01 4.482172429561614990e-02
2.552600204944610596e-01 4.463513940572738647e-02
2.475616186857223511e-01 4.436365514993667603e-02
2.409321218729019165e-01 4.410907253623008728e-02
2.324524372816085815e-01 4.375440627336502075e-02
2.257426828145980835e-01 4.344990476965904236e-02
2.183360755443572998e-01 4.308837279677391052e-02
2.114776670932769775e-01 4.272899031639099121e-02
2.022992968559265137e-01 4.220946505665779114e-02
1.961413323879241943e-01 4.183511063456535339e-02
1.881729215383529663e-01 4.131852835416793823e-02
1.810867339372634888e-01 4.082735627889633179e-02
1.739058494567871094e-01 4.029763117432594299e-02
1.665083765983581543e-01 3.971660882234573364e-02
1.586994230747222900e-01 3.906236961483955383e-02
1.502971798181533813e-01 3.830877691507339478e-02
1.433401256799697876e-01 3.764355555176734924e-02
1.351170539855957031e-01 3.680602833628654480e-02
1.292194426059722900e-01 3.616916760802268982e-02
1.197020560503005981e-01 3.507320582866668701e-02
1.146033853292465210e-01 3.444924578070640564e-02
1.063383743166923523e-01 3.337917476892471313e-02
1.017792969942092896e-01 3.275598585605621338e-02
9.231634438037872314e-02 3.138183057308197021e-02
8.713302761316299438e-02 3.057960234582424164e-02
7.890177518129348755e-02 2.922691777348518372e-02
7.484812289476394653e-02 2.852258458733558655e-02
6.606972217559814453e-02 2.690238505601882935e-02
6.151833757758140564e-02 2.600673399865627289e-02
5.153775215148925781e-02 2.389196678996086121e-02
4.595530405640602112e-02 2.260719612240791321e-02
4.026464745402336121e-02 2.121060341596603394e-02
3.650965914130210876e-02 2.023504488170146942e-02
2.668279223144054413e-02 1.743899099528789520e-02
2.201849780976772308e-02 1.596128754317760468e-02
1.785912923514842987e-02 1.453898753970861435e-02
1.226987689733505249e-02 1.242819800972938538e-02
8.653087541460990906e-03 1.089894119650125504e-02
3.934999927878379822e-03 8.613274432718753815e-03
1.373180886730551720e-03 7.156439125537872314e-03
-2.094407565891742706e-03 4.707769025117158890e-03
-3.101912327110767365e-03 3.789616050198674202e-03
-4.489429295063018799e-03 2.105795312672853470e-03
-4.848642274737358093e-03 1.463598338887095451e-03
-5.225130356848239899e-03 3.572715504560619593e-04
-5.291320383548736572e-03 -2.465105499140918255e-04
-5.228036083281040192e-03 -9.796695085242390633e-04
-5.128984805196523666e-03 -1.360461348667740822e-03
-4.692682065069675446e-03 -2.272318815812468529e-03
-3.798579098656773567e-03 -3.329336876049637794e-03
-2.949068555608391762e-03 -4.028190393000841141e-03
-1.799223478883504868e-03 -4.766482859849929810e-03
-6.987627784837968647e-06 -5.663328804075717926e-03
6.482657045125961304e-03 -7.804214954376220703e-03
9.450228884816169739e-03 -8.498770184814929962e-03
1.262486353516578674e-02 -9.130440652370452881e-03
1.656807027757167816e-02 -9.798233397305011749e-03
2.229213714599609375e-02 -1.060129236429929733e-02
3.246988728642463684e-02 -1.170160155743360519e-02
4.253155738115310669e-02 -1.251751091331243515e-02
5.317246541380882263e-02 -1.318352576345205307e-02
6.190169602632522583e-02 -1.361956726759672165e-02
7.167212665081024170e-02 -1.401717588305473328e-02
7.842333614826202393e-02 -1.424637623131275177e-02
8.498377352952957153e-02 -1.443899609148502350e-02
9.376433491706848145e-02 -1.465674582868814468e-02
1.029101461172103882e-01 -1.484165061265230179e-02
1.093811914324760437e-01 -1.495008170604705811e-02
1.182844638824462891e-01 -1.507270336151123047e-02
1.253154575824737549e-01 -1.515015866607427597e-02
1.337952911853790283e-01 -1.522336341440677643e-02
1.415826678276062012e-01 -1.527310721576213837e-02
1.504780054092407227e-01 -1.531159039586782455e-02
1.589592099189758301e-01 -1.533189415931701660e-02
1.669417470693588257e-01 -1.533780619502067566e-02
1.751625090837478638e-01 -1.533173024654388428e-02
1.850342303514480591e-01 -1.530962716788053513e-02
1.921680271625518799e-01 -1.528446469455957413e-02
2.011459767818450928e-01 -1.524278242141008377e-02
2.090805768966674805e-01 -1.519736554473638535e-02
2.173676639795303345e-01 -1.514202076941728592e-02
2.237932384014129639e-01 -1.509393192827701569e-02
2.299687713384628296e-01 -1.504371594637632370e-02
2.378197312355041504e-01 -1.497456058859825134e-02
2.457198202610015869e-01 -1.489934511482715607e-02
2.528825700283050537e-01 -1.482658926397562027e-02
2.650023996829986572e-01 -1.469432655721902847e-02
2.739067673683166504e-01 -1.459037605673074722e-02
2.807655632495880127e-01 -1.450668089091777802e-02
2.881492972373962402e-01 -1.441326737403869629e-02
2.964707911014556885e-01 -1.430410984903573990e-02
3.039764463901519775e-01 -1.420233119279146194e-02
3.129717111587524414e-01 -1.407646108418703079e-02
3.200615346431732178e-01 -1.397444028407335281e-02
3.278435170650482178e-01 -1.385975908488035202e-02
3.365971744060516357e-01 -1.372757740318775177e-02
3.454280197620391846e-01 -1.359102595597505569e-02
3.544467091560363770e-01 -1.344844326376914978e-02
3.643065690994262695e-01 -1.328917499631643295e-02
3.731045722961425781e-01 -1.314425468444824219e-02
3.818838000297546387e-01 -1.299716625362634659e-02
3.900941610336303711e-01 -1.285748463124036789e-02
3.996082842350006104e-01 -1.269319839775562286e-02
4.101175367832183838e-01 -1.250887382775545120e-02
4.179202020168304443e-01 -1.237018499523401260e-02
4.278887510299682617e-01 -1.219083089381456375e-02
4.365262687206268311e-01 -1.203356031328439713e-02
4.461432695388793945e-01 -1.185649819672107697e-02
4.532513022422790527e-01 -1.172435749322175980e-02
4.611662030220031738e-01 -1.157598569989204407e-02
4.690303802490234375e-01 -1.142732147127389908e-02
4.788784980773925781e-01 -1.123945228755474091e-02
4.858026504516601562e-01 -1.110625639557838440e-02
4.932852089405059814e-01 -1.096131559461355209e-02
5.013450980186462402e-01 -1.080404222011566162e-02
5.102788805961608887e-01 -1.062834169715642929e-02
5.189598798751831055e-01 -1.045625098049640656e-02
5.266631841659545898e-01 -1.030241977423429489e-02
5.352808237075805664e-01 -1.012908201664686203e-02
5.456461906433105469e-01 -9.918852709233760834e-03
5.551694035530090332e-01 -9.724021889269351959e-03
5.635213255882263184e-01 -9.551813825964927673e-03
5.731041431427001953e-01 -9.352683089673519135e-03
5.819771289825439453e-01 -9.166799485683441162e-03
5.903627872467041016e-01 -8.989789523184299469e-03
5.997766256332397461e-01 -8.789503015577793121e-03
6.080890297889709473e-01 -8.611246943473815918e-03
6.174456477165222168e-01 -8.409008383750915527e-03
6.265097856521606445e-01 -8.211453445255756378e-03
6.345199942588806152e-01 -8.035517297685146332e-03
6.440426707267761230e-01 -7.824691943824291229e-03
6.522119045257568359e-01 -7.642380427569150925e-03
6.615583896636962891e-01 -7.432146929204463959e-03
6.691374182701110840e-01 -7.260379847139120102e-03
6.781553030014038086e-01 -7.054504938423633575e-03
6.858608722686767578e-01 -6.877325009554624557e-03
6.949269771575927734e-01 -6.667392328381538391e-03
7.040095925331115723e-01 -6.455544382333755493e-03
7.133824825286865234e-01 -6.235386244952678680e-03
7.233128547668457031e-01 -6.000547669827938080e-03
7.332960963249206543e-01 -5.762971471995115280e-03
7.456527352333068848e-01 -5.467150360345840454e-03
7.580477595329284668e-01 -5.168903619050979614e-03
7.682222127914428711e-01 -4.923371132463216782e-03
7.764329910278320312e-01 -4.725045058876276016e-03
7.865481376647949219e-01 -4.480863921344280243e-03
7.955844998359680176e-01 -4.263227339833974838e-03
8.042224645614624023e-01 -4.055997356772422791e-03
8.111552000045776367e-01 -3.890490392223000526e-03
8.240486383438110352e-01 -3.585322527214884758e-03
8.339644074440002441e-01 -3.353637643158435822e-03
8.472511172294616699e-01 -3.048406448215246201e-03
8.543735146522521973e-01 -2.887665526941418648e-03
8.632218837738037109e-01 -2.691107569262385368e-03
8.725186586380004883e-01 -2.488627796992659569e-03
8.850724697113037109e-01 -2.222092123702168465e-03
8.926530480384826660e-01 -2.064990112558007240e-03
8.994338512420654297e-01 -1.926820143125951290e-03
9.067580699920654297e-01 -1.779893995262682438e-03
9.170540571212768555e-01 -1.576909446157515049e-03
9.263170957565307617e-01 -1.397163840010762215e-03
9.339739680290222168e-01 -1.250132801942527294e-03
9.419441223144531250e-01 -1.098216045647859573e-03
9.499220848083496094e-01 -9.470986551605165005e-04
9.590118527412414551e-01 -7.760768057778477669e-04
9.666314721107482910e-01 -6.339345709420740604e-04
9.766011238098144531e-01 -4.506602999754250050e-04
9.867262244224548340e-01 -2.706561353988945484e-04
9.964895248413085938e-01 -1.151117903646081686e-04
9.992421269416809082e-01 -9.211937140207737684e-05
