bo_3
9.987004399299621582e-01 3.033206485270056874e-05
9.908958077430725098e-01 1.635046559385955334e-03
9.807750582695007324e-01 3.447629511356353760e-03
9.731738567352294922e-01 4.726380575448274612e-03
9.635591506958007812e-01 6.260665133595466614e-03
9.550207853317260742e-01 7.548558991402387619e-03
9.485440850257873535e-01 8.479870855808258057e-03
9.402608275413513184e-01 9.616510942578315735e-03
9.339199066162109375e-01 1.044878456741571426e-02
9.266598224639892578e-01 1.136615965515375137e-02
9.215117096900939941e-01 1.199642289429903030e-02
9.115920066833496094e-01 1.317061483860015869e-02
9.046502709388732910e-01 1.396552193909883499e-02
8.964704871177673340e-01 1.487850304692983627e-02
8.883655667304992676e-01 1.576142571866512299e-02
8.789560794830322266e-01 1.676306501030921936e-02
8.694720268249511719e-01 1.775045879185199738e-02
8.625704646110534668e-01 1.845652423799037933e-02
8.532669544219970703e-01 1.939314790070056915e-02
8.444288969039916992e-01 2.026809006929397583e-02
8.352212309837341309e-01 2.116538584232330322e-02
8.274010419845581055e-01 2.191673405468463898e-02
8.148624897003173828e-01 2.310201153159141541e-02
8.075991868972778320e-01 2.377818897366523743e-02
7.960503101348876953e-01 2.483827248215675354e-02
7.882077097892761230e-01 2.554792352020740509e-02
7.775937318801879883e-01 2.649557031691074371e-02
7.711646556854248047e-01 2.706257253885269165e-02
7.630136609077453613e-01 2.777394093573093414e-02
7.554452419281005859e-01 2.842707373201847076e-02
7.471541166305541992e-01 2.913446538150310516e-02
7.386728525161743164e-01 2.984935976564884186e-02
7.291074395179748535e-01 3.064513392746448517e-02
7.210229635238647461e-01 3.130902722477912903e-02
7.122865319252014160e-01 3.201752901077270508e-02
7.022638916969299316e-01 3.281885012984275818e-02
6.940558552742004395e-01 3.346590325236320496e-02
6.865549683570861816e-01 3.404992073774337769e-02
6.790136694908142090e-01 3.463001921772956848e-02
6.685858964920043945e-01 3.542031347751617432e-02
6.599283814430236816e-01 3.606586530804634094e-02
6.516997218132019043e-01 3.667043522000312805e-02
6.450373530387878418e-01 3.715336695313453674e-02
6.365011334419250488e-01 3.776345029473304749e-02
6.274371743202209473e-01 3.840037435293197632e-02
6.194263696670532227e-01 3.895377740263938904e-02
6.105375289916992188e-01 3.955718129873275757e-02
6.015141010284423828e-01 4.015800356864929199e-02
5.938949584960937500e-01 4.065592214465141296e-02
5.849823355674743652e-01 4.122718051075935364e-02
5.749632716178894043e-01 4.185462743043899536e-02
5.656585693359375000e-01 4.242299497127532959e-02
5.562189817428588867e-01 4.298510774970054626e-02
5.475538372993469238e-01 4.348792508244514465e-02
5.386582016944885254e-01 4.399064928293228149e-02
5.286883711814880371e-01 4.453741759061813354e-02
5.205168724060058594e-01 4.497209936380386353e-02
5.117443799972534180e-01 4.542492702603340149e-02
5.029395818710327148e-01 4.586464539170265198e-02
4.945661127567291260e-01 4.626876488327980042e-02
4.846146404743194580e-01 4.673076793551445007e-02
4.753267168998718262e-01 4.714359343051910400e-02
4.646560251712799072e-01 4.759538173675537109e-02
4.551692903041839600e-01 4.797628149390220642e-02
4.479717314243316650e-01 4.825190082192420959e-02
4.401567280292510986e-01 4.853781685233116150e-02
4.312666654586791992e-01 4.884578287601470947e-02
4.224191308021545410e-01 4.913359880447387695e-02
4.119693338871002197e-01 4.944887012243270874e-02
4.039330184459686279e-01 4.967270046472549438e-02
3.948072493076324463e-01 4.990669712424278259e-02
3.865131139755249023e-01 5.010028183460235596e-02
3.776562511920928955e-01 5.028640851378440857e-02
3.705590665340423584e-01 5.041984468698501587e-02
3.635661005973815918e-01 5.053728446364402771e-02
3.532595038414001465e-01 5.068431422114372253e-02
3.458643853664398193e-01 5.077016726136207581e-02
3.359534442424774170e-01 5.085862427949905396e-02
3.282759785652160645e-01 5.090558156371116638e-02
3.199828267097473145e-01 5.093447118997573853e-02
3.133981525897979736e-01 5.094078183174133301e-02
3.055811822414398193e-01 5.092859640717506409e-02
2.962879240512847900e-01 5.088536441326141357e-02
2.874325513839721680e-01 5.081404373049736023e-02
2.782554924488067627e-01 5.070779845118522644e-02
2.704663276672363281e-01 5.059071630239486694e-02
2.637306451797485352e-01 5.046880617737770081e-02
2.567450702190399170e-01 5.032138526439666748e-02
2.500251829624176025e-01 5.015864223241806030e-02
2.421637624502182007e-01 4.994119703769683838e-02
2.332082092761993408e-01 4.965631291270256042e-02
2.253810316324234009e-01 4.937331750988960266e-02
2.175753712654113770e-01 4.905791208148002625e-02
2.088587582111358643e-01 4.866446182131767273e-02
1.996306329965591431e-01 4.819775000214576721e-02
1.900351941585540771e-01 4.765421524643898010e-02
1.827889233827590942e-01 4.720190167427062988e-02
1.749850511550903320e-01 4.667196795344352722e-02
1.674845963716506958e-01 4.611833021044731140e-02
1.600577086210250854e-01 4.552469402551651001e-02
1.537962555885314941e-01 4.498698189854621887e-02
1.452815234661102295e-01 4.419761896133422852e-02
1.356647014617919922e-01 4.321951419115066528e-02
1.274301409721374512e-01 4.230290651321411133e-02
1.202806681394577026e-01 4.144304990768432617e-02
1.115783676505088806e-01 4.030947014689445496e-02
1.037756428122520447e-01 3.920496255159378052e-02
9.381321817636489868e-02 3.766145929694175720e-02
8.764002472162246704e-02 3.662283346056938171e-02
8.078111708164215088e-02 3.538791835308074951e-02
7.312458753585815430e-02 3.389939665794372559e-02
6.543347984552383423e-02 3.227476403117179871e-02
5.820447579026222229e-02 3.061546757817268372e-02
4.943943396210670471e-02 2.840757556259632111e-02
4.348791390657424927e-02 2.676814049482345581e-02
3.702481836080551147e-02 2.483856305480003357e-02
3.087805211544036865e-02 2.283526211977005005e-02
2.458781190216541290e-02 2.058051899075508118e-02
1.965283788740634918e-02 1.863271743059158325e-02
1.347004715353250504e-02 1.590091362595558167e-02
9.168885648250579834e-03 1.373665314167737961e-02
2.169168321415781975e-03 9.397424757480621338e-03
-6.415451061911880970e-04 7.043916732072830200e-03
-2.487215446308255196e-03 4.916177596896886826e-03
-3.391031175851821899e-03 3.250133479014039040e-03
-3.719652770087122917e-03 1.738269231282174587e-03
-3.621626412495970726e-03 6.882506422698497772e-04
-3.449485171586275101e-03 1.438358303857967257e-04
-3.154976293444633484e-03 -4.521082737483084202e-04
-2.929216716438531876e-03 -7.975411135703325272e-04
-2.710429020226001740e-03 -1.082433969713747501e-03
-2.178703434765338898e-03 -1.651434227824211121e-03
-1.633411506190896034e-03 -2.123442711308598518e-03
-7.635656511411070824e-04 -2.739180345088243484e-03
2.898092789109796286e-04 -3.345058532431721687e-03
1.389413606375455856e-03 -3.872811095789074898e-03
2.801675116643309593e-03 -4.445130936801433563e-03
6.089481059461832047e-03 -5.488692782819271088e-03
8.076173253357410431e-03 -5.991452373564243317e-03
1.344445347785949707e-02 -7.058410439640283585e-03
1.991164684295654297e-02 -7.992134429514408112e-03
2.845006249845027924e-02 -8.882676251232624054e-03
3.477388620376586914e-02 -9.381495416164398193e-03
4.244576767086982727e-02 -9.861079044640064240e-03
5.142059177160263062e-02 -1.029483228921890259e-02
6.116769835352897644e-02 -1.065197121351957321e-02
7.098194956779479980e-02 -1.092173159122467041e-02
8.004952222108840942e-02 -1.110858004540205002e-02
8.932607620954513550e-02 -1.124968007206916809e-02
9.838153421878814697e-02 -1.134675741195678711e-02
1.072043180465698242e-01 -1.140845101326704025e-02
1.145008578896522522e-01 -1.143802795559167862e-02
1.226963773369789124e-01 -1.145064365118741989e-02
1.308589279651641846e-01 -1.144363731145858765e-02
1.394269019365310669e-01 -1.141725759953260422e-02
1.494877636432647705e-01 -1.136366091668605804e-02
1.574876606464385986e-01 -1.130504440516233444e-02
1.669553816318511963e-01 -1.121878530830144882e-02
1.750531792640686035e-01 -1.113144122064113617e-02
1.824379414319992065e-01 -1.104153878986835480e-02
1.897757947444915771e-01 -1.094301044940948486e-02
1.971320509910583496e-01 -1.083545666188001633e-02
2.073551118373870850e-01 -1.067209523171186447e-02
2.149028927087783813e-01 -1.054158993065357208e-02
2.239934056997299194e-01 -1.037376839667558670e-02
2.316880375146865845e-01 -1.022297609597444534e-02
2.401150763034820557e-01 -1.004899945110082626e-02
2.474456876516342163e-01 -9.890411049127578735e-03
2.577713727951049805e-01 -9.655998088419437408e-03
2.661879062652587891e-01 -9.455718100070953369e-03
2.726738452911376953e-01 -9.295928291976451874e-03
2.824533283710479736e-01 -9.046309627592563629e-03
2.883492708206176758e-01 -8.890913799405097961e-03
2.983082830905914307e-01 -8.620310574769973755e-03
3.074839711189270020e-01 -8.362255059182643890e-03
3.171538114547729492e-01 -8.081557229161262512e-03
3.259314000606536865e-01 -7.819262333214282990e-03
3.334783315658569336e-01 -7.588230539113283157e-03
3.420443236827850342e-01 -7.320017088204622269e-03
3.500619828701019287e-01 -7.063406985253095627e-03
3.575208783149719238e-01 -6.820001173764467239e-03
3.670787215232849121e-01 -6.501765456050634384e-03
3.746713101863861084e-01 -6.244064308702945709e-03
3.840717673301696777e-01 -5.919265095144510269e-03
3.916251361370086670e-01 -5.653867498040199280e-03
3.985586762428283691e-01 -5.406931973993778229e-03
4.065294563770294189e-01 -5.119309760630130768e-03
4.152307510375976562e-01 -4.800973925739526749e-03
4.236634671688079834e-01 -4.488368052989244461e-03
4.311445355415344238e-01 -4.207868129014968872e-03
4.396478831768035889e-01 -3.885657526552677155e-03
4.491129517555236816e-01 -3.523096442222595215e-03
4.584304094314575195e-01 -3.162530483677983284e-03
4.660350978374481201e-01 -2.865832997485995293e-03
4.746915102005004883e-01 -2.525766147300601006e-03
4.848335683345794678e-01 -2.124611753970384598e-03
4.939192831516265869e-01 -1.763197011314332485e-03
5.013080239295959473e-01 -1.468175905756652355e-03
5.102354288101196289e-01 -1.110767130739986897e-03
5.188474655151367188e-01 -7.653994252905249596e-04
5.279197692871093750e-01 -4.014236619696021080e-04
5.362741351127624512e-01 -6.657151971012353897e-05
5.450100898742675781e-01 2.827706048265099525e-04
5.522919297218322754e-01 5.729764234274625778e-04
5.614711046218872070e-01 9.369919425807893276e-04
5.700536966323852539e-01 1.274993643164634705e-03
5.776066780090332031e-01 1.570108695887029171e-03
5.861395597457885742e-01 1.900372211821377277e-03
5.951107144355773926e-01 2.243365626782178879e-03
6.035287380218505859e-01 2.560646273195743561e-03
6.137546300888061523e-01 2.939218189567327499e-03
6.235166192054748535e-01 3.292630892246961594e-03
6.320387721061706543e-01 3.593963338062167168e-03
6.409980058670043945e-01 3.902725642547011375e-03
6.492227315902709961e-01 4.178248811513185501e-03
6.579200029373168945e-01 4.460603930056095123e-03
6.671568155288696289e-01 4.749519750475883484e-03
6.776183843612670898e-01 5.061968695372343063e-03
6.857393383979797363e-01 5.292891524732112885e-03
6.947925686836242676e-01 5.537539720535278320e-03
7.027639746665954590e-01 5.741166416555643082e-03
7.117365002632141113e-01 5.956464447081089020e-03
7.204465866088867188e-01 6.150711327791213989e-03
7.278296351432800293e-01 6.303496193140745163e-03
7.364886403083801270e-01 6.468309555202722549e-03
7.483621835708618164e-01 6.668129004538059235e-03
7.561309933662414551e-01 6.781948264688253403e-03
7.635393738746643066e-01 6.877689156681299210e-03
7.725358009338378906e-01 6.976798176765441895e-03
7.809136509895324707e-01 7.051870692521333694e-03
7.902630567550659180e-01 7.115707267075777054e-03
7.975726127624511719e-01 7.150772958993911743e-03
8.059955835342407227e-01 7.174835540354251862e-03
8.144633769989013672e-01 7.181193679571151733e-03
8.229130506515502930e-01 7.169507443904876709e-03
8.305261731147766113e-01 7.143361493945121765e-03
8.382914066314697266e-01 7.101212628185749054e-03
8.486207127571105957e-01 7.020387798547744751e-03
8.570796847343444824e-01 6.932500284165143967e-03
8.643881678581237793e-01 6.840181071311235428e-03
8.719424605369567871e-01 6.727981381118297577e-03
8.798425793647766113e-01 6.591247860342264175e-03
8.878536224365234375e-01 6.430653389543294907e-03
8.973751664161682129e-01 6.207800470292568207e-03
9.050760269165039062e-01 5.998826585710048676e-03
9.122019410133361816e-01 5.779351107776165009e-03
9.214379787445068359e-01 5.452155601233243942e-03
9.284438490867614746e-01 5.167459603399038315e-03
9.383449554443359375e-01 4.704278893768787384e-03
9.461999535560607910e-01 4.281148780137300491e-03
9.533009529113769531e-01 3.853229340165853500e-03
9.607778787612915039e-01 3.354001091793179512e-03
9.705014824867248535e-01 2.627084497362375259e-03
9.793075919151306152e-01 1.888060010969638824e-03
9.861362576484680176e-01 1.254738657735288143e-03
9.991490244865417480e-01 -2.438577212160453200e-04
