af_-2.0_0.7F
1.000087159341960907e+00 1.234626527876829223e-03
9.930942038017597229e-01 2.267462969137772240e-03
9.860896551265005971e-01 3.262735376631175580e-03
9.790731922383265617e-01 4.221652563046988590e-03
9.720451739060195218e-01 5.145336189231574341e-03
9.650053077626452591e-01 6.035003331475044183e-03
9.579539304662910704e-01 6.891797946817412521e-03
9.508908029532002759e-01 7.716944042119689567e-03
9.438162128651095273e-01 8.511611143022715723e-03
9.367299998172434750e-01 9.277029291261233018e-03
9.296323748527144382e-01 1.001439618254740434e-02
9.225232822170840175e-01 1.072494738466433714e-02
9.154028283084314488e-01 1.140991078191476438e-02
9.082710883799965940e-01 1.207052727591278497e-02
9.011280358268911606e-01 1.270805648243896260e-02
8.939739036182245968e-01 1.332374467595891926e-02
8.868085035744112110e-01 1.391888439240145624e-02
8.796321860474666243e-01 1.449473276456519216e-02
8.724447745239064522e-01 1.505260027852044040e-02
8.652465151272658028e-01 1.559377388040453574e-02
8.580374221655771017e-01 1.611956912633762465e-02
8.508175100926216317e-01 1.663131145716567269e-02
8.435870325557974780e-01 1.713032011858815762e-02
8.363457796121968046e-01 1.761795704355309869e-02
8.290940986935814161e-01 1.809555684743110321e-02
8.218319497641506377e-01 1.856449126389227502e-02
8.145593763732901227e-01 1.902613711660967877e-02
8.072766162409111823e-01 1.948187010931992300e-02
7.999835104744867920e-01 1.993310197227381175e-02
7.926803305160157187e-01 2.038122885636320034e-02
7.853671548716145701e-01 2.082767036679691874e-02
7.780457428498066541e-01 2.127375510273296633e-02
7.707304189158473706e-01 2.172005407473725017e-02
7.634249679652201914e-01 2.216777457901615914e-02
7.561295099117560925e-01 2.261833574217090442e-02
7.488439637596734366e-01 2.307315778248508753e-02
7.415686283287333813e-01 2.353362596507397805e-02
7.343034216015885685e-01 2.400113822813023517e-02
7.270462101740480243e-01 2.447716088927140779e-02
7.197864923738828136e-01 2.496265701145352831e-02
7.125227017171384958e-01 2.545707474929295722e-02
7.052546863608374350e-01 2.595973516790905586e-02
6.979824363140233467e-01 2.646994696910603267e-02
6.907059324466574557e-01 2.698701657170576862e-02
6.834249960458160800e-01 2.751025904346732220e-02
6.761397006190529302e-01 2.803896863067720582e-02
6.688499287868399090e-01 2.857245046513910355e-02
6.615556031827287686e-01 2.911000405153836568e-02
6.542567445625309119e-01 2.965091880420510362e-02
6.469531929109264556e-01 3.019449467358406233e-02
6.396449564911133034e-01 3.074001628028126196e-02
6.323320093900810512e-01 3.128676788232916811e-02
6.250173053040490867e-01 3.183380809795591238e-02
6.177071757698435750e-01 3.237994208666827856e-02
6.104018944943599978e-01 3.292443044542428532e-02
6.031014652625658057e-01 3.346655687183912320e-02
5.958057305628794431e-01 3.400561990500263615e-02
5.885147121995076835e-01 3.454090763711199774e-02
5.812283306239440783e-01 3.507171851194489792e-02
5.739464698043446056e-01 3.559735636694616456e-02
5.666692032243388910e-01 3.611711420113110360e-02
5.593963522114544507e-01 3.663030592502179023e-02
5.521278969516622004e-01 3.713623680607710392e-02
5.448638291822119895e-01 3.763421422680703066e-02
5.376039964657040038e-01 3.812355817665732255e-02
5.303484528948381183e-01 3.860357737834874819e-02
5.230970646076660291e-01 3.907359590756726703e-02
5.158497770609427047e-01 3.953293514861246083e-02
5.086066085530553949e-01 3.998091472689575820e-02
5.013673918401481133e-01 4.041686844672118251e-02
4.941321827596144023e-01 4.084011916521634866e-02
4.869008479585837934e-01 4.125000373133071857e-02
4.796733409928273240e-01 4.164585637325476930e-02
4.724496625692989893e-01 4.202701155794152932e-02
4.652296517089730132e-01 4.239281484473696182e-02
4.580133022471395421e-01 4.274260615010970488e-02
4.507972415802570243e-01 4.307605420430192511e-02
4.435788261518658904e-01 4.339336011239167123e-02
4.363580805166239474e-01 4.369471862354241953e-02
4.291350861857106125e-01 4.398032220213565074e-02
4.219098697700128797e-01 4.425036571108998534e-02
4.146825355221659404e-01 4.450504129276550147e-02
4.074531157080223953e-01 4.474454399227192902e-02
4.002216907501843779e-01 4.496906739472716213e-02
3.929883262092678242e-01 4.517880588710459361e-02
3.857530649015770141e-01 4.537395470785035578e-02
3.785160033191231621e-01 4.555470788689671563e-02
3.712771679016594328e-01 4.572126150113331455e-02
3.640366526053157026e-01 4.587381022356237792e-02
3.567945108940764332e-01 4.601254994037604074e-02
3.495507977738308569e-01 4.613767667624324442e-02
3.423056038479667107e-01 4.624938611675877276e-02
3.350589515891302939e-01 4.634787524882977294e-02
3.278109445086884177e-01 4.643334011805551331e-02
3.205622437043202377e-01 4.650596549987233430e-02
3.133204189271299178e-01 4.656533668643825230e-02
3.060882553770264414e-01 4.661016613632183725e-02
2.988660411475423384e-01 4.663911061667785907e-02
2.916534925566036662e-01 4.665084041734457454e-02
2.844508339379083206e-01 4.664403463204842837e-02
2.772579602162953405e-01 4.661738344210786950e-02
2.700748965606347141e-01 4.656958717532584668e-02
2.629017347164920859e-01 4.649935736894499766e-02
2.557383125397202916e-01 4.640541308464894016e-02
2.485848891750277456e-01 4.628648884426591475e-02
2.414411731167297737e-01 4.614132059090811366e-02
2.343074703242024603e-01 4.596866520471153128e-02
2.271835022900046130e-01 4.576727639058237457e-02
2.200694907531727529e-01 4.553593009162420352e-02
2.129652548801342915e-01 4.527339977255463027e-02
2.058709207133264107e-01 4.497847841817206871e-02
1.987863769037834794e-01 4.464995902753912671e-02
1.917116795875084545e-01 4.428665054637370702e-02
1.846475321073811071e-01 4.388739269723455211e-02
1.775977250124211315e-01 4.345089615668099037e-02
1.705634447708345436e-01 4.297545483502641234e-02
1.635453691507114671e-01 4.245934631296992973e-02
1.565440479174358968e-01 4.190086090419483517e-02
1.495601972427353654e-01 4.129832399672762194e-02
1.425942647447257239e-01 4.065005970304516603e-02
1.356470610556255729e-01 3.995444709088404739e-02
1.287188679189265883e-01 3.920983420953391696e-02
1.218114710071374895e-01 3.841475692486499838e-02
1.149449261107489129e-01 3.756888013188098424e-02
1.081331111232923109e-01 3.666862854723251103e-02
1.013755420088870846e-01 3.570853291323870804e-02
9.467286425638382630e-02 3.468348205839719145e-02
8.802619345183700095e-02 3.358866157281489850e-02
8.143486481378721387e-02 3.241916405768170695e-02
7.489934758781427449e-02 3.117043998243704608e-02
6.842043548147225263e-02 2.983819327198162716e-02
6.199723262165440785e-02 2.841793980220886154e-02
5.566931711747130640e-02 2.691377679965325717e-02
4.951662967452021002e-02 2.533203923862888118e-02
4.354638625692231618e-02 2.366060133808078197e-02
3.775742442412332450e-02 2.188754271905492266e-02
3.214838417960957234e-02 2.000272532862092806e-02
2.671782203756628560e-02 1.799755682086062042e-02
2.146144268947183104e-02 1.586359446343724167e-02
1.637436346802205803e-02 1.359283824921076432e-02
1.145080120617722116e-02 1.117719204398235668e-02
7.434885572084265828e-03 9.019427585495181851e-03
5.219093675965889335e-03 7.619839350383415637e-03
3.750719634541358708e-03 6.462652584878317806e-03
2.625279162702047909e-03 5.346577733699035481e-03
1.718780088146153618e-03 4.200883968065147016e-03
1.008383585045745422e-03 3.037308655393242997e-03
5.288002608859576452e-04 1.992665430911216232e-03
2.222855441491800510e-04 1.027258207909492217e-03
8.056318651999322454e-05 2.340352726459642954e-04
5.099933091357204072e-05 -4.236961653245820852e-04
1.117921729119592900e-04 -1.064033650504723257e-03
2.394375399438320004e-04 -1.602962689769593316e-03
4.101867620732020615e-04 -2.057297847242154070e-03
6.333978177160363293e-04 -2.481066233538869754e-03
9.078483772072330586e-04 -2.868285682544616678e-03
1.297139682224001788e-03 -3.274765425483985512e-03
1.779311077523795543e-03 -3.651189037015523890e-03
2.317592804378531060e-03 -3.978035809911619966e-03
3.543350710136383089e-03 -4.536510828012559234e-03
6.605281271693573195e-03 -5.625892825699361707e-03
1.126119158070466343e-02 -7.048636975627957379e-03
1.607366342049167465e-02 -8.261828320619566193e-03
2.108404820855641973e-02 -9.280671920684548451e-03
2.631409071905719058e-02 -1.011444366567816611e-02
3.180474941525809895e-02 -1.077651940362618806e-02
3.759477931291235753e-02 -1.128166427082909033e-02
4.372376481028259626e-02 -1.164981830975546015e-02
5.024566528568867596e-02 -1.191052553151467595e-02
5.722592243813651863e-02 -1.210758995236717143e-02
6.440794819037516661e-02 -1.227929602235703667e-02
7.159610739144661729e-02 -1.242886928073187909e-02
7.878941184705429146e-02 -1.255706424845565855e-02
8.598795687948232458e-02 -1.266466596283826254e-02
9.319178465562713565e-02 -1.275246187351809259e-02
1.004008680219719007e-01 -1.282124249468575769e-02
1.076153738977366908e-01 -1.287180382261177841e-02
1.148351811635735242e-01 -1.290494335389551564e-02
1.220604751372611763e-01 -1.292146419785065135e-02
1.292911835632527540e-01 -1.292217220092086415e-02
1.365273743239800441e-01 -1.290787756193268777e-02
1.437691266659345823e-01 -1.287939403322483842e-02
1.510163621187706473e-01 -1.283754001161873867e-02
1.582692856364098510e-01 -1.278313626107118080e-02
1.655277746907034275e-01 -1.271700964438256774e-02
1.727919306592947124e-01 -1.263998946218946977e-02
1.800618098254153643e-01 -1.255290921946681203e-02
1.873373463021817398e-01 -1.245660806785885318e-02
1.946183068457224552e-01 -1.235192589545966620e-02
2.019011397161962484e-01 -1.223947389840163852e-02
2.091848472046883289e-01 -1.211943813236278020e-02
2.164694406687405481e-01 -1.199196139565269180e-02
2.237549010443206365e-01 -1.185718714009616377e-02
2.310412510218744497e-01 -1.171525817998481447e-02
2.383284774125170313e-01 -1.156631811340913876e-02
2.456165776816174318e-01 -1.141051047718961292e-02
2.529055735425909668e-01 -1.124797838645658771e-02
2.601954407373148204e-01 -1.107886608630507738e-02
2.674861960421414664e-01 -1.090331702341673301e-02
2.747778377542761108e-01 -1.072147517613458549e-02
2.820703533296939902e-01 -1.053348493442364878e-02
2.893637708280082377e-01 -1.033948975429081762e-02
2.966580658013380223e-01 -1.013963458258787531e-02
3.039532461965863686e-01 -9.934063639768668519e-03
3.112493237243945110e-01 -9.722921132703550226e-03
3.185462791709299801e-01 -9.506352284619318596e-03
3.258441331856006262e-01 -9.284501270281821789e-03
3.331428758769766629e-01 -9.057513288275045871e-03
3.404425001983658050e-01 -8.825533595308349480e-03
3.477430331982883094e-01 -8.588706471089448471e-03
3.550444480581626538e-01 -8.347178046804713120e-03
3.623467570761242373e-01 -8.101093313053989164e-03
3.696499668442166375e-01 -7.850597549613454532e-03
3.769540608213879374e-01 -7.595836956893660570e-03
3.842590611371424769e-01 -7.336956513667872506e-03
3.915649546103653345e-01 -7.074102552510656665e-03
3.988717368511387473e-01 -6.807421233364436414e-03
4.061794328616618044e-01 -6.537057752163681797e-03
4.134880169951393181e-01 -6.263159289251619966e-03
4.207975015231580351e-01 -5.985871748511229808e-03
4.281078928240217296e-01 -5.705341361415746347e-03
4.354191746300524191e-01 -5.421715354784273702e-03
4.427313681444844384e-01 -5.135139628369199925e-03
4.500444618060159829e-01 -4.845761474554859463e-03
4.573584490316113804e-01 -4.553728126121462175e-03
4.646733576920615838e-01 -4.259185554060607691e-03
4.719896845468300461e-01 -3.962282001809350543e-03
4.793082684316679054e-01 -3.663282423996881351e-03
4.866291802241254905e-01 -3.362532989585904648e-03
4.939523884776251261e-01 -3.060384833068919164e-03
5.012779461559069283e-01 -2.757186302990567110e-03
5.086058558472555946e-01 -2.453288510436922414e-03
5.159358904584757655e-01 -2.149052794338440330e-03
5.232647205907525745e-01 -1.844969796741538536e-03
5.305911551859728847e-01 -1.541441142501130636e-03
5.379152134510213346e-01 -1.238817549291008208e-03
5.452368549605417503e-01 -9.374515021862348235e-04
5.525561541685681810e-01 -6.376900629186460978e-04
5.598731005960140283e-01 -3.398831091431621441e-04
5.671876905258814716e-01 -4.437953765747725877e-05
5.744999802077606077e-01 2.484748536137685844e-04
5.818099384885738745e-01 5.383314341338149090e-04
5.891176021643272920e-01 8.248449776179084258e-04
5.964230073994045700e-01 1.107670869210527608e-03
6.037261004990206459e-01 1.386461713938254726e-03
6.110269625648200309e-01 1.660875973587235595e-03
6.183255843356167958e-01 1.930569308031071171e-03
6.256219581472185487e-01 2.195198163141340048e-03
6.329161427616561975e-01 2.454422053193748825e-03
6.402081029506851984e-01 2.707897791846847983e-03
6.474978817473520110e-01 2.955285639621553842e-03
6.547855057003841850e-01 3.196245884935405238e-03
6.620709334982067817e-01 3.430437279133970001e-03
6.693542412142901021e-01 3.657523047858372411e-03
6.766354068573143810e-01 3.877163919975540503e-03
6.839144461596791125e-01 4.089022505925344469e-03
6.911914070268146970e-01 4.292762947152379410e-03
6.984662369547707250e-01 4.488047243460384014e-03
7.057390124102633777e-01 4.674541590502612025e-03
7.130097233801437895e-01 4.851910471051271850e-03
7.202783690071019596e-01 5.019819339496397158e-03
7.275450062331699774e-01 5.177935593651285077e-03
7.348095876786067127e-01 5.325924984235818824e-03
7.420721984659000015e-01 5.463456950068504986e-03
7.493330238735808058e-01 5.590218705596277683e-03
7.565920829792803781e-01 5.705918282680089333e-03
7.638493875634042585e-01 5.810265811093200637e-03
7.711048546495642420e-01 5.902970521599476723e-03
7.783585004043089839e-01 5.983743513852004051e-03
7.856102813206760072e-01 6.052295568412247896e-03
7.928601528571828094e-01 6.108338050237295709e-03
8.001081261545770484e-01 6.151583211168853635e-03
8.073541144034905859e-01 6.181743189271357228e-03
8.145981417107979183e-01 6.198531194336508870e-03
8.218401558643763094e-01 6.201660572471534051e-03
8.290801234759312965e-01 6.190845292058784650e-03
8.363180496088797877e-01 6.165799678593312204e-03
8.435538446787232969e-01 6.126238889702899024e-03
8.507875439629539738e-01 6.071878002573153667e-03
8.580190804236074165e-01 6.002433144079761737e-03
8.652484399035323959e-01 5.917620576089245923e-03
8.724756079175534085e-01 5.817156930111963553e-03
8.796972494352197636e-01 5.700732518484546117e-03
8.869013861912604657e-01 5.566909404750176177e-03
8.940857269777174876e-01 5.413111368082997206e-03
9.012506409257994289e-01 5.236729772137183915e-03
9.083957848801037516e-01 5.035212618758452309e-03
9.155212124751846980e-01 4.806038924819414082e-03
9.226268521005388523e-01 4.546730309637409158e-03
9.297125580626424135e-01 4.254850671973385914e-03
9.367784244918886394e-01 3.927992119976526052e-03
9.438242201906784645e-01 3.563798690354544763e-03
9.508501024488513753e-01 3.159931664440591460e-03
9.578558655992635007e-01 2.714107471661542613e-03
9.648416312222289903e-01 2.224057693323193332e-03
9.718073263144482166e-01 1.687559506435721852e-03
9.787529427696953777e-01 1.102418841752674915e-03
9.856786416031844134e-01 4.664573854655624466e-04
9.925841978856635439e-01 -2.224373503081045981e-04
9.994700995238444685e-01 -9.664203880896330822e-04
