bo_refine _0_-3.0_0.65F
9.999967159705611675e-01 1.511294274889639962e-04
9.927963293709732850e-01 5.255120193934429123e-04
9.855914692231703134e-01 9.118305414499152609e-04
9.783819821471047007e-01 1.309356249434567637e-03
9.711678480198521202e-01 1.717350152133099170e-03
9.639490545860029957e-01 2.135069380938436467e-03
9.567254360709094296e-01 2.561776783718060918e-03
9.494970780613514183e-01 2.996717181160913398e-03
9.422638161106756671e-01 3.439146944238474432e-03
9.350256557847079764e-01 3.888308928541865835e-03
9.277825689468119919e-01 4.343444590012331651e-03
9.205343934785246152e-01 4.803800532490945865e-03
9.132812094897326816e-01 5.268604658818658998e-03
9.060228675752394212e-01 5.737096081219950593e-03
8.987593450189066413e-01 6.208502423332538586e-03
8.914906497058214807e-01 6.682045844012505890e-03
8.842165722944310691e-01 7.156959227546601417e-03
8.769400186198520464e-01 7.632268599637941076e-03
8.696681496772455944e-01 8.106720671674009365e-03
8.624016072041869041e-01 8.579490752455754335e-03
8.551401046260472816e-01 9.049826987206304948e-03
8.478836330674658361e-01 9.516981560438793342e-03
8.406320634702924011e-01 9.980219977801652390e-03
8.333853288556327676e-01 1.043880681766252115e-02
8.261434728467291766e-01 1.089200285362893102e-02
8.189063140402634833e-01 1.133908608510176413e-02
8.116739004889164111e-01 1.177932330028546963e-02
8.044461280549821680e-01 1.221199378497486721e-02
7.972229167444472298e-01 1.263637826986237916e-02
7.900043145695547775e-01 1.305175310438820915e-02
7.827901367116825160e-01 1.345741112592285273e-02
7.755804465413982385e-01 1.385263402899147844e-02
7.683751150113857786e-01 1.423671729402356360e-02
7.611740975905717521e-01 1.460895460386058865e-02
7.539773971009821052e-01 1.496864031948289681e-02
7.467848491722388626e-01 1.531508004406388623e-02
7.395965556810318864e-01 1.564756940084976317e-02
7.324123137525231364e-01 1.596542131762765035e-02
7.252272024577498533e-01 1.626823722380835516e-02
7.180082603164886779e-01 1.655962104746803651e-02
7.107477452136682361e-01 1.684555221011098738e-02
7.034751452818689410e-01 1.713091296255948512e-02
6.962419418179879305e-01 1.741977099751087707e-02
6.890508156442185506e-01 1.771793042870427326e-02
6.819010230606613598e-01 1.803113100868845853e-02
6.747922711142847474e-01 1.836490368251641331e-02
6.677245242315785756e-01 1.872458234108780734e-02
6.606962407573011564e-01 1.911540708973356872e-02
6.536704683225151857e-01 1.954278374305005311e-02
6.466150618064741007e-01 2.000567387177447365e-02
6.395284889860344268e-01 2.049985145162338748e-02
6.324105745016578295e-01 2.102087742230474010e-02
6.252597722751995768e-01 2.156428353190819810e-02
6.180762231807548357e-01 2.212534228801080541e-02
6.108581394373767681e-01 2.269933690664333037e-02
6.036059712215160467e-01 2.328123147543600599e-02
5.963532023308286689e-01 2.386319905562287597e-02
5.891273078889721626e-01 2.443811073170831794e-02
5.819050175083797516e-01 2.500569092517980138e-02
5.746841424259625519e-01 2.556579575855182085e-02
5.674646461836190259e-01 2.611814259169534594e-02
5.602465345223766047e-01 2.666244594528101308e-02
5.530298304403838960e-01 2.719841956813522782e-02
5.458144905396865587e-01 2.772578260610078157e-02
5.386005670505579213e-01 2.824424765547365462e-02
5.313880163162971737e-01 2.875353475658742886e-02
5.241768528437328323e-01 2.925336020627644640e-02
5.169670893698166125e-01 2.974344096793522796e-02
5.097586872136163905e-01 3.022349793584060487e-02
5.025517063550073438e-01 3.069324589640267179e-02
4.953460882451928837e-01 3.115240791951979019e-02
4.881418636246848686e-01 3.160070170963523439e-02
4.809390272739444971e-01 3.203784778011867923e-02
4.737375570725523843e-01 3.246356806660518485e-02
4.665374999000838074e-01 3.287758091731034921e-02
4.593387974900685622e-01 3.327961124041451529e-02
4.521411534099866181e-01 3.366941085123008326e-02
4.449440320871546617e-01 3.404682524572675423e-02
4.377474189459449883e-01 3.441170063948475327e-02
4.305513244048640997e-01 3.476388213145865241e-02
4.233557244856761548e-01 3.510321662899964362e-02
4.161606535540736673e-01 3.542954841596795273e-02
4.089660770452573924e-01 3.574272510617005488e-02
4.017720148799788227e-01 3.604259198092679695e-02
3.945784590214478360e-01 3.632899569823032360e-02
3.873854028519339021e-01 3.660178294507721725e-02
3.801928644196396756e-01 3.686079963446291935e-02
3.730008152608453309e-01 3.710589349990424390e-02
3.658092862786077593e-01 3.733691034510468187e-02
3.586182487526173857e-01 3.755369809632080891e-02
3.514277166091037685e-01 3.775610343413884212e-02
3.442376862001824134e-01 3.794397373237223814e-02
3.370481463317200332e-01 3.811715664937763426e-02
3.298591179515535377e-01 3.827549921596416771e-02
3.226706292767330120e-01 3.841884856480221738e-02
3.154851633718452342e-01 3.854687702132552490e-02
3.083045280265890864e-01 3.865887827728580611e-02
3.011289018348890512e-01 3.875410574991582785e-02
2.939583736322139984e-01 3.883181779511025306e-02
2.867930135219309284e-01 3.889127611742945051e-02
2.796330133927893979e-01 3.893174488957069912e-02
2.724783433303386015e-01 3.895249292843225991e-02
2.653292892892817889e-01 3.895279131809668838e-02
2.581857688654947691e-01 3.893191498912777770e-02
2.510480358406813606e-01 3.888914248267775348e-02
2.439160794816972733e-01 3.882375469358766845e-02
2.367900778351904045e-01 3.873503701843972885e-02
2.296700913519285070e-01 3.862227709671690185e-02
2.225562279425965517e-01 3.848476628680871231e-02
2.154486101426291433e-01 3.832179967206139626e-02
2.083472842156937621e-01 3.813267374670554349e-02
2.012524256141875745e-01 3.791669161596084719e-02
1.941640274905371277e-01 3.767315417639852809e-02
1.870834091170142099e-01 3.740140515717779029e-02
1.800211995376525542e-01 3.710039044217737503e-02
1.729818141468886517e-01 3.676759878027537065e-02
1.659643812892729331e-01 3.640023925212635542e-02
1.589693384262201026e-01 3.599563465046066307e-02
1.519958499717926903e-01 3.555108484057770829e-02
1.450442032900728095e-01 3.506400238745616127e-02
1.381137282141731426e-01 3.453178058198984324e-02
1.312044252920394893e-01 3.395190176695924572e-02
1.243159084927939750e-01 3.332185935577393343e-02
1.174482477815540354e-01 3.263922244146007928e-02
1.106039708652350462e-01 3.190182532659227577e-02
1.037852855782100264e-01 3.110751022457264314e-02
9.699544339879760668e-02 3.025429453675275437e-02
9.023667542053276369e-02 2.934013329956481134e-02
8.351163886500896638e-02 2.836308994024494198e-02
7.682330817703914017e-02 2.732134278938763705e-02
7.017372127902263279e-02 2.621299022131959311e-02
6.356566264537077959e-02 2.503631109591781048e-02
5.704476873624461652e-02 2.379701546874636586e-02
5.076980113742424194e-02 2.250931207092339223e-02
4.474457293581831502e-02 2.115080632273752537e-02
3.894573942692044349e-02 1.969841138181603613e-02
3.335082166128394005e-02 1.813248488610393408e-02
2.793809559031634748e-02 1.643551685315419036e-02
2.268664082967005932e-02 1.459107112235501907e-02
1.757798382038857493e-02 1.258356373974801531e-02
1.259305983459552136e-02 1.039646749390585323e-02
7.788437302376950352e-03 8.050535024895270897e-03
5.043628177621186509e-03 6.525921957085721939e-03
3.557951833310480250e-03 5.502111961265212028e-03
2.570165267051934075e-03 4.648837884054927636e-03
1.898452645534080959e-03 3.920496869059699949e-03
1.393111424383563276e-03 3.226883014379817484e-03
1.025981596682340501e-03 2.574096026162987251e-03
7.400931343899267486e-04 1.881702444844765695e-03
5.455919587377491310e-04 1.168588610156452625e-03
4.379778333789867352e-04 4.094740098388985252e-04
4.205116485738028854e-04 -3.064126171371283399e-04
4.782588354271811700e-04 -9.939941703601053603e-04
6.185474038774769253e-04 -1.668548619526719371e-03
8.348734329192825359e-04 -2.259969205137745893e-03
1.126817924924760923e-03 -2.772253777513136470e-03
1.492510533565771270e-03 -3.228970263306190497e-03
2.011965950345607004e-03 -3.712987845635849597e-03
2.800760705531122469e-03 -4.265073904397282192e-03
3.950902593432421318e-03 -4.886715833679751778e-03
6.342250993630975039e-03 -5.952163639337922779e-03
9.530484623696445709e-03 -7.093703545127324171e-03
1.308417569819227133e-02 -8.065469522810758685e-03
1.724400125391051947e-02 -8.906226418779956619e-03
2.242990103417190004e-02 -9.675508863162474854e-03
2.857975524816146196e-02 -1.041154882208104523e-02
3.493713362781907666e-02 -1.104631720722351086e-02
4.149039579003242773e-02 -1.159374211293803456e-02
4.824751927761519038e-02 -1.207382426322341738e-02
5.521021956611442405e-02 -1.251028201924703209e-02
6.223912520761225309e-02 -1.291253913358357715e-02
6.928012372727969381e-02 -1.328026011881078099e-02
7.633353492383652961e-02 -1.361493807135367475e-02
8.339907312616599844e-02 -1.391804973751483744e-02
9.047702246037117590e-02 -1.419111206043218755e-02
9.756713682671391830e-02 -1.443563461782275577e-02
1.046696242997054993e-01 -1.465315872864839629e-02
1.117843225019988090e-01 -1.484522827536477289e-02
1.189113221357494393e-01 -1.501341017323616807e-02
1.260505893651631959e-01 -1.515928319488083105e-02
1.332020554095091069e-01 -1.528444158994283521e-02
1.403658603173300046e-01 -1.539049897121258850e-02
1.475417329663049337e-01 -1.547907898583025105e-02
1.547300331170685939e-01 -1.555182966790858747e-02
1.619303653251148445e-01 -1.561040712229585896e-02
1.691429903947576641e-01 -1.565649065581987270e-02
1.763677490627017785e-01 -1.569177298398728715e-02
1.836046083487163916e-01 -1.571796517666670598e-02
1.908520518851756775e-01 -1.573675545972524209e-02
1.981018140252182591e-01 -1.574904088158654569e-02
2.053524370551892408e-01 -1.575497810052501127e-02
2.126039080437712725e-01 -1.575469659492207894e-02
2.198562276443475350e-01 -1.574832596948096824e-02
2.271094114003186226e-01 -1.573599589489683287e-02
2.343634391800251404e-01 -1.571783619536560109e-02
2.416183316599680719e-01 -1.569397670870611300e-02
2.488740779496144140e-01 -1.566454744883564662e-02
2.561306762265844750e-01 -1.562967851603411576e-02
2.633881447415823418e-01 -1.558949999729738328e-02
2.706464620045958558e-01 -1.554414229004587485e-02
2.779056467506418326e-01 -1.549373565906277464e-02
2.851656917196233598e-01 -1.543841062490474043e-02
2.924265910537144353e-01 -1.537829781597391948e-02
2.996883672953917221e-01 -1.531352771343061532e-02
3.069509968270877076e-01 -1.524423129716956024e-02
3.142144956614603690e-01 -1.517053929139005816e-02
3.214788617618661859e-01 -1.509258268148562163e-02
3.287440838198136261e-01 -1.501049266568977095e-02
3.360101898041047419e-01 -1.492440009141882996e-02
3.432771536494994558e-01 -1.483443653000081353e-02
3.505449877112898349e-01 -1.474073320270383354e-02
3.578136967717726047e-01 -1.464342150946413949e-02
3.650832661615740493e-01 -1.454263321622954568e-02
3.723537198803175130e-01 -1.443849965404882599e-02
3.796250396239242986e-01 -1.433115284572201303e-02
3.868972296411717360e-01 -1.422072459930453711e-02
3.941703031312348560e-01 -1.410734667491915506e-02
4.014442412796077608e-01 -1.399115143064209518e-02
4.087190633280924912e-01 -1.387227072468935271e-02
4.159947603347516898e-01 -1.375083696398211007e-02
4.232713268569959775e-01 -1.362698260858786863e-02
4.305487861119089432e-01 -1.350083972482956501e-02
4.378271143510951147e-01 -1.337254128713465107e-02
4.451063252667322723e-01 -1.324221972256986804e-02
4.523864208825625899e-01 -1.311000775782254768e-02
4.596673869469249385e-01 -1.297603852035651185e-02
4.669488988779792460e-01 -1.284043530931497194e-02
4.742305461271828504e-01 -1.270325040743999941e-02
4.815123234227501325e-01 -1.256450757300581721e-02
4.887942336192386272e-01 -1.242423041279671660e-02
4.960762735785833599e-01 -1.228244265207342235e-02
5.033584467161673626e-01 -1.213916789260563456e-02
5.106407522760014750e-01 -1.199442982025997369e-02
5.179231889495410357e-01 -1.184825213618676855e-02
5.252057618774871317e-01 -1.170065841473814060e-02
5.324884667805418470e-01 -1.155167242345323843e-02
5.397713059134426894e-01 -1.140131780111808095e-02
5.470542808363370035e-01 -1.124961820287061903e-02
5.543373890613688681e-01 -1.109659737163976381e-02
5.616206346232793800e-01 -1.094227891684811105e-02
5.689040155193250126e-01 -1.078668657807783406e-02
5.761875316705502570e-01 -1.062984405819854955e-02
5.834711870042358361e-01 -1.047177497632229178e-02
5.907549778511141936e-01 -1.031250311917678020e-02
5.980389070449623201e-01 -1.015205213558072715e-02
6.053229749802435666e-01 -9.990445730314705119e-03
6.126071797554426546e-01 -9.827707662856359841e-03
6.198915259605469741e-01 -9.663861550789163563e-03
6.271760104749541931e-01 -9.498931187554897349e-03
6.344606343209848731e-01 -9.332940277175551247e-03
6.417454003412866870e-01 -9.165912484647915567e-03
6.490303054126715931e-01 -8.997871614850751210e-03
6.563153528838081563e-01 -8.828841327200815520e-03
6.636005421124006043e-01 -8.658845376139133812e-03
6.708858717192194288e-01 -8.487907537208478487e-03
6.781713467852928945e-01 -8.316051437257568346e-03
6.854569632011797697e-01 -8.143300922521409108e-03
6.927427229619349536e-01 -7.969679698792522457e-03
7.000286279545433477e-01 -7.795211476907874977e-03
7.073146755377632822e-01 -7.619920079446292072e-03
7.146008695109185016e-01 -7.443829177534443640e-03
7.218872083239988857e-01 -7.266962574183178508e-03
7.291736914027082683e-01 -7.089344052601217680e-03
7.364603232142969969e-01 -6.910997275940810453e-03
7.437470998301232150e-01 -6.731946115699066584e-03
7.510340237424067977e-01 -6.552214289554659545e-03
7.583210960115657207e-01 -6.371825553133260781e-03
7.656083144140259922e-01 -6.190803746769940955e-03
7.728956831354549806e-01 -6.009172554880301553e-03
7.801831998472554819e-01 -5.826955827008213629e-03
7.874708647381603033e-01 -5.644177353536485899e-03
7.947586815300442531e-01 -5.460860839107060417e-03
8.020466466714686327e-01 -5.277030174352135422e-03
8.093347630005292004e-01 -5.092709092387271395e-03
8.166230308802595594e-01 -4.907921391730869949e-03
8.239114484403560201e-01 -4.722690930957887910e-03
8.312000201884459649e-01 -4.537041409739335680e-03
8.384887431465248842e-01 -4.350996721331767091e-03
8.457776181373835023e-01 -4.164580665609271884e-03
8.530666482667755846e-01 -3.977816987012099993e-03
8.603558302959843918e-01 -3.790729595692849709e-03
8.676451673445368939e-01 -3.603342242046976042e-03
8.749346592073312667e-01 -3.415678764907789568e-03
8.822243043028281662e-01 -3.227763041921153427e-03
8.895141073961627676e-01 -3.039618790287372443e-03
8.968040649891573235e-01 -2.851269943533896872e-03
9.040941784095346545e-01 -2.662740313946861375e-03
9.113844502762661337e-01 -2.474053683493050281e-03
9.186748775987663151e-01 -2.285233982527788525e-03
9.259654637134636657e-01 -2.096304980826838808e-03
9.332562079764384899e-01 -1.907290554440694598e-03
9.405471090303103576e-01 -1.718214601184143292e-03
9.478381718331840844e-01 -1.529100858288201612e-03
9.551293314054561945e-01 -1.339974880256692043e-03
9.624203553995016591e-01 -1.150866564626499156e-03
9.697112111673472645e-01 -9.618006266783492558e-04
9.770019024067202462e-01 -7.728008357502130950e-04
9.842924264992021222e-01 -5.838911217318702544e-04
9.915827853216580001e-01 -3.950952947588211219e-04
9.988729809496954548e-01 -2.064371567041486694e-04
